0
1
22
42
52
57
60
62
87
100
110
127
170
208
215
227
234
236
242
252
258
299
301
303
307
311
330
333
345
352
355
364
365
369
372
374
391
407
411
421
423
435
436
440
441
443
446
455
459
469
480
497
499
500
503
506
507
510
526
553
577
578
579
581
597
619
623
633
645
647
651
657
668
675
683
698
711
716
725
727
744
755
766
786
828
839
849
875
883
885
887
892
907
908
909
911
912
918
933
940
951
959
966
982
987
990
1000
1007
1030
1038
1041
1043
1053
1059
1066
1083
1089
1092
1102
1106
1148
1153
1157
1158
1165
1167
1170
1173
1182
1185
1187
1197
1218
1232
1251
1268
1283
1288
1305
1308
1318
1321
1323
1345
1350
1358
1384
1390
1393
1398
1399
1405
1430
1479
1487
1491
1494
1497
1501
1506
1520
1523
1531
1545
1562
1568
1570
1576
1595
1599
1604
1609
1614
1616
1621
1627
1635
1671
1707
1720
1732
1733
1791
1793
1841
1858
1859
1875
1879
1880
1903
1905
1912
1924
1931
1941
1959
1974
1984
2002
2013
2018
2030
2044
2051
2090
2146
2148
2150
2151
2152
2155
2166
2190
2195
2206
2209
2212
2215
2227
2235
2240
2252
2257
2258
2266
2279
2280
2285
2288
2294
2309
2312
2332
2343
2355
2391
2433
2460
2467
2469
2475
2487
2489
2490
2509
2554
2577
2592
2597
2608
2618
2620
2623
2627
2628
2629
2635
2650
2658
2663
2665
2688
2693
2707
2709
2733
2734
2739
2766
2778
2799
2801
2805
2808
2822
2837
2852
2868
2901
2941
2942
2944
2948
2950
2955
2977
2980
2997
3012
3022
3029
3035
3039
3042
3043
3044
3052
3058
3062
3063
3069
3071
3074
3081
3083
3090
3101
3106
3120
3124
3137
3146
3150
3164
3165
3175
3180
3183
3189
3190
3191
3200
3211
3214
3219
3242
3257
3264
3289
3294
3295
3300
3308
3319
3322
3329
3334
3340
3356
3369
3384
3392
3401
3403
3417
3429
3469
3471
3487
3491
3508
3511
3524
3544
3546
3551
3565
3586
3598
3599
3613
3624
3635
3639
3665
3677
3692
3703
3709
3722
3724
3731
3732
3737
3749
3761
3766
3787
3807
3811
3822
3824
3827
3835
3863
3878
3895
3950
3954
3956
3978
3981
3993
4034
4036
4051
4064
4069
4074
4076
4082
4088
4097
4122
4129
4133
4137
4138
4143
4164
4167
4172
4187
4192
4217
4218
4232
4243
4261
4271
4274
4295
4297
4302
4303
4316
4341
4344
4368
4396
4403
4406
4422
4426
4442
4445
4467
4475
4487
4495
4508
4518
4531
4539
4548
4550
4555
4568
4572
4576
4588
4600
4604
4617
4624
4631
4635
4637
4638
4645
4659
4661
4689
4691
4692
4729
4733
4743
4748
4762
4763
4767
4775
4779
4784
4789
4791
4793
4814
4835
4841
4843
4875
4897
4909
4930
4945
4947
4963
4966
4969
4976
4992
5012
5016
5025
5030
5034
5051
5063
5066
5074
5094
5100
5102
5103
5112
5113
5128
5137
5156
5167
5186
5188
5196
5197
5200
5214
5220
5221
5223
5235
5258
5270
5273
5298
5328
5341
5358
5364
5365
5380
5381
5425
5439
5441
5447
5482
5496
5499
5500
5501
5511
5513
5563
5587
5592
5593
5626
5630
5635
5646
5651
5658
5685
5689
5695
5696
5710
5756
5757
5770
5786
5794
5795
5801
5803
5808
5811
5819
5833
5839
5880
5881
5898
5900
5901
5903
5930
5932
5938
5960
5971
5989
6029
6049
6059
6106
6109
6127
6131
6163
6177
6178
6179
6184
6187
6193
6212
6213
6214
6218
6236
6245
6253
6271
6278
6281
6289
6306
6314
6338
6363
6367
6410
6412
6415
6426
6428
6435
6440
6449
6452
6455
6460
6477
6518
6543
6547
6566
6573
6583
6601
6603
6616
6622
6645
6649
6653
6680
6694
6699
6703
6719
6720
6736
6757
6761
6769
6776
6788
6796
6806
6818
6831
6849
6880
6881
6883
6886
6887
6906
6915
6920
6951
6962
6965
6980
6982
6984
6993
6997
7015
7029
7035
7054
7073
7091
7099
7113
7114
7117
7126
7147
7177
7183
7192
7193
7197
7205
7220
7235
7239
7242
7248
7258
7263
7278
7294
7303
7304
7306
7312
7315
7340
7344
7351
7356
7361
7364
7379
7385
7387
7390
7418
7421
7441
7448
7459
7468
7469
7473
7484
7494
7497
7498
7503
7505
7507
7513
7551
7553
7565
7602
7617
7618
7625
7634
7653
7664
7666
7686
7699
7702
7708
7720
7737
7758
7759
7761
7769
7780
7794
7800
7814
7820
7824
7826
7844
7849
7853
7865
7909
7910
7912
7937
7939
7947
7969
7978
7980
7982
7984
7986
8021
8029
8041
8045
8052
8063
8073
8082
8085
8089
8090
8096
8099
8105
8113
8143
8151
8162
8172
8173
8220
8233
8248
8257
8278
8289
8297
8304
8305
8324
8334
8339
8365
8402
8442
8490
8499
8513
8519
8536
8541
8550
8554
8557
8563
8566
8584
8585
8586
8591
8601
8609
8616
8640
8652
8665
8667
8680
8681
8682
8715
8736
8747
8753
8755
8768
8774
8777
8783
8803
8806
8810
8814
8820
8821
8839
8847
8856
8857
8860
8865
8866
8907
8949
8956
8966
8967
8968
8970
8994
8998
9000
9010
9056
9073
9076
9078
9085
9106
9113
9118
9122
9134
9158
9163
9166
9171
9172
9178
9179
9181
9196
9213
9215
9221
9224
9237
9238
9241
9268
9274
9276
9286
9297
9300
9308
9329
9331
9341
9348
9354
9358
9363
9393
9395
9414
9417
9418
9420
9424
9427
9431
9443
9445
9467
9471
9491
9501
9506
9511
9516
9520
9521
9526
9537
9538
9539
9541
9542
9553
9566
9568
9576
9585
9590
9617
9618
9623
9628
9642
9653
9662
9666
9667
9674
9685
9696
9698
9701
9702
9703
9705
9711
9719
9732
9736
9737
9745
9747
9750
9758
9760
9770
9784
9792
9800
9804
9808
9815
9816
9825
9834
9843
9847
9851
9853
9858
9860
9862
9869
9876
9878
9880
9941
9956
9990
9993
9998
10027
10029
10050
10065
10093
10094
10098
10116
10119
10134
10153
10158
10160
10200
10203
10206
10213
10214
10234
10256
10265
10307
10308
10310
10313
10324
10345
10372
10375
10389
10394
10395
10428
10430
10456
10457
10488
10511
10522
10528
10538
10551
10566
10573
10574
10580
10583
10594
10599
10603
10604
10621
10626
10632
10651
10652
10661
10668
10674
10692
10712
10716
10729
10731
10732
10734
10749
10750
10763
10764
10770
10775
10779
10782
10789
10791
10802
10819
10829
10833
10846
10857
10867
10869
10898
10910
10915
10917
10927
10936
10966
10971
10981
10996
11037
11045
11050
11057
11061
11078
11109
11131
11135
11136
11142
11163
11167
11180
11185
11189
11205
11229
11232
11238
11249
11265
11267
11269
11281
11286
11288
11302
11324
11332
11337
11354
11367
11397
11402
11413
11421
11424
11425
11444
11445
11459
11463
11488
11493
11494
11509
11530
11547
11558
11564
11573
11599
11603
11610
11634
11635
11642
11674
11685
11695
11700
11720
11729
11737
11738
11749
11758
11762
11785
11787
11799
11811
11825
11826
11829
11832
11840
11842
11853
11855
11863
11866
11871
11872
11878
11880
11890
11904
11908
11929
11935
11936
11952
11966
11967
11968
11971
11983
11990
11997
12000
12001
12002
12004
12009
12018
12021
12029
12046
12052
12076
12082
12093
12114
12126
12133
12139
12140
12144
12151
12152
12170
12173
12182
12183
12191
12196
12199
12208
12218
12219
12226
12240
12245
12248
12252
12256
12260
12276
12294
12302
12308
12322
12349
12356
12360
12362
12367
12385
12387
12410
12434
12445
12456
12462
12464
12478
12492
12515
12518
12525
12545
12551
12553
12577
12594
12610
12614
12616
12619
12623
12634
12638
12641
12644
12652
12694
12705
12726
12732
12739
12743
12755
12773
12774
12777
12780
12781
12786
12788
12795
12809
12815
12829
12838
12842
12843
12848
12855
12861
12872
12877
12883
12892
12896
12897
12902
12904
12911
12923
12926
12931
12977
12983
12989
12990
13006
13011
13022
13031
13035
13041
13044
13063
13069
13077
13081
13141
13145
13146
13173
13182
13195
13196
13198
13200
13218
13219
13227
13228
13234
13245
13250
13269
13273
13275
13284
13295
13301
13304
13312
13314
13377
13385
13399
13404
13405
13406
13418
13420
13432
13435
13439
13443
13449
13454
13457
13470
13471
13480
13481
13483
13499
13522
13548
13555
13587
13594
13610
13622
13627
13651
13654
13657
13663
13678
13689
13693
13696
13697
13698
13699
13722
13736
13741
13787
13836
13844
13850
13855
13861
13862
13868
13873
13880
13883
13904
13909
13915
13927
13957
13988
13993
14008
14022
14026
14030
14062
14067
14073
14078
14095
14101
14125
14131
14133
14134
14141
14144
14156
14176
14188
14195
14212
14219
14228
14233
14234
14243
14249
14264
14292
14302
14303
14304
14322
14331
14334
14341
14355
14365
14374
14393
14408
14415
14424
14438
14448
14459
14480
14492
14556
14560
14562
14563
14564
14580
14611
14618
14636
14656
14663
14671
14672
14692
14708
14721
14730
14734
14736
14781
14808
14810
14825
14826
14829
14838
14840
14846
14855
14860
14871
14872
14898
14921
14965
14978
14983
14984
14994
14998
15010
15015
15019
15023
15029
15041
15045
15048
15049
15063
15076
15077
15090
15097
15107
15117
15127
15138
15156
15159
15162
15164
15166
15170
15209
15225
15229
15236
15240
15245
15258
15274
15280
15284
15293
15294
15303
15316
15319
15320
15323
15328
15330
15338
15380
15391
15392
15406
15410
15411
15432
15434
15446
15468
15470
15478
15496
15498
15503
15519
15521
15522
15533
15545
15549
15559
15563
15567
15571
15573
15585
15610
15616
15619
15657
15690
15703
15706
15711
15725
15753
15759
15762
15764
15765
15776
15780
15785
15801
15811
15848
15863
15871
15875
15886
15921
15927
15928
15953
15961
15964
15974
15982
15991
15999
16000
16008
16018
16021
16026
16028
16037
16052
16062
16063
16064
16094
16100
16108
16116
16130
16154
16157
16160
16185
16186
16192
16209
16210
16214
16223
16227
16230
16234
16245
16247
16271
16272
16278
16294
16295
16307
16321
16339
16345
16361
16377
16380
16387
16392
16394
16408
16411
16437
16444
16487
16491
16493
16501
16513
16523
16542
16558
16563
16572
16600
16607
16608
16618
16624
16629
16633
16634
16643
16645
16658
16673
16691
16695
16704
16707
16714
16738
16764
16769
16777
16784
16798
16800
16847
16856
16859
16893
16903
16922
16935
16936
16942
16966
16967
16977
16978
16985
16992
17002
17019
17035
17051
17054
17059
17063
17065
17069
17075
17110
17116
17118
17120
17126
17127
17146
17168
17176
17182
17184
17185
17213
17214
17219
17224
17237
17251
17255
17279
17284
17288
17290
17293
17298
17300
17318
17327
17333
17352
17361
17364
17366
17381
17424
17472
17481
17482
17485
17490
17494
17510
17538
17545
17546
17547
17549
17558
17594
17619
17620
17632
17636
17653
17680
17682
17683
17686
17706
17731
17736
17746
17749
17750
17751
17764
17772
17774
17790
17791
17795
17796
17798
17808
17823
17829
17832
17840
17848
17882
17902
17907
17915
17930
17938
17941
17966
17970
17971
17981
17985
18007
18019
18026
18034
18056
18064
18071
18072
18097
18113
18121
18131
18142
18161
18163
18178
18186
18187
18198
18201
18214
18217
18225
18232
18246
18262
18263
18284
18294
18311
18314
18319
18329
18340
18349
18353
18356
18378
18394
18395
18398
18400
18421
18429
18436
18453
18456
18458
18465
18491
18498
18508
18516
18528
18530
18535
18539
18545
18551
18557
18571
18602
18608
18614
18620
18635
18638
18641
18647
18659
18662
18669
18687
18688
18692
18697
18709
18719
18724
18730
18733
18735
18753
18759
18767
18772
18775
18776
18781
18784
18785
18798
18803
18807
18812
18816
18845
18850
18851
18856
18861
18879
18889
18893
18900
18901
18923
18940
18968
18974
19001
19022
19037
19038
19046
19085
19095
19099
19111
19114
19119
19130
19131
19144
19149
19151
19153
19157
19160
19180
19185
19191
19209
19217
19219
19220
19226
19241
19265
19268
19280
19292
19301
19309
19324
19326
19332
19338
19343
19364
19365
19366
19375
19378
19380
19382
19383
19386
19387
19391
19394
19399
19404
19409
19425
19427
19447
19462
19468
19476
19477
19478
19487
19495
19498
19501
19503
19505
19510
19515
19522
19530
19533
19534
19542
19550
19556
19572
19581
19600
19615
19618
19624
19643
19652
19657
19667
19673
19683
19684
19689
19690
19692
19706
19708
19713
19718
19751
19773
19775
19799
19804
19825
19834
19863
19882
19891
19919
19958
19975
19995
19997
20015
20025
20031
20052
20056
20062
20070
20072
20075
20100
20103
20110
20112
20114
20122
20139
20148
20162
20170
20185
20190
20198
20207
20236
20244
20248
20258
20265
20267
20269
20273
20276
20290
20304
20330
20333
20340
20341
20346
20356
20371
20407
20409
20416
20488
20505
20512
20514
20522
20526
20537
20544
20604
20608
20621
20643
20655
20667
20689
20692
20727
20764
20771
20793
20794
20799
20815
20825
20829
20834
20850
20854
20870
20905
20906
20907
20925
20929
20939
20941
20969
20982
20985
20998
21019
21022
21024
21025
21043
21051
21080
21090
21101
21115
21131
21136
21137
21141
21161
21164
21183
21186
21200
21207
21217
21218
21241
21262
21275
21283
21287
21293
21300
21309
21315
21321
21333
21334
21364
21368
21373
21376
21379
21396
21402
21407
21420
21434
21459
21464
21471
21476
21502
21513
21514
21526
21534
21542
21544
21549
21579
21588
21599
21620
21623
21629
21644
21648
21670
21677
21687
21689
21694
21696
21715
21732
21749
21753
21770
21771
21773
21776
21788
21791
21807
21808
21815
21848
21849
21869
21875
21888
21895
21913
21919
21927
21931
21946
21949
21959
21962
21963
21980
21981
22005
22019
22034
22050
22056
22089
22095
22104
22111
22113
22120
22121
22136
22151
22168
22175
22177
22188
22191
22211
22243
22251
22257
22273
22276
22277
22286
22287
22306
22310
22312
22318
22334
22336
22351
22363
22367
22395
22413
22433
22446
22449
22462
22463
22466
22468
22480
22495
22511
22524
22526
22527
22531
22536
22558
22567
22568
22581
22598
22667
22673
22678
22682
22683
22695
22697
22701
22722
22729
22739
22741
22744
22762
22765
22787
22799
22812
22816
22828
22832
22835
22853
22864
22872
22892
22905
22909
22910
22914
22915
22921
22922
22932
22937
22940
22944
22946
22949
22953
22956
22977
22988
23002
23007
23010
23017
23028
23038
23053
23056
23062
23069
23091
23100
23109
23112
23119
23122
23154
23162
23165
23168
23171
23191
23195
23201
23213
23215
23216
23217
23228
23243
23244
23246
23255
23280
23287
23290
23301
23327
23333
23351
23357
23358
23365
23366
23368
23369
23371
23398
23403
23406
23407
23431
23438
23449
23453
23464
23479
23481
23484
23493
23508
23510
23512
23516
23525
23553
23556
23557
23561
23588
23592
23618
23619
23644
23646
23657
23663
23684
23686
23695
23705
23721
23730
23733
23736
23737
23739
23748
23749
23751
23761
23768
23775
23780
23790
23803
23806
23811
23822
23823
23825
23844
23850
23868
23869
23907
23911
23922
23924
23929
23948
23949
23961
23962
23964
23994
24004
24009
24018
24031
24042
24056
24075
24078
24094
24102
24112
24118
24137
24143
24154
24167
24182
24194
24196
24206
24209
24230
24234
24256
24261
24268
24287
24290
24292
24297
24298
24301
24308
24320
24322
24323
24327
24333
24338
24339
24344
24348
24386
24408
24409
24425
24448
24468
24469
24489
24498
24503
24507
24510
24528
24549
24561
24562
24573
24579
24603
24608
24620
24623
24629
24633
24644
24645
24654
24657
24658
24679
24689
24719
24722
24743
24752
24781
24789
24798
24811
24817
24834
24859
24880
24890
24893
24906
24918
24919
24929
24936
24940
24943
24944
24962
24968
24974
24979
24980
24981
24986
24988
24991
24996
25001
25018
25020
25022
25043
25045
25061
25062
25078
25087
25100
25107
25135
25137
25143
25151
25169
25173
25175
25190
25199
25202
25205
25207
25221
25228
25246
25258
25280
25292
25321
25323
25327
25353
25355
25356
25380
25387
25392
25394
25419
25421
25434
25452
25453
25468
25473
25476
25493
25499
25519
25535
25546
25548
25550
25551
25566
25580
25586
25597
25624
25633
25637
25655
25675
25677
25681
25704
25706
25708
25711
25712
25713
25716
25720
25722
25728
25730
25751
25752
25759
25772
25792
25806
25812
25814
25825
25844
25864
25885
25889
25917
25920
25921
25933
25947
25959
25968
25982
26010
26022
26037
26043
26058
26059
26064
26071
26107
26122
26131
26134
26150
26176
26180
26189
26214
26219
26224
26232
26242
26254
26272
26281
26304
26306
26313
26315
26317
26328
26346
26348
26350
26360
26380
26400
26402
26421
26427
26437
26446
26451
26463
26465
26474
26477
26480
26481
26483
26485
26489
26492
26493
26499
26500
26506
26510
26514
26520
26521
26539
26545
26549
26551
26578
26587
26601
26602
26617
26625
26634
26648
26649
26651
26655
26659
26662
26673
26680
26681
26717
26736
26743
26757
26760
26762
26774
26789
26803
26822
26830
26864
26865
26871
26872
26891
26895
26922
26924
26931
26935
26945
26979
26988
27012
27022
27025
27029
27031
27038
27044
27070
27073
27082
27086
27090
27108
27119
27120
27137
27140
27149
27174
27195
27209
27217
27224
27254
27267
27277
27294
27297
27301
27317
27327
27331
27378
27382
27387
27392
27395
27398
27403
27407
27427
27444
27450
27459
27460
27468
27493
27503
27507
27537
27543
27545
27559
27566
27580
27593
27599
27610
27614
27617
27622
27626
27632
27658
27671
27675
27676
27692
27699
27702
27710
27713
27720
27742
27746
27757
27780
27793
27796
27828
27831
27841
27890
27893
27896
27904
27910
27915
27931
27966
27971
27981
27987
28006
28011
28021
28022
28029
28037
28056
28064
28083
28085
28091
28098
28119
28131
28143
28150
28163
28171
28179
28182
28185
28190
28193
28194
28208
28232
28236
28243
28260
28265
28274
28278
28284
28287
28293
28299
28311
28316
28320
28326
28346
28354
28361
28368
28372
28398
28403
28410
28431
28438
28453
28458
28464
28485
28490
28497
28499
28552
28558
28562
28577
28579
28594
28637
28651
28656
28660
28665
28678
28694
28710
28743
28752
28761
28767
28772
28785
28788
28805
28807
28851
28867
28870
28884
28887
28895
28901
28908
28937
28940
28946
28964
28967
28970
28978
28985
28998
29007
29030
29045
29047
29068
29077
29085
29099
29105
29108
29122
29134
29136
29159
29169
29195
29208
29218
29222
29226
29230
29234
29237
29250
29254
29257
29272
29309
29310
29326
29327
29339
29343
29346
29349
29358
29359
29360
29364
29367
29368
29397
29407
29415
29424
29426
29427
29439
29448
29458
29460
29467
29496
29497
29526
29548
29562
29575
29579
29589
29622
29638
29657
29665
29675
29680
29681
29704
29705
29724
29727
29728
29731
29746
29749
29753
29787
29805
29815
29840
29842
29849
29870
29872
29893
29896
29911
29928
29929
29932
29949
29961
29968
29970
29972
29975
29976
29980
29986
30009
30012
30018
30038
30063
30072
30080
30083
30086
30089
30099
30109
30123
30134
30149
30162
30173
30192
30221
30239
30256
30261
30273
30286
30299
30310
30323
30329
30334
30337
30350
30369
30374
30381
30385
30392
30408
30411
30423
30424
30451
30454
30483
30492
30504
30507
30511
30515
30529
30531
30532
30545
30552
30556
30587
30589
30596
30603
30619
30645
30651
30675
30687
30700
30711
30712
30720
30737
30738
30756
30762
30786
30799
30802
30814
30838
30850
30873
30880
30886
30909
30913
30917
30936
30940
30965
31001
31006
31011
31017
31021
31025
31030
31036
31041
31049
31051
31052
31071
31083
31114
31122
31129
31134
31135
31142
31162
31174
31181
31192
31195
31203
31230
31231
31237
31245
31246
31253
31259
31277
31293
31304
31317
31322
31325
31329
31330
31332
31334
31347
31349
31391
31401
31414
31418
31433
31443
31464
31465
31475
31487
31495
31501
31520
31523
31529
31538
31543
31556
31569
31593
31597
31604
31606
31633
31658
31666
31680
31685
31696
31724
31730
31732
31733
31734
31743
31749
31751
31757
31772
31781
31793
31795
31798
31804
31810
31834
31837
31838
31839
31842
31844
31866
31873
31890
31903
31910
31916
31926
31937
31952
31958
31959
31962
31964
31973
31974
31985
31986
32003
32007
32008
32017
32022
32023
32043
32048
32060
32089
32097
32101
32106
32121
32146
32152
32179
32198
32219
32224
32232
32238
32239
32249
32266
32328
32342
32346
32354
32369
32370
32376
32379
32387
32391
32395
32406
32411
32412
32417
32423
32433
32461
32489
32493
32504
32506
32513
32543
32561
32569
32580
32600
32605
32644
32647
32648
32671
32679
32680
32705
32715
32725
32728
32730
32747
32750
32761
32769
32792
32803
32819
32841
32843
32855
32856
32861
32867
32869
32880
32884
32885
32887
32896
32897
32911
32912
32921
32922
32924
32925
32932
32956
32959
32974
32976
33017
33023
33025
33028
33047
33063
33081
33091
33116
33125
33134
33137
33158
33159
33177
33190
33202
33208
33230
33232
33241
33243
33253
33256
33260
33279
33310
33313
33314
33317
33319
33327
33335
33347
33353
33354
33359
33365
33371
33397
33415
33416
33419
33433
33450
33460
33487
33502
33525
33539
33569
33576
33594
33596
33600
33607
33610
33612
33628
33629
33639
33646
33651
33662
33684
33685
33687
33702
33730
33735
33756
33772
33780
33787
33825
33830
33854
33856
33863
33868
33873
33880
33884
33887
33891
33896
33900
33907
33925
33932
33953
33966
33969
33983
34025
34030
34035
34041
34066
34068
34084
34089
34113
34120
34130
34144
34147
34153
34166
34168
34175
34206
34208
34215
34216
34230
34237
34258
34270
34276
34284
34289
34310
34313
34316
34324
34326
34328
34339
34365
34367
34373
34374
34375
34381
34384
34394
34397
34429
34438
34441
34464
34475
34490
34519
34531
34540
34544
34558
34561
34566
34573
34594
34596
34597
34598
34621
34627
34633
34670
34709
34721
34725
34745
34771
34775
34791
34803
34822
34824
34844
34859
34862
34863
34873
34874
34893
34919
34921
34924
34925
34931
34942
34976
34981
34982
34993
34997
35021
35033
35036
35040
35046
35068
35076
35079
35088
35090
35094
35108
35109
35110
35111
35115
35128
35135
35143
35149
35154
35167
35168
35188
35192
35210
35217
35220
35221
35224
35225
35282
35283
35292
35294
35300
35306
35313
35321
35325
35341
35345
35359
35370
35390
35393
35401
35410
35415
35416
35418
35426
35428
35443
35445
35451
35458
35463
35468
35476
35497
35519
35520
35528
35547
35565
35571
35575
35585
35590
35604
35606
35609
35630
35635
35641
35647
35670
35676
35681
35697
35713
35732
35763
35765
35778
35821
35834
35838
35840
35841
35857
35862
35882
35884
35886
35890
35896
35903
35908
35932
35934
35945
35954
35957
35974
35991
35998
36002
36020
36021
36033
36039
36049
36064
36065
36080
36081
36085
36089
36108
36110
36117
36138
36159
36163
36171
36181
36197
36198
36214
36216
36231
36261
36262
36291
36306
36308
36313
36315
36336
36343
36355
36360
36366
36370
36388
36391
36400
36430
36434
36438
36442
36447
36452
36459
36488
36490
36493
36528
36533
36537
36546
36555
36560
36569
36579
36603
36611
36615
36616
36639
36654
36670
36671
36683
36686
36696
36701
36703
36708
36747
36758
36769
36786
36792
36805
36807
36808
36811
36819
36821
36829
36833
36840
36842
36854
36866
36879
36881
36887
36894
36895
36904
36923
36927
36959
36988
36989
36998
37022
37028
37044
37045
37052
37056
37068
37070
37083
37097
37098
37105
37110
37131
37152
37161
37202
37218
37232
37235
37238
37251
37258
37267
37275
37281
37293
37309
37316
37325
37335
37346
37362
37372
37379
37384
37385
37392
37395
37419
37423
37424
37427
37430
37433
37436
37438
37446
37457
37468
37494
37505
37518
37539
37542
37544
37553
37562
37565
37567
37575
37579
37584
37593
37603
37607
37648
37652
37665
37668
37678
37687
37688
37698
37699
37701
37702
37707
37715
37725
37727
37729
37733
37734
37748
37753
37762
37788
37789
37811
37858
37869
37878
37885
37901
37907
37910
37916
37921
37927
37944
37949
37959
37968
37976
37996
38018
38023
38029
38062
38066
38083
38087
38089
38096
38111
38122
38131
38132
38136
38150
38152
38154
38168
38181
38201
38221
38241
38246
38248
38257
38266
38270
38272
38284
38295
38298
38343
38360
38361
38369
38374
38392
38393
38396
38401
38410
38416
38430
38436
38437
38438
38441
38445
38469
38482
38488
38489
38495
38498
38517
38535
38538
38540
38543
38554
38562
38565
38567
38594
38596
38600
38617
38623
38630
38631
38633
38637
38645
38650
38651
38664
38667
38671
38674
38696
38698
38707
38735
38739
38747
38793
38835
38858
38868
38887
38890
38903
38905
38908
38935
38949
38972
38983
38993
38998
39006
39032
39045
39053
39056
39058
39059
39064
39133
39134
39150
39151
39154
39162
39186
39189
39203
39250
39260
39262
39263
39278
39279
39280
39281
39298
39303
39306
39310
39313
39321
39332
39350
39369
39371
39374
39378
39380
39385
39387
39391
39417
39424
39435
39436
39440
39442
39447
39453
39455
39456
39460
39468
39469
39513
39554
39562
39570
39593
39601
39602
39610
39621
39646
39666
39681
39710
39724
39725
39731
39739
39746
39750
39752
39767
39769
39776
39785
39793
39822
39829
39830
39838
39839
39884
39890
39892
39897
39904
39910
39927
39933
39937
39947
39949
39951
39962
39967
39969
39971
39987
39988
40005
40009
40012
40018
40019
40038
40047
40057
40064
40069
40071
40081
40087
40093
40097
40098
40105
40121
40149
40153
40156
40158
40181
40194
40207
40223
40224
40234
40249
40255
40268
40284
40285
40291
40311
40314
40324
40327
40328
40331
40335
40340
40341
40344
40346
40351
40368
40378
40397
40406
40407
40409
40417
40464
40465
40466
40472
40478
40489
40499
40507
40531
40535
40552
40558
40574
40579
40603
40627
40631
40645
40646
40652
40653
40656
40677
40704
40716
40718
40719
40728
40753
40769
40775
40783
40797
40799
40856
40858
40871
40884
40901
40906
40909
40919
40933
40941
40952
40959
40966
40990
40992
41002
41010
41017
41019
41023
41033
41041
41058
41060
41073
41077
41080
41093
41119
41128
41159
41171
41176
41198
41200
41207
41237
41241
41242
41244
41248
41250
41264
41268
41276
41284
41298
41299
41316
41317
41340
41345
41353
41355
41365
41412
41423
41443
41447
41456
41467
41498
41510
41515
41518
41519
41539
41540
41557
41558
41572
41584
41592
41596
41597
41615
41616
41621
41622
41633
41634
41640
41647
41657
41662
41676
41681
41689
41707
41724
41730
41740
41741
41760
41767
41770
41796
41805
41816
41818
41825
41826
41829
41832
41838
41840
41868
41893
41901
41911
41915
41923
41934
41947
41958
41968
41989
41996
41997
41998
42005
42009
42013
42018
42044
42045
42051
42062
42072
42074
42079
42092
42112
42116
42121
42126
42130
42136
42138
42155
42156
42172
42202
42207
42211
42225
42229
42230
42240
42261
42308
42321
42331
42332
42350
42351
42356
42360
42377
42390
42394
42397
42402
42436
42462
42497
42501
42505
42510
42514
42523
42527
42528
42530
42531
42533
42536
42541
42545
42553
42568
42570
42576
42578
42588
42593
42615
42617
42634
42637
42651
42652
42665
42688
42709
42723
42740
42746
42759
42767
42771
42775
42804
42819
42834
42842
42843
42846
42854
42861
42871
42875
42877
42893
42897
42910
42917
42920
42930
42947
42955
42963
42974
42985
42997
43009
43016
43042
43048
43078
43080
43083
43111
43130
43132
43133
43135
43140
43149
43154
43160
43161
43164
43168
43169
43183
43186
43187
43193
43198
43201
43202
43211
43227
43248
43251
43258
43260
43263
43265
43268
43272
43290
43293
43294
43303
43310
43316
43322
43330
43346
43366
43380
43402
43419
43424
43425
43430
43451
43452
43454
43471
43472
43473
43489
43496
43497
43513
43514
43528
43538
43543
43560
43565
43567
43570
43577
43582
43584
43587
43590
43621
43630
43632
43638
43657
43670
43671
43694
43702
43703
43713
43721
43724
43737
43746
43749
43754
43764
43788
43814
43824
43839
43844
43856
43867
43880
43882
43885
43900
43913
43914
43926
43930
43948
43955
43967
43981
43985
43989
43990
43995
43998
44003
44025
44027
44036
44045
44049
44060
44073
44090
44104
44119
44120
44139
44140
44161
44168
44178
44181
44184
44190
44191
44198
44208
44209
44220
44229
44233
44292
44308
44338
44339
44341
44348
44350
44355
44364
44380
44384
44398
44401
44406
44436
44445
44452
44464
44473
44478
44491
44492
44498
44523
44528
44531
44536
44541
44549
44558
44561
44566
44569
44586
44591
44596
44603
44609
44612
44630
44637
44641
44646
44661
44668
44669
44697
44703
44712
44740
44783
44786
44793
44816
44820
44858
44897
44929
44956
44967
44982
44990
45031
45048
45051
45063
45065
45076
45091
45109
45126
45154
45181
45198
45213
45224
45225
45235
45246
45270
45301
45306
45309
45325
45326
45344
45345
45373
45374
45376
45382
45394
45397
45399
45404
45411
45416
45417
45427
45430
45432
45442
45447
45456
45469
45489
45495
45509
45512
45516
45528
45533
45549
45560
45561
45564
45581
45584
45585
45588
45591
45617
45623
45637
45642
45645
45654
45661
45708
45718
45731
45734
45752
45757
45763
45765
45777
45781
45787
45792
45804
45805
45806
45824
45825
45826
45856
45862
45873
45877
45880
45894
45899
45917
45920
45950
45965
45968
45990
46000
46009
46020
46024
46037
46045
46047
46054
46058
46071
46076
46079
46090
46093
46101
46113
46126
46164
46165
46172
46182
46211
46215
46219
46241
46277
46286
46297
46301
46313
46336
46346
46347
46360
46367
46369
46370
46409
46411
46427
46431
46493
46520
46524
46551
46552
46571
46575
46577
46590
46603
46608
46609
46618
46625
46639
46640
46647
46652
46665
46666
46674
46702
46704
46706
46723
46735
46744
46750
46770
46777
46793
46827
46830
46831
46847
46871
46872
46883
46888
46889
46905
46913
46923
46941
46947
46954
46959
46967
46975
46984
46997
47007
47057
47080
47087
47160
47165
47171
47172
47184
47185
47203
47216
47220
47244
47247
47291
47294
47307
47337
47345
47352
47376
47382
47399
47405
47413
47423
47426
47431
47437
47457
47458
47462
47470
47474
47481
47498
47515
47538
47539
47547
47550
47554
47559
47564
47586
47600
47609
47618
47622
47624
47629
47632
47651
47652
47660
47670
47690
47704
47713
47718
47721
47730
47732
47775
47782
47790
47806
47809
47810
47813
47822
47823
47825
47828
47843
47847
47855
47859
47860
47873
47874
47887
47900
47922
47924
47947
47948
47958
47970
47975
47998
48000
48016
48022
48027
48035
48049
48053
48058
48081
48088
48093
48094
48095
48110
48129
48141
48163
48169
48176
48182
48186
48190
48194
48198
48210
48211
48212
48224
48228
48233
48250
48257
48259
48268
48280
48292
48300
48328
48338
48357
48366
48367
48369
48375
48384
48425
48430
48443
48463
48468
48476
48479
48506
48508
48531
48545
48552
48553
48567
48573
48588
48593
48602
48608
48611
48630
48633
48634
48641
48647
48652
48653
48655
48667
48675
48688
48691
48693
48700
48713
48723
48724
48743
48755
48759
48782
48787
48794
48798
48800
48803
48820
48823
48828
48832
48833
48834
48835
48851
48857
48859
48864
48867
48875
48884
48888
48892
48912
48915
48922
48943
48949
48960
48964
48970
48975
48986
49008
49013
49020
49027
49031
49044
49046
49055
49058
49063
49065
49075
49083
49086
49093
49107
49117
49122
49124
49127
49129
49133
49138
49143
49145
49152
49154
49171
49193
49202
49203
49204
49217
49241
49250
49256
49259
49262
49274
49276
49291
49296
49298
49307
49329
49349
49364
49370
49379
49398
49405
49408
49420
49437
49441
49459
49463
49464
49468
49475
49484
49507
49538
49563
49570
49589
49591
49592
49598
49602
49618
49620
49632
49653
49659
49667
49693
49694
49702
49711
49725
49730
49737
49747
49761
49766
49785
49793
49795
49798
49799
49823
49841
49842
49860
49861
49887
49931
49940
49941
49950
49952
49978
49987
49992
49994
49997
49998
50011
50024
50028
50058
50065
50066
50070
50071
50073
50074
50075
50079
50106
50116
50121
50142
50144
50149
50175
50178
50181
50199
50206
50219
50224
50232
50235
50242
50243
50244
50261
50262
50264
50270
50271
50272
50284
50287
50303
50304
50306
50314
50332
50343
50360
50369
50376
50378
50389
50391
50427
50428
50437
50441
50442
50457
50464
50468
50474
50490
50498
50503
50506
50525
50528
50531
50536
50540
50547
50555
50568
50573
50575
50580
50613
50617
50637
50643
50654
50675
50678
50686
50703
50718
50732
50733
50734
50748
50751
50752
50766
50774
50806
50807
50810
50822
50824
50827
50829
50831
50841
50866
50876
50877
50879
50892
50894
50895
50902
50912
50931
50934
50951
50956
50958
50960
50969
50977
50998
51012
51013
51014
51021
51024
51028
51044
51069
51072
51078
51103
51122
51132
51135
51143
51145
51153
51158
51168
51201
51202
51204
51225
51251
51261
51264
51267
51272
51298
51301
51332
51372
51380
51385
51387
51390
51399
51404
51417
51435
51442
51446
51457
51462
51477
51484
51495
51501
51505
51511
51513
51531
51545
51567
51586
51589
51607
51623
51625
51628
51653
51671
51696
51702
51715
51788
51801
51810
51814
51829
51830
51838
51847
51865
51884
51890
51914
51935
51957
51968
51979
51985
51986
51989
52019
52026
52036
52039
52050
52059
52077
52090
52094
52098
52104
52118
52123
52134
52155
52165
52169
52195
52201
52210
52226
52243
52251
52261
52272
52288
52302
52319
52332
52346
52347
52352
52356
52366
52375
52381
52393
52397
52415
52419
52423
52428
52434
52435
52472
52485
52488
52500
52509
52527
52528
52532
52533
52534
52536
52546
52558
52567
52568
52569
52572
52607
52611
52626
52633
52634
52649
52664
52674
52676
52679
52685
52702
52708
52712
52716
52717
52720
52747
52748
52750
52752
52760
52766
52769
52772
52789
52814
52830
52845
52855
52875
52888
52892
52909
52912
52914
52922
52924
52929
52944
52952
52960
52992
53022
53024
53028
53033
53034
53036
53037
53048
53050
53055
53062
53063
53082
53087
53106
53110
53119
53138
53166
53173
53180
53187
53191
53196
53211
53216
53218
53235
53248
53255
53259
53265
53268
53269
53270
53281
53285
53299
53301
53307
53309
53323
53344
53349
53355
53379
53392
53401
53407
53418
53429
53447
53449
53457
53520
53523
53541
53547
53560
53562
53564
53578
53609
53620
53622
53635
53641
53654
53684
53690
53691
53695
53722
53738
53746
53751
53752
53758
53766
53776
53792
53798
53803
53813
53818
53823
53850
53854
53888
53893
53895
53900
53911
53927
53931
53949
53957
53969
53971
53973
53986
54005
54013
54017
54019
54020
54034
54087
54093
54112
54115
54127
54128
54131
54141
54147
54154
54168
54170
54172
54180
54185
54187
54194
54198
54221
54225
54227
54233
54235
54239
54270
54276
54280
54285
54289
54312
54325
54332
54334
54343
54351
54352
54361
54362
54368
54371
54372
54376
54386
54394
54397
54400
54404
54410
54420
54428
54432
54444
54481
54489
54494
54499
54516
54524
54528
54537
54551
54573
54580
54587
54595
54606
54614
54616
54627
54640
54664
54671
54682
54708
54710
54713
54734
54737
54741
54750
54758
54759
54762
54768
54779
54812
54827
54834
54846
54853
54893
54894
54900
54916
54917
54918
54924
54944
54951
54963
54982
54997
55014
55022
55024
55033
55037
55043
55047
55059
55064
55067
55070
55088
55094
55095
55105
55122
55131
55142
55145
55152
55169
55202
55211
55213
55218
55234
55244
55248
55258
55263
55264
55267
55271
55272
55280
55286
55291
55298
55306
55314
55320
55346
55358
55366
55369
55370
55374
55379
55381
55412
55415
55428
55432
55442
55444
55451
55454
55465
55495
55499
55531
55536
55538
55540
55541
55544
55560
55573
55575
55589
55590
55591
55601
55613
55619
55627
55638
55641
55670
55681
55683
55684
55690
55692
55694
55699
55764
55765
55792
55812
55815
55823
55826
55849
55851
55852
55869
55877
55885
55886
55892
55908
55920
55932
55940
55959
55987
55998
56002
56011
56012
56013
56020
56021
56026
56061
56066
56068
56070
56083
56091
56095
56105
56114
56121
56132
56133
56137
56140
56144
56145
56157
56163
56164
56179
56189
56190
56216
56246
56253
56256
56257
56303
56309
56311
56316
56318
56324
56325
56332
56343
56347
56349
56358
56364
56373
56396
56418
56419
56420
56423
56429
56439
56440
56452
56462
56473
56502
56511
56514
56548
56569
56586
56610
56611
56613
56627
56632
56646
56650
56653
56659
56662
56670
56673
56682
56691
56700
56708
56711
56715
56724
56755
56764
56766
56803
56817
56820
56823
56826
56829
56840
56846
56866
56872
56907
56928
56931
56942
56951
56958
56976
56979
56981
56996
57005
57011
57019
57025
57026
57046
57054
57068
57071
57074
57091
57112
57144
57148
57154
57178
57189
57195
57197
57200
57202
57205
57206
57211
57233
57237
57242
57264
57271
57298
57299
57312
57315
57320
57331
57332
57335
57343
57351
57352
57371
57373
57383
57385
57387
57406
57439
57449
57460
57478
57485
57488
57496
57510
57520
57523
57525
57527
57543
57544
57551
57553
57559
57560
57566
57573
57588
57590
57595
57597
57613
57617
57634
57642
57653
57679
57684
57694
57697
57698
57720
57751
57752
57753
57758
57794
57805
57806
57815
57820
57832
57833
57837
57843
57845
57856
57858
57861
57867
57876
57892
57919
57922
57926
57949
57983
58006
58007
58017
58030
58046
58050
58053
58056
58057
58064
58085
58091
58103
58105
58114
58137
58142
58162
58174
58188
58212
58225
58229
58237
58248
58252
58253
58262
58265
58266
58269
58279
58284
58285
58288
58292
58293
58303
58315
58324
58333
58336
58338
58341
58342
58344
58349
58352
58353
58359
58361
58368
58369
58370
58374
58400
58413
58433
58437
58452
58461
58478
58484
58494
58518
58521
58543
58549
58560
58578
58591
58604
58611
58633
58637
58641
58643
58645
58656
58660
58673
58674
58678
58697
58698
58705
58706
58708
58709
58713
58715
58722
58740
58742
58744
58745
58746
58754
58758
58759
58762
58768
58770
58782
58789
58796
58812
58814
58824
58842
58849
58851
58853
58888
58895
58915
58917
58919
58939
58948
58958
58978
58979
59010
59031
59040
59047
59049
59055
59075
59091
59108
59118
59120
59154
59159
59172
59201
59207
59225
59234
59238
59239
59241
59245
59257
59258
59307
59309
59317
59337
59340
59354
59357
59393
59403
59425
59426
59430
59431
59447
59457
59488
59489
59528
59533
59547
59567
59579
59588
59591
59599
59604
59607
59638
59643
59650
59657
59671
59674
59678
59689
59690
59692
59718
59731
59734
59747
59791
59800
59808
59814
59821
59859
59866
59882
59893
59895
59902
59906
59928
59937
59954
59977
59983
59996
