6
10
11
18
23
26
36
44
51
55
71
84
99
147
168
182
190
197
218
220
228
233
246
249
251
253
257
260
261
272
281
318
324
329
331
376
379
392
395
400
415
419
422
424
427
444
452
468
473
483
485
487
493
495
504
513
516
519
521
535
536
557
560
585
590
594
602
617
625
636
642
643
649
662
670
676
701
722
728
731
735
740
760
770
771
773
775
826
833
835
836
837
847
868
869
889
893
899
915
928
931
945
960
961
964
977
980
983
989
1008
1010
1012
1013
1024
1044
1050
1065
1068
1077
1085
1108
1114
1115
1116
1117
1127
1142
1144
1166
1178
1183
1196
1211
1214
1220
1244
1292
1294
1296
1298
1301
1322
1326
1328
1330
1340
1342
1343
1354
1355
1374
1379
1402
1422
1423
1424
1425
1428
1443
1453
1457
1458
1465
1472
1508
1521
1524
1525
1526
1536
1541
1549
1553
1575
1582
1612
1629
1638
1641
1645
1649
1662
1668
1669
1676
1681
1686
1699
1726
1729
1735
1736
1753
1768
1777
1778
1789
1792
1798
1802
1812
1837
1842
1856
1857
1862
1871
1887
1889
1896
1908
1915
1940
1979
1999
2017
2022
2053
2057
2058
2119
2126
2139
2169
2170
2174
2181
2182
2184
2196
2208
2218
2255
2268
2275
2278
2284
2300
2306
2314
2319
2346
2390
2404
2417
2430
2436
2441
2461
2482
2486
2502
2511
2516
2528
2531
2534
2550
2568
2573
2582
2588
2589
2599
2630
2637
2657
2661
2668
2669
2674
2679
2689
2698
2702
2705
2742
2743
2752
2757
2758
2762
2764
2779
2780
2781
2814
2820
2823
2825
2835
2844
2849
2857
2858
2865
2869
2879
2885
2889
2903
2907
2908
2924
2930
2937
2945
2946
2951
2964
2986
2991
2996
3002
3007
3009
3016
3040
3066
3087
3094
3098
3099
3104
3109
3110
3133
3135
3142
3148
3151
3154
3172
3174
3178
3184
3195
3213
3217
3218
3220
3232
3233
3234
3254
3255
3256
3262
3266
3267
3268
3286
3291
3306
3309
3310
3337
3338
3346
3347
3357
3363
3368
3379
3383
3387
3389
3390
3394
3395
3398
3399
3413
3416
3418
3428
3436
3460
3464
3467
3506
3509
3515
3520
3534
3535
3547
3552
3554
3557
3559
3562
3566
3572
3588
3602
3616
3621
3637
3645
3646
3656
3682
3683
3695
3708
3740
3750
3752
3753
3754
3793
3797
3805
3818
3821
3825
3842
3846
3853
3858
3867
3872
3874
3875
3888
3906
3908
3917
3918
3941
3943
3953
3965
3979
3989
3992
3995
4004
4009
4038
4044
4066
4067
4108
4124
4146
4152
4154
4181
4184
4193
4214
4226
4236
4244
4256
4262
4272
4277
4283
4298
4300
4311
4320
4333
4337
4350
4370
4371
4376
4385
4394
4395
4402
4419
4424
4429
4432
4434
4511
4514
4515
4520
4523
4528
4542
4545
4561
4563
4567
4578
4602
4608
4623
4642
4669
4671
4696
4698
4700
4710
4727
4740
4747
4765
4785
4798
4799
4804
4819
4842
4848
4849
4880
4883
4886
4887
4888
4900
4903
4912
4948
4961
4970
4977
4995
4999
5004
5008
5009
5032
5052
5053
5054
5058
5064
5071
5075
5084
5088
5093
5096
5097
5101
5116
5117
5120
5123
5135
5140
5150
5161
5168
5172
5187
5202
5209
5210
5212
5213
5215
5216
5217
5218
5222
5226
5239
5244
5247
5255
5267
5275
5280
5287
5291
5304
5319
5326
5330
5340
5357
5360
5368
5372
5396
5403
5415
5436
5440
5449
5463
5465
5466
5476
5490
5498
5510
5522
5524
5525
5539
5543
5548
5552
5571
5576
5584
5585
5612
5661
5697
5712
5718
5735
5763
5768
5789
5790
5796
5797
5800
5804
5813
5817
5822
5823
5829
5849
5869
5872
5873
5892
5896
5914
5939
5942
5945
5948
5951
5954
5956
5972
5983
5988
5992
5994
5995
5999
6006
6011
6019
6025
6034
6035
6037
6039
6041
6055
6058
6064
6066
6097
6108
6114
6115
6123
6159
6171
6175
6176
6203
6222
6226
6230
6240
6268
6276
6279
6282
6287
6288
6293
6299
6302
6308
6312
6315
6321
6325
6326
6348
6355
6356
6380
6388
6397
6403
6406
6422
6443
6447
6464
6465
6481
6492
6495
6512
6520
6523
6532
6534
6535
6539
6545
6574
6577
6582
6591
6612
6669
6671
6683
6706
6707
6730
6763
6767
6773
6795
6799
6801
6809
6820
6836
6838
6839
6846
6847
6858
6860
6871
6888
6889
6892
6909
6913
6935
6953
6955
6958
6961
6963
6968
6970
6975
6990
6991
7006
7024
7042
7049
7050
7062
7082
7090
7093
7095
7106
7111
7119
7120
7130
7131
7143
7158
7189
7202
7209
7230
7234
7236
7244
7267
7272
7295
7305
7334
7336
7365
7369
7373
7374
7382
7384
7386
7388
7399
7409
7412
7413
7416
7423
7430
7435
7444
7446
7450
7457
7458
7466
7512
7515
7532
7548
7552
7557
7569
7582
7592
7593
7606
7628
7629
7632
7638
7646
7669
7670
7684
7693
7701
7723
7740
7753
7762
7790
7792
7812
7817
7832
7845
7856
7863
7870
7871
7878
7880
7892
7893
7907
7938
7943
7957
7972
7975
7983
7988
8006
8008
8022
8027
8031
8036
8044
8048
8053
8061
8062
8078
8102
8131
8134
8141
8155
8186
8188
8200
8216
8217
8230
8247
8266
8272
8291
8315
8317
8321
8336
8353
8354
8359
8373
8379
8395
8417
8422
8432
8436
8450
8471
8472
8474
8491
8520
8543
8556
8596
8612
8617
8619
8623
8625
8630
8631
8635
8654
8655
8659
8661
8686
8691
8711
8720
8724
8726
8728
8737
8748
8779
8800
8809
8816
8818
8819
8840
8876
8877
8896
8903
8908
8910
8914
8916
8921
8939
8945
8946
8954
8969
8980
8981
8987
8988
8989
8992
8993
9020
9022
9033
9043
9046
9051
9052
9054
9104
9107
9108
9114
9120
9125
9131
9132
9139
9141
9146
9150
9188
9209
9236
9244
9251
9281
9302
9311
9319
9325
9338
9345
9356
9366
9368
9378
9386
9423
9426
9438
9456
9463
9469
9474
9484
9486
9494
9499
9502
9525
9531
9563
9564
9567
9572
9577
9580
9582
9591
9632
9682
9683
9697
9704
9712
9724
9742
9749
9771
9807
9824
9836
9839
9840
9870
9887
9888
9893
9897
9898
9900
9901
9923
9930
9942
9946
9972
9980
9981
9983
9987
10010
10036
10037
10041
10045
10060
10068
10080
10091
10102
10103
10104
10132
10133
10142
10147
10154
10165
10166
10172
10176
10179
10190
10198
10219
10232
10233
10238
10245
10247
10253
10270
10283
10293
10294
10316
10322
10364
10374
10388
10403
10412
10433
10441
10444
10447
10459
10464
10466
10467
10473
10476
10485
10486
10512
10523
10526
10547
10556
10558
10562
10597
10623
10630
10643
10655
10684
10698
10719
10721
10730
10766
10783
10788
10795
10798
10807
10808
10812
10817
10821
10830
10837
10844
10860
10865
10870
10871
10876
10882
10889
10906
10907
10909
10922
10924
10929
10930
10940
10941
10945
10947
10967
10980
10986
10999
11000
11001
11004
11014
11020
11025
11026
11035
11043
11059
11080
11085
11088
11090
11097
11118
11119
11122
11129
11137
11143
11160
11170
11198
11208
11260
11277
11279
11299
11307
11327
11336
11344
11345
11365
11369
11375
11376
11385
11386
11418
11420
11423
11432
11434
11480
11484
11489
11491
11496
11498
11514
11544
11555
11563
11565
11568
11569
11575
11587
11591
11598
11622
11672
11675
11679
11702
11707
11710
11716
11722
11731
11750
11760
11761
11763
11770
11788
11789
11794
11797
11807
11823
11824
11834
11845
11867
11868
11884
11895
11902
11905
11912
11914
11948
11950
11954
11963
11972
11974
11975
11991
11996
12012
12024
12025
12027
12028
12043
12059
12063
12069
12072
12074
12077
12083
12088
12089
12096
12103
12124
12127
12129
12155
12169
12181
12184
12187
12198
12205
12207
12209
12210
12222
12224
12230
12234
12235
12246
12249
12254
12255
12268
12277
12282
12289
12304
12309
12314
12317
12324
12331
12332
12337
12364
12369
12374
12380
12398
12402
12412
12418
12420
12431
12443
12447
12448
12466
12481
12483
12495
12508
12526
12541
12561
12564
12567
12573
12578
12581
12591
12605
12621
12646
12647
12657
12669
12695
12710
12711
12716
12731
12744
12748
12759
12763
12778
12787
12791
12792
12799
12803
12808
12810
12828
12844
12850
12876
12888
12893
12894
12895
12914
12917
12919
12970
12994
13000
13004
13018
13038
13042
13048
13058
13061
13082
13085
13101
13102
13104
13109
13111
13122
13123
13124
13129
13132
13188
13194
13203
13224
13231
13249
13260
13262
13266
13287
13288
13290
13308
13311
13320
13328
13343
13348
13368
13371
13378
13394
13401
13410
13425
13434
13455
13459
13463
13504
13511
13513
13517
13532
13539
13545
13550
13551
13562
13567
13588
13613
13633
13634
13642
13647
13658
13660
13661
13665
13670
13694
13704
13709
13713
13731
13746
13751
13758
13761
13765
13767
13777
13782
13789
13794
13801
13802
13803
13805
13806
13816
13818
13820
13830
13837
13840
13847
13853
13884
13886
13911
13916
13928
13934
13938
13948
13953
13956
13961
13963
13982
13990
13992
14003
14015
14025
14028
14035
14066
14099
14100
14121
14128
14132
14138
14142
14143
14151
14155
14162
14171
14172
14175
14203
14247
14267
14273
14275
14288
14316
14323
14351
14361
14363
14364
14368
14369
14382
14389
14395
14416
14421
14425
14431
14436
14445
14454
14458
14464
14471
14475
14488
14489
14502
14509
14518
14526
14532
14534
14537
14558
14565
14592
14610
14627
14628
14631
14652
14653
14670
14675
14700
14711
14717
14732
14738
14749
14751
14761
14766
14770
14771
14776
14787
14809
14841
14842
14850
14861
14868
14874
14896
14899
14901
14906
14935
14955
14956
14957
14971
15016
15030
15035
15062
15064
15065
15074
15093
15096
15100
15106
15125
15130
15147
15184
15185
15196
15199
15203
15227
15231
15255
15264
15265
15300
15308
15314
15335
15339
15341
15342
15386
15416
15420
15436
15443
15444
15451
15454
15466
15469
15476
15481
15497
15509
15516
15518
15527
15537
15550
15555
15560
15576
15580
15583
15590
15597
15629
15661
15674
15676
15682
15684
15687
15688
15719
15773
15774
15791
15797
15804
15869
15890
15906
15912
15922
15925
15935
15941
15973
15995
15996
15998
16025
16057
16065
16069
16070
16076
16083
16086
16105
16113
16118
16128
16140
16158
16164
16165
16172
16176
16178
16182
16232
16248
16258
16263
16269
16274
16296
16304
16335
16342
16344
16346
16355
16357
16358
16367
16374
16383
16402
16403
16405
16410
16412
16417
16442
16450
16459
16467
16472
16478
16535
16550
16577
16584
16594
16598
16604
16612
16651
16664
16674
16686
16706
16712
16718
16720
16722
16723
16733
16735
16748
16753
16775
16782
16792
16805
16841
16845
16853
16854
16855
16862
16890
16895
16906
16907
16928
16933
16940
16980
16984
16987
16989
17000
17004
17015
17027
17044
17045
17053
17058
17072
17081
17087
17096
17103
17107
17128
17140
17147
17153
17201
17205
17207
17209
17220
17226
17231
17232
17257
17276
17286
17287
17305
17307
17330
17334
17335
17347
17349
17350
17362
17370
17376
17380
17394
17397
17411
17419
17426
17434
17440
17457
17462
17463
17503
17505
17511
17523
17524
17539
17541
17555
17560
17566
17582
17586
17592
17613
17617
17678
17705
17711
17745
17762
17763
17771
17804
17819
17825
17833
17843
17849
17858
17887
17893
17903
17926
17929
17944
17946
17948
17954
17957
17965
17979
18003
18008
18042
18044
18045
18052
18067
18077
18080
18091
18094
18095
18110
18128
18137
18138
18149
18153
18160
18162
18192
18199
18202
18209
18212
18227
18237
18252
18275
18296
18336
18337
18341
18345
18346
18365
18380
18383
18390
18401
18411
18418
18431
18440
18448
18452
18455
18461
18468
18470
18483
18492
18497
18509
18519
18522
18527
18538
18554
18556
18572
18579
18588
18596
18598
18604
18610
18613
18615
18640
18645
18651
18657
18665
18666
18674
18680
18686
18705
18710
18741
18757
18765
18769
18771
18774
18825
18829
18831
18832
18837
18839
18849
18857
18860
18868
18875
18876
18891
18917
18929
18941
18943
18952
18955
18969
18985
18996
18997
19005
19008
19017
19018
19020
19021
19027
19029
19044
19049
19062
19064
19081
19091
19107
19110
19115
19121
19137
19142
19145
19159
19166
19169
19187
19196
19208
19213
19227
19251
19261
19266
19278
19288
19299
19318
19334
19373
19415
19423
19428
19430
19434
19439
19440
19443
19446
19450
19454
19459
19461
19488
19493
19500
19508
19512
19525
19531
19538
19540
19562
19595
19598
19602
19607
19608
19611
19645
19646
19654
19660
19678
19681
19687
19691
19696
19699
19711
19715
19719
19733
19735
19766
19769
19788
19814
19815
19853
19857
19858
19862
19871
19885
19892
19896
19897
19898
19908
19911
19913
19920
19943
19961
19971
19978
19985
20004
20053
20057
20084
20092
20119
20133
20153
20166
20169
20175
20176
20181
20191
20210
20211
20212
20232
20274
20278
20282
20287
20297
20299
20300
20302
20322
20338
20349
20351
20358
20364
20375
20377
20378
20394
20405
20412
20421
20424
20453
20458
20462
20466
20473
20487
20492
20511
20513
20525
20538
20542
20549
20562
20572
20575
20592
20603
20606
20616
20622
20623
20628
20629
20638
20646
20657
20661
20675
20676
20681
20683
20691
20714
20763
20768
20779
20780
20790
20809
20811
20828
20864
20884
20887
20894
20901
20902
20904
20910
20911
20914
20917
20922
20927
20942
20948
20952
21003
21015
21023
21049
21053
21057
21059
21060
21067
21073
21075
21123
21125
21134
21147
21150
21167
21194
21204
21209
21223
21252
21256
21265
21274
21282
21292
21298
21304
21318
21351
21352
21357
21374
21375
21389
21391
21410
21413
21418
21448
21454
21458
21470
21481
21482
21484
21503
21539
21556
21585
21586
21590
21596
21600
21604
21613
21617
21624
21655
21658
21663
21682
21707
21708
21738
21746
21774
21775
21779
21799
21821
21825
21834
21854
21858
21867
21871
21873
21893
21894
21899
21904
21908
21930
21941
21955
21967
21974
21983
21988
21995
22012
22016
22026
22030
22037
22046
22055
22061
22085
22094
22107
22140
22143
22145
22158
22176
22179
22181
22182
22183
22190
22205
22215
22221
22228
22233
22240
22250
22258
22260
22267
22298
22304
22314
22324
22327
22329
22340
22345
22353
22365
22369
22380
22391
22394
22396
22407
22420
22430
22452
22464
22470
22475
22479
22482
22483
22497
22521
22550
22557
22580
22604
22607
22626
22635
22638
22642
22661
22666
22686
22704
22710
22716
22724
22730
22733
22745
22748
22749
22750
22764
22776
22777
22783
22824
22825
22854
22867
22875
22897
22911
22955
22958
22960
22962
22987
22996
22997
23012
23018
23032
23034
23052
23060
23070
23101
23123
23132
23150
23156
23160
23172
23182
23194
23209
23210
23214
23231
23234
23250
23251
23254
23272
23293
23294
23307
23313
23320
23321
23324
23346
23349
23354
23361
23367
23377
23380
23382
23384
23387
23397
23402
23420
23422
23426
23436
23486
23489
23494
23500
23501
23504
23532
23541
23560
23566
23573
23587
23591
23608
23628
23638
23643
23668
23676
23682
23697
23698
23700
23726
23728
23735
23741
23757
23792
23802
23824
23826
23829
23832
23836
23855
23857
23859
23862
23871
23872
23899
23917
23923
23928
23942
23945
23971
23981
23986
23987
23990
23991
24001
24010
24015
24028
24036
24047
24048
24052
24063
24074
24079
24089
24106
24111
24134
24149
24151
24155
24169
24175
24195
24212
24213
24222
24227
24236
24249
24258
24263
24269
24272
24277
24284
24293
24294
24303
24315
24360
24362
24363
24375
24376
24385
24395
24401
24407
24421
24423
24424
24435
24436
24445
24464
24465
24472
24480
24484
24495
24501
24508
24537
24547
24553
24556
24559
24563
24569
24582
24605
24632
24649
24652
24671
24685
24691
24692
24700
24706
24714
24718
24738
24740
24742
24744
24747
24751
24757
24763
24770
24787
24803
24808
24819
24824
24826
24830
24863
24864
24865
24870
24883
24887
24894
24901
24909
24914
24930
24948
24972
24997
25002
25006
25008
25039
25053
25056
25080
25083
25091
25092
25101
25102
25103
25104
25114
25136
25141
25145
25150
25160
25174
25203
25209
25210
25216
25217
25224
25227
25229
25233
25242
25254
25272
25286
25290
25301
25307
25314
25319
25329
25344
25373
25405
25406
25442
25444
25445
25457
25460
25472
25475
25478
25486
25510
25520
25521
25528
25538
25540
25555
25567
25572
25582
25588
25589
25590
25592
25599
25607
25616
25638
25657
25658
25659
25660
25661
25671
25680
25686
25690
25703
25762
25768
25779
25782
25818
25842
25870
25872
25873
25874
25903
25909
25931
25932
25937
25944
25950
25955
25962
25974
25979
25985
25987
25988
25989
25995
26006
26008
26038
26039
26056
26070
26082
26095
26096
26102
26103
26111
26112
26123
26125
26127
26130
26143
26146
26162
26209
26213
26241
26280
26286
26291
26299
26301
26329
26338
26343
26354
26358
26359
26379
26384
26388
26395
26403
26404
26425
26440
26457
26462
26470
26487
26488
26495
26546
26552
26555
26567
26571
26575
26580
26585
26589
26603
26605
26613
26629
26635
26637
26643
26657
26671
26676
26683
26686
26711
26713
26724
26729
26739
26740
26753
26755
26785
26787
26788
26795
26796
26798
26804
26812
26825
26842
26849
26852
26861
26882
26885
26886
26890
26899
26923
26925
26926
26933
26944
26947
26951
26953
26992
26996
26999
27000
27007
27023
27033
27039
27052
27055
27077
27091
27100
27106
27115
27121
27129
27130
27135
27147
27160
27164
27175
27179
27183
27184
27215
27235
27242
27245
27261
27276
27285
27305
27309
27329
27335
27341
27343
27352
27363
27367
27373
27377
27422
27432
27436
27449
27452
27469
27470
27477
27483
27490
27494
27496
27513
27529
27531
27546
27548
27556
27573
27576
27605
27611
27629
27633
27644
27651
27660
27686
27690
27697
27704
27705
27722
27735
27751
27754
27765
27776
27785
27790
27791
27801
27810
27824
27829
27830
27834
27844
27856
27857
27868
27876
27889
27899
27905
27922
27933
27934
27944
27947
27948
27949
27951
27962
27978
27985
28016
28020
28025
28026
28027
28036
28038
28043
28078
28092
28097
28104
28105
28155
28168
28169
28170
28191
28199
28204
28210
28246
28254
28255
28257
28266
28269
28275
28276
28279
28302
28303
28304
28317
28321
28331
28377
28384
28388
28389
28407
28418
28420
28423
28444
28446
28505
28509
28516
28520
28524
28526
28531
28540
28541
28580
28586
28591
28593
28605
28612
28620
28622
28626
28633
28664
28679
28680
28687
28699
28734
28759
28770
28789
28800
28810
28812
28822
28836
28842
28843
28849
28852
28859
28863
28865
28868
28869
28888
28897
28907
28915
28917
28921
28922
28957
28960
28971
28988
29014
29019
29054
29062
29063
29095
29096
29111
29113
29123
29127
29146
29149
29156
29160
29161
29179
29180
29183
29189
29200
29232
29238
29241
29263
29265
29271
29273
29318
29320
29328
29331
29332
29348
29350
29357
29362
29371
29377
29388
29398
29400
29422
29441
29447
29449
29452
29463
29477
29491
29505
29506
29514
29534
29538
29546
29569
29607
29636
29656
29659
29673
29676
29692
29698
29701
29708
29712
29738
29756
29765
29773
29783
29785
29790
29799
29810
29817
29833
29836
29846
29855
29861
29871
29873
29876
29877
29880
29881
29899
29914
29917
29927
29947
29966
29981
29999
30002
30004
30005
30015
30031
30032
30042
30052
30053
30057
30062
30071
30073
30091
30095
30110
30116
30126
30137
30140
30142
30164
30181
30200
30215
30218
30232
30233
30237
30250
30254
30260
30271
30272
30280
30281
30283
30292
30324
30331
30339
30342
30353
30356
30357
30379
30395
30399
30402
30433
30437
30443
30455
30476
30478
30480
30490
30493
30502
30503
30509
30512
30572
30574
30586
30590
30597
30608
30629
30631
30633
30640
30648
30659
30679
30684
30717
30732
30735
30750
30761
30763
30766
30774
30787
30788
30803
30819
30822
30825
30826
30844
30851
30860
30874
30893
30897
30908
30911
30914
30926
30929
30931
30933
30937
30943
30953
30954
30971
30997
31004
31010
31016
31031
31035
31044
31047
31055
31064
31065
31074
31076
31087
31092
31095
31108
31120
31136
31140
31158
31160
31161
31172
31183
31184
31186
31189
31225
31233
31238
31263
31272
31278
31303
31319
31323
31331
31356
31361
31376
31379
31381
31384
31394
31399
31407
31437
31439
31447
31448
31455
31463
31469
31473
31484
31491
31492
31496
31535
31565
31578
31579
31609
31612
31613
31627
31634
31636
31655
31663
31671
31676
31678
31694
31701
31706
31707
31710
31719
31735
31747
31754
31756
31761
31762
31774
31776
31801
31803
31827
31833
31848
31857
31863
31883
31891
31897
31900
31901
31929
31948
31989
31998
31999
32030
32046
32050
32069
32087
32104
32115
32116
32124
32136
32151
32153
32177
32178
32184
32193
32200
32227
32243
32255
32265
32273
32281
32297
32312
32327
32331
32357
32360
32381
32429
32432
32456
32469
32486
32500
32515
32524
32531
32551
32553
32558
32559
32560
32563
32586
32608
32615
32652
32662
32670
32674
32682
32700
32712
32722
32726
32727
32732
32735
32758
32762
32772
32778
32780
32788
32791
32816
32827
32844
32848
32862
32864
32870
32874
32879
32886
32891
32903
32914
32915
32961
32968
33000
33008
33019
33038
33040
33066
33083
33097
33098
33107
33108
33127
33146
33162
33165
33170
33186
33198
33205
33226
33261
33276
33292
33295
33296
33309
33320
33324
33351
33373
33377
33379
33394
33395
33398
33401
33405
33407
33423
33430
33431
33436
33439
33451
33455
33458
33488
33500
33509
33515
33523
33535
33542
33549
33574
33586
33603
33620
33623
33625
33637
33638
33655
33663
33706
33707
33765
33771
33773
33810
33813
33860
33865
33894
33914
33921
33929
33947
33955
33960
33965
33973
33979
33985
33987
34039
34081
34086
34107
34116
34117
34122
34123
34131
34165
34182
34188
34194
34196
34198
34247
34263
34268
34291
34293
34301
34305
34315
34355
34372
34398
34402
34426
34433
34442
34447
34452
34455
34466
34467
34472
34488
34493
34496
34500
34509
34522
34532
34536
34538
34556
34579
34584
34593
34610
34624
34629
34642
34662
34676
34678
34681
34687
34700
34703
34705
34707
34726
34746
34747
34774
34778
34786
34798
34805
34806
34810
34812
34814
34816
34840
34846
34847
34857
34882
34886
34891
34892
34912
34916
34932
34951
34965
34974
34977
34986
35008
35030
35037
35041
35051
35060
35061
35085
35100
35105
35116
35119
35122
35125
35151
35166
35171
35189
35191
35196
35201
35222
35232
35233
35240
35245
35247
35248
35253
35257
35268
35275
35286
35299
35311
35323
35324
35357
35364
35365
35386
35405
35423
35441
35453
35455
35457
35479
35486
35491
35506
35507
35517
35521
35534
35548
35555
35556
35574
35583
35600
35613
35617
35632
35634
35649
35653
35656
35659
35671
35675
35691
35703
35715
35733
35742
35755
35768
35780
35786
35787
35790
35794
35796
35798
35801
35809
35826
35828
35843
35854
35863
35867
35872
35879
35881
35915
35933
35940
35941
35949
35960
35972
35994
35996
35999
36001
36009
36013
36019
36032
36052
36057
36059
36073
36074
36076
36086
36088
36114
36115
36118
36123
36136
36142
36147
36150
36173
36186
36200
36226
36227
36238
36286
36297
36299
36303
36329
36338
36351
36367
36369
36381
36384
36385
36386
36390
36393
36403
36409
36418
36420
36432
36439
36441
36465
36472
36480
36484
36496
36526
36529
36531
36547
36563
36571
36580
36591
36612
36613
36626
36627
36628
36629
36635
36650
36677
36678
36687
36688
36694
36706
36719
36721
36723
36724
36731
36739
36743
36759
36765
36774
36775
36776
36778
36780
36787
36789
36802
36812
36823
36824
36835
36838
36857
36859
36862
36871
36874
36892
36903
36908
36920
36934
36943
36950
36957
36971
36995
37010
37015
37021
37043
37060
37069
37073
37085
37088
37112
37135
37140
37149
37167
37169
37170
37173
37175
37192
37194
37229
37236
37240
37245
37246
37252
37253
37262
37263
37269
37272
37274
37284
37291
37297
37299
37302
37307
37317
37318
37326
37327
37332
37340
37347
37373
37380
37394
37407
37408
37445
37454
37466
37492
37513
37520
37537
37555
37557
37558
37559
37572
37592
37633
37650
37653
37664
37677
37700
37703
37704
37708
37726
37728
37731
37732
37741
37757
37790
37800
37806
37817
37828
37844
37850
37894
37918
37929
37945
37961
37985
37988
37990
37992
37993
38007
38014
38024
38025
38036
38040
38059
38060
38070
38081
38092
38100
38117
38128
38130
38133
38134
38141
38163
38174
38178
38188
38200
38216
38227
38234
38239
38255
38278
38289
38300
38354
38373
38377
38381
38390
38402
38461
38478
38520
38522
38526
38529
38530
38532
38534
38536
38552
38559
38566
38569
38577
38584
38610
38615
38629
38638
38646
38659
38663
38668
38669
38681
38685
38699
38718
38725
38728
38734
38736
38738
38768
38773
38781
38786
38805
38808
38814
38830
38859
38863
38864
38873
38876
38880
38883
38906
38912
38915
38926
38927
38929
38931
38936
38944
38958
38984
38985
39000
39013
39015
39040
39042
39044
39048
39050
39052
39076
39110
39111
39118
39120
39122
39125
39131
39140
39145
39174
39177
39182
39214
39221
39227
39235
39267
39284
39295
39323
39329
39331
39343
39351
39359
39362
39363
39392
39400
39403
39404
39413
39427
39446
39462
39466
39479
39502
39505
39512
39517
39522
39523
39527
39543
39544
39565
39572
39578
39581
39584
39600
39624
39625
39633
39647
39676
39693
39700
39729
39732
39744
39757
39759
39780
39782
39806
39812
39824
39826
39840
39845
39848
39853
39858
39888
39901
39906
39907
39912
39940
39953
39954
39956
39958
39960
39981
39995
40010
40011
40015
40034
40054
40056
40078
40079
40102
40126
40133
40140
40141
40151
40152
40155
40185
40189
40192
40208
40221
40236
40250
40257
40269
40279
40300
40313
40316
40320
40323
40339
40364
40383
40384
40385
40393
40394
40415
40433
40434
40435
40443
40460
40477
40486
40487
40492
40494
40496
40498
40500
40501
40518
40524
40529
40530
40533
40541
40557
40572
40575
40582
40599
40618
40628
40637
40643
40658
40674
40707
40727
40736
40740
40744
40764
40765
40790
40796
40802
40807
40821
40833
40834
40857
40859
40899
40902
40907
40908
40916
40925
40938
40951
40961
40969
40971
40975
40981
40983
41011
41012
41018
41021
41035
41049
41053
41057
41062
41064
41066
41089
41090
41094
41131
41132
41136
41143
41147
41151
41153
41154
41177
41197
41201
41213
41216
41231
41246
41253
41257
41266
41273
41278
41279
41290
41293
41300
41326
41338
41346
41360
41378
41384
41387
41405
41410
41413
41431
41434
41470
41475
41481
41502
41516
41521
41544
41555
41556
41562
41585
41612
41614
41623
41630
41632
41636
41638
41650
41651
41660
41677
41682
41690
41706
41710
41728
41729
41772
41777
41783
41786
41789
41837
41854
41877
41887
41892
41902
41955
41966
41970
41981
41984
41995
42000
42015
42022
42037
42080
42089
42109
42140
42142
42146
42150
42165
42185
42209
42218
42222
42232
42239
42246
42262
42263
42267
42270
42271
42317
42325
42333
42337
42340
42371
42393
42399
42405
42408
42423
42430
42431
42455
42460
42472
42475
42515
42525
42532
42537
42540
42542
42548
42551
42555
42560
42562
42567
42583
42585
42599
42600
42606
42612
42622
42632
42633
42661
42685
42687
42699
42703
42707
42716
42718
42722
42728
42731
42768
42774
42777
42796
42811
42824
42833
42849
42850
42874
42890
42921
42952
42959
42972
42983
42986
42987
42993
42996
43000
43006
43015
43024
43027
43028
43029
43033
43039
43044
43045
43062
43065
43069
43074
43075
43085
43097
43100
43114
43134
43146
43152
43153
43179
43196
43219
43233
43245
43270
43292
43301
43304
43319
43337
43344
43352
43353
43375
43385
43393
43407
43411
43426
43433
43450
43458
43467
43470
43487
43505
43511
43512
43522
43525
43531
43548
43549
43557
43563
43566
43574
43594
43596
43598
43602
43604
43605
43607
43618
43637
43663
43665
43674
43675
43699
43733
43734
43735
43738
43744
43752
43774
43778
43783
43830
43831
43841
43855
43857
43858
43862
43895
43908
43938
43939
43941
43943
43945
43965
43987
43993
44019
44032
44039
44042
44062
44063
44084
44087
44089
44110
44122
44125
44175
44196
44197
44217
44224
44231
44243
44244
44245
44249
44251
44268
44295
44304
44342
44343
44349
44357
44379
44396
44437
44446
44450
44453
44457
44458
44459
44460
44465
44467
44470
44471
44484
44503
44505
44517
44518
44524
44529
44537
44556
44570
44572
44597
44608
44614
44615
44626
44635
44655
44671
44679
44696
44700
44716
44723
44733
44763
44771
44774
44794
44804
44814
44817
44822
44835
44841
44845
44847
44860
44878
44890
44900
44906
44911
44922
44925
44927
44933
44934
44937
44940
44954
44955
44960
44973
44979
44985
44991
44993
44999
45000
45009
45013
45018
45020
45032
45033
45067
45071
45074
45081
45098
45103
45112
45125
45134
45149
45151
45163
45175
45176
45178
45184
45188
45197
45203
45210
45211
45227
45238
45240
45254
45266
45290
45302
45307
45315
45318
45319
45321
45337
45338
45339
45358
45378
45389
45410
45434
45439
45452
45457
45484
45491
45493
45508
45514
45535
45537
45547
45557
45568
45610
45620
45629
45638
45648
45651
45662
45665
45668
45672
45679
45681
45684
45687
45689
45698
45711
45725
45740
45745
45775
45789
45790
45809
45811
45833
45843
45849
45858
45860
45864
45866
45867
45870
45896
45909
45925
45936
45944
45947
45959
45960
45975
45980
45984
46004
46008
46016
46036
46043
46050
46061
46062
46083
46091
46104
46105
46117
46121
46131
46139
46149
46158
46163
46175
46181
46183
46184
46209
46220
46225
46235
46240
46250
46254
46269
46275
46287
46292
46298
46317
46328
46339
46350
46354
46358
46376
46393
46397
46398
46399
46401
46410
46414
46415
46429
46430
46435
46443
46460
46466
46468
46471
46473
46490
46495
46502
46504
46511
46517
46528
46568
46573
46574
46591
46600
46623
46628
46632
46634
46643
46676
46679
46686
46688
46717
46718
46719
46722
46731
46740
46746
46753
46755
46759
46765
46766
46776
46782
46788
46799
46806
46811
46813
46815
46828
46839
46860
46865
46881
46882
46891
46909
46924
46926
46928
46934
46944
46948
46949
46950
46961
46980
46981
46996
47003
47005
47022
47026
47048
47050
47051
47069
47078
47088
47091
47105
47106
47127
47130
47181
47186
47195
47199
47202
47225
47228
47250
47261
47280
47289
47293
47299
47302
47349
47354
47363
47368
47378
47380
47387
47407
47420
47429
47430
47434
47439
47454
47464
47465
47466
47480
47506
47510
47528
47535
47537
47549
47556
47574
47588
47605
47607
47615
47625
47634
47649
47650
47662
47663
47667
47669
47675
47680
47691
47723
47725
47726
47727
47748
47758
47773
47781
47786
47788
47791
47819
47830
47834
47857
47862
47865
47884
47895
47918
47919
47964
47969
47972
47986
48004
48011
48015
48073
48082
48084
48085
48086
48137
48191
48205
48225
48253
48254
48290
48321
48325
48331
48342
48355
48396
48413
48421
48441
48456
48457
48460
48490
48494
48498
48537
48541
48561
48564
48575
48583
48606
48609
48610
48626
48637
48648
48650
48651
48656
48662
48692
48699
48708
48710
48714
48715
48717
48729
48736
48769
48772
48780
48791
48792
48802
48819
48824
48825
48855
48861
48865
48868
48886
48909
48918
48932
48946
48952
48989
49000
49010
49017
49032
49062
49071
49076
49091
49105
49106
49111
49112
49140
49144
49146
49153
49157
49164
49166
49176
49178
49181
49184
49201
49207
49209
49216
49221
49224
49232
49233
49234
49248
49257
49264
49275
49294
49330
49337
49344
49350
49352
49366
49372
49409
49422
49424
49433
49435
49462
49469
49482
49490
49493
49495
49502
49509
49513
49535
49542
49543
49550
49554
49559
49582
49583
49593
49605
49609
49631
49657
49670
49699
49707
49713
49727
49767
49768
49770
49771
49787
49794
49809
49814
49818
49821
49824
49832
49838
49845
49854
49882
49888
49902
49908
49911
49916
49936
49938
49958
49960
49961
49988
49991
50001
50010
50017
50027
50034
50042
50045
50049
50059
50089
50097
50128
50136
50161
50163
50170
50179
50188
50201
50208
50226
50252
50269
50277
50289
50293
50295
50309
50316
50322
50327
50337
50338
50374
50377
50380
50390
50400
50405
50416
50452
50458
50459
50471
50472
50477
50504
50515
50517
50523
50524
50544
50546
50556
50557
50567
50601
50612
50633
50642
50647
50650
50651
50661
50662
50668
50671
50677
50685
50699
50722
50724
50737
50745
50753
50771
50780
50781
50785
50796
50845
50860
50863
50890
50893
50911
50916
50943
50954
50955
50968
50986
50996
51018
51026
51038
51056
51057
51079
51083
51096
51101
51104
51109
51113
51116
51124
51125
51127
51134
51146
51147
51151
51172
51174
51196
51199
51205
51224
51249
51254
51266
51283
51291
51310
51312
51316
51324
51341
51342
51348
51349
51354
51369
51373
51389
51393
51394
51403
51405
51415
51420
51421
51426
51430
51436
51440
51449
51454
51458
51465
51478
51510
51518
51534
51538
51548
51552
51564
51582
51599
51609
51612
51620
51630
51651
51694
51700
51701
51723
51724
51729
51734
51737
51749
51751
51762
51763
51769
51780
51787
51803
51813
51819
51822
51853
51860
51871
51872
51873
51877
51882
51886
51892
51893
51899
51902
51913
51951
51958
51961
51996
51999
52023
52024
52025
52034
52048
52053
52055
52056
52061
52064
52078
52103
52105
52113
52125
52154
52161
52172
52183
52203
52211
52222
52225
52236
52238
52242
52245
52250
52253
52256
52257
52271
52275
52281
52284
52285
52289
52290
52291
52316
52326
52331
52340
52343
52349
52350
52364
52396
52454
52483
52491
52496
52505
52526
52548
52551
52555
52571
52579
52587
52588
52590
52598
52621
52641
52646
52650
52662
52678
52699
52734
52758
52767
52775
52783
52811
52815
52817
52820
52824
52852
52858
52866
52872
52900
52928
52933
52937
52942
52946
52955
52970
52981
52983
53014
53030
53060
53064
53088
53090
53093
53103
53108
53113
53124
53164
53170
53176
53185
53231
53234
53236
53253
53254
53271
53279
53296
53319
53327
53328
53335
53338
53339
53340
53356
53375
53377
53390
53398
53408
53425
53427
53428
53463
53464
53481
53483
53490
53515
53525
53533
53545
53553
53561
53577
53580
53583
53591
53601
53616
53629
53638
53661
53685
53688
53693
53702
53723
53739
53769
53770
53786
53794
53796
53802
53807
53812
53839
53847
53855
53866
53869
53882
53891
53922
53923
53938
53964
53989
53998
54018
54045
54050
54053
54088
54106
54108
54138
54197
54209
54210
54215
54224
54240
54244
54245
54250
54253
54282
54288
54301
54341
54345
54348
54359
54363
54364
54365
54379
54383
54395
54396
54398
54408
54423
54434
54436
54437
54438
54451
54460
54465
54467
54469
54474
54491
54496
54497
54504
54506
54514
54515
54522
54534
54538
54540
54548
54555
54584
54590
54592
54599
54600
54607
54611
54623
54624
54625
54631
54641
54654
54663
54665
54674
54690
54692
54715
54716
54718
54735
54742
54746
54747
54751
54760
54765
54776
54789
54798
54810
54811
54813
54817
54841
54845
54852
54863
54864
54870
54890
54895
54898
54904
54935
54940
54948
54956
54978
54987
54991
54999
55026
55036
55040
55046
55057
55061
55079
55093
55096
55099
55109
55110
55114
55118
55130
55132
55136
55140
55150
55153
55161
55166
55178
55179
55182
55184
55191
55200
55203
55204
55235
55247
55249
55274
55321
55324
55350
55361
55368
55377
55387
55388
55393
55411
55416
55424
55427
55437
55443
55457
55460
55462
55481
55486
55492
55498
55501
55517
55522
55524
55546
55564
55587
55612
55616
55617
55621
55623
55639
55640
55647
55655
55667
55674
55676
55677
55679
55717
55737
55738
55748
55763
55778
55781
55800
55816
55818
55831
55859
55870
55872
55876
55879
55893
55904
55907
55915
55921
55929
55934
55935
55950
55954
55965
55967
55978
55988
55989
55994
56024
56030
56058
56064
56067
56072
56089
56096
56099
56101
56111
56115
56122
56150
56156
56166
56203
56211
56213
56228
56235
56241
56249
56250
56258
56264
56272
56297
56300
56342
56388
56404
56434
56446
56455
56483
56509
56517
56542
56555
56560
56561
56564
56577
56597
56598
56599
56601
56604
56617
56635
56641
56656
56678
56685
56689
56698
56703
56704
56712
56725
56730
56737
56744
56759
56787
56789
56798
56821
56835
56861
56865
56868
56869
56882
56885
56887
56889
56902
56919
56940
56947
56965
56967
56968
56970
56975
56982
56984
56993
57001
57012
57014
57016
57033
57045
57105
57129
57133
57135
57159
57161
57162
57166
57167
57176
57183
57188
57190
57208
57230
57243
57244
57249
57250
57266
57291
57305
57306
57313
57319
57341
57345
57347
57360
57393
57399
57403
57405
57411
57414
57426
57441
57451
57456
57459
57477
57486
57495
57500
57505
57512
57516
57521
57526
57534
57539
57556
57565
57569
57574
57580
57585
57589
57601
57603
57605
57614
57616
57622
57631
57647
57663
57676
57688
57703
57711
57716
57719
57769
57773
57775
57783
57787
57799
57825
57826
57834
57840
57849
57852
57870
57871
57873
57878
57888
57899
57903
57904
57905
57928
57936
57942
57948
57969
57977
58002
58009
58020
58028
58032
58040
58042
58093
58109
58129
58132
58153
58182
58187
58191
58196
58199
58224
58241
58244
58268
58274
58280
58295
58305
58309
58329
58340
58389
58393
58398
58401
58402
58435
58442
58445
58448
58450
58473
58474
58481
58495
58496
58501
58510
58522
58526
58531
58532
58535
58546
58570
58571
58574
58577
58584
58600
58602
58613
58616
58621
58623
58628
58632
58634
58636
58649
58677
58679
58691
58696
58699
58704
58727
58735
58737
58743
58749
58753
58763
58772
58773
58790
58804
58808
58817
58829
58839
58846
58848
58854
58859
58866
58878
58880
58899
58902
58904
58909
58918
58928
58935
58937
58941
58943
58947
58949
58950
58960
58963
58967
58971
58972
58975
58986
59001
59004
59005
59021
59036
59045
59070
59073
59078
59079
59085
59103
59107
59114
59123
59127
59131
59132
59135
59141
59148
59162
59170
59177
59180
59211
59212
59220
59224
59229
59247
59260
59261
59269
59272
59281
59285
59291
59312
59314
59362
59374
59381
59383
59394
59409
59416
59417
59443
59448
59450
59462
59463
59467
59469
59472
59478
59490
59495
59500
59507
59520
59523
59532
59543
59551
59552
59560
59583
59584
59586
59593
59610
59624
59655
59735
59738
59744
59751
59762
59765
59772
59793
59794
59805
59820
59823
59826
59860
59864
59872
59884
59904
59917
59935
59940
59943
59956
59964
59988
59991
