5
14
19
24
25
31
61
64
68
70
75
88
92
96
108
115
119
120
121
126
130
142
171
198
204
214
223
225
232
259
266
288
295
315
322
325
326
344
350
394
398
410
431
438
450
458
474
475
478
489
532
533
539
542
543
544
548
563
572
586
596
609
611
612
637
652
665
669
680
692
699
712
715
719
723
763
781
784
791
799
800
804
814
848
856
857
872
882
886
898
900
905
906
914
923
924
925
930
954
965
967
1014
1018
1031
1047
1058
1060
1071
1075
1080
1086
1096
1138
1140
1141
1176
1177
1200
1201
1202
1215
1222
1237
1253
1254
1258
1269
1273
1280
1311
1315
1327
1359
1361
1372
1383
1388
1408
1427
1434
1435
1446
1447
1448
1468
1470
1475
1485
1488
1502
1510
1514
1516
1530
1533
1535
1537
1548
1550
1556
1565
1574
1577
1585
1597
1600
1603
1607
1655
1658
1665
1691
1695
1697
1698
1705
1706
1717
1730
1737
1756
1758
1759
1764
1765
1803
1816
1817
1829
1836
1840
1848
1853
1870
1888
1892
1900
1906
1918
1919
1934
1936
1950
1952
1960
1966
1971
1975
1982
1989
1996
2005
2006
2011
2016
2020
2021
2032
2034
2040
2045
2065
2067
2075
2098
2108
2115
2117
2134
2135
2137
2138
2141
2161
2165
2187
2189
2194
2199
2210
2219
2241
2277
2295
2304
2317
2324
2329
2371
2374
2397
2398
2401
2407
2408
2410
2411
2419
2434
2438
2443
2450
2457
2466
2474
2506
2515
2522
2541
2544
2558
2563
2567
2594
2600
2603
2604
2609
2617
2619
2633
2638
2647
2697
2710
2713
2719
2729
2730
2741
2744
2747
2748
2749
2782
2787
2791
2800
2817
2841
2863
2891
2900
2935
2940
2949
2956
2963
2968
2975
2982
2988
2993
3000
3001
3003
3004
3037
3051
3060
3097
3103
3108
3115
3122
3155
3158
3159
3179
3201
3210
3216
3225
3230
3240
3241
3249
3253
3279
3283
3290
3299
3303
3312
3317
3342
3348
3364
3371
3407
3422
3432
3434
3437
3443
3450
3451
3462
3466
3472
3474
3477
3488
3503
3510
3514
3523
3527
3541
3548
3553
3558
3569
3611
3633
3661
3667
3676
3679
3680
3687
3691
3693
3697
3700
3702
3706
3712
3718
3733
3739
3742
3746
3755
3757
3758
3782
3790
3795
3800
3804
3809
3814
3830
3833
3837
3839
3845
3848
3857
3869
3871
3886
3897
3903
3905
3944
3949
3959
3984
3987
3998
4005
4007
4030
4055
4056
4063
4078
4101
4103
4112
4115
4126
4135
4139
4141
4156
4161
4199
4227
4230
4246
4263
4280
4289
4348
4356
4357
4359
4364
4366
4382
4391
4392
4408
4417
4433
4436
4438
4441
4453
4458
4494
4500
4502
4513
4516
4522
4529
4535
4564
4571
4585
4594
4599
4630
4632
4643
4644
4654
4656
4657
4663
4678
4680
4739
4786
4792
4795
4796
4811
4824
4826
4836
4858
4878
4885
4893
4898
4905
4910
4911
4916
4920
4931
4937
4940
4942
4949
4950
4951
4958
4965
4971
4982
4989
4990
5001
5010
5015
5029
5033
5039
5046
5047
5059
5062
5081
5083
5086
5104
5109
5115
5138
5143
5144
5160
5170
5174
5178
5179
5185
5228
5238
5246
5250
5252
5254
5259
5263
5265
5282
5288
5289
5299
5300
5310
5323
5329
5336
5347
5348
5353
5394
5399
5401
5421
5422
5431
5438
5450
5453
5456
5464
5469
5470
5475
5516
5517
5519
5526
5541
5554
5555
5556
5559
5560
5567
5568
5572
5575
5582
5586
5588
5590
5596
5606
5607
5613
5631
5632
5639
5650
5657
5662
5680
5692
5704
5708
5717
5727
5733
5738
5746
5765
5779
5836
5865
5874
5879
5883
5890
5891
5924
5927
5929
5937
5944
5974
5975
5977
5978
5981
6009
6022
6023
6024
6051
6052
6078
6089
6110
6120
6126
6133
6134
6135
6136
6140
6147
6174
6263
6265
6280
6285
6286
6301
6310
6324
6336
6353
6373
6374
6381
6386
6394
6402
6413
6424
6429
6430
6431
6439
6442
6448
6484
6489
6502
6506
6508
6510
6522
6528
6540
6564
6569
6575
6589
6614
6618
6627
6638
6648
6654
6658
6661
6663
6695
6705
6718
6724
6728
6729
6731
6733
6735
6744
6748
6751
6758
6765
6768
6774
6780
6791
6817
6823
6862
6863
6865
6878
6882
6891
6895
6924
6926
6929
6930
6933
6948
6950
6957
6971
6973
7003
7045
7053
7063
7066
7074
7084
7094
7100
7121
7122
7124
7142
7175
7176
7179
7181
7182
7186
7188
7194
7198
7201
7211
7229
7245
7247
7252
7254
7270
7277
7282
7285
7292
7300
7330
7331
7333
7338
7347
7371
7403
7408
7411
7427
7436
7440
7443
7449
7477
7499
7511
7517
7520
7522
7525
7526
7529
7536
7541
7543
7545
7550
7555
7577
7578
7584
7590
7612
7613
7633
7636
7640
7645
7656
7675
7679
7698
7700
7712
7719
7722
7731
7745
7751
7760
7775
7793
7797
7829
7841
7864
7886
7904
7915
7921
7925
7927
7945
7949
7960
7991
7999
8005
8010
8011
8014
8017
8028
8068
8087
8100
8104
8108
8109
8122
8124
8182
8185
8193
8207
8223
8227
8229
8232
8234
8243
8249
8250
8255
8270
8283
8296
8298
8308
8316
8327
8329
8332
8357
8366
8367
8376
8380
8390
8411
8412
8418
8424
8427
8440
8447
8448
8452
8457
8467
8497
8503
8504
8523
8546
8548
8551
8559
8571
8592
8594
8603
8618
8641
8649
8656
8658
8663
8666
8668
8674
8685
8689
8701
8706
8716
8718
8719
8722
8738
8744
8759
8767
8784
8789
8797
8799
8801
8822
8827
8836
8843
8844
8851
8869
8871
8888
8900
8920
8928
8931
8941
8948
8953
8961
8962
8971
8973
8982
8990
9008
9009
9019
9021
9023
9031
9047
9060
9068
9074
9084
9111
9123
9149
9155
9168
9205
9211
9222
9248
9254
9257
9270
9285
9299
9321
9326
9355
9361
9362
9369
9383
9387
9391
9407
9408
9410
9415
9440
9455
9459
9462
9472
9500
9505
9508
9509
9522
9527
9544
9548
9551
9557
9569
9596
9600
9615
9637
9645
9649
9661
9664
9671
9673
9676
9686
9707
9713
9714
9720
9728
9731
9735
9754
9763
9767
9777
9782
9809
9817
9823
9828
9864
9874
9879
9912
9914
9915
9933
9936
9949
9962
9964
9970
9982
9988
9994
9999
10004
10008
10017
10056
10057
10061
10077
10111
10117
10124
10136
10182
10208
10231
10242
10244
10246
10249
10259
10261
10269
10276
10292
10295
10311
10318
10323
10332
10334
10347
10371
10376
10398
10402
10409
10421
10438
10442
10450
10463
10468
10469
10480
10487
10498
10520
10524
10529
10532
10536
10548
10560
10564
10575
10579
10582
10584
10607
10610
10612
10618
10628
10634
10640
10644
10648
10649
10653
10659
10687
10690
10694
10707
10709
10735
10738
10747
10755
10800
10805
10827
10831
10856
10863
10888
10897
10901
10904
10923
10926
10946
10950
10954
10960
10962
10963
10970
10976
10977
10983
10987
10992
10995
11008
11011
11023
11027
11038
11044
11060
11068
11071
11072
11103
11128
11132
11140
11148
11154
11165
11168
11171
11172
11187
11188
11191
11192
11231
11237
11262
11284
11303
11304
11305
11308
11309
11317
11325
11348
11349
11380
11384
11387
11389
11393
11395
11398
11403
11405
11406
11422
11477
11500
11502
11513
11519
11523
11539
11550
11556
11567
11572
11592
11594
11616
11626
11646
11661
11664
11676
11680
11715
11726
11756
11778
11779
11781
11784
11803
11820
11828
11831
11837
11841
11846
11848
11850
11854
11860
11879
11896
11901
11906
11911
11916
11920
11925
11928
11934
11940
11951
11960
11993
12020
12037
12054
12055
12065
12095
12098
12099
12108
12113
12120
12125
12146
12156
12160
12164
12202
12212
12213
12215
12228
12238
12239
12263
12272
12280
12283
12297
12325
12338
12343
12346
12355
12357
12368
12384
12426
12428
12436
12441
12452
12472
12476
12482
12485
12490
12499
12511
12513
12521
12531
12555
12571
12585
12586
12595
12597
12627
12632
12636
12648
12651
12659
12665
12671
12707
12712
12725
12727
12745
12752
12753
12764
12769
12806
12807
12812
12816
12822
12835
12857
12860
12869
12870
12873
12908
12913
12925
12929
12935
12942
12946
12964
12975
12984
12996
12998
13014
13016
13019
13025
13028
13030
13034
13067
13070
13072
13074
13075
13079
13092
13112
13113
13136
13144
13184
13186
13204
13215
13221
13236
13243
13246
13256
13258
13313
13315
13332
13334
13359
13360
13374
13388
13389
13395
13402
13421
13426
13430
13437
13440
13475
13484
13485
13490
13515
13520
13521
13523
13527
13536
13537
13576
13581
13597
13603
13612
13618
13626
13628
13630
13631
13635
13641
13671
13672
13683
13685
13690
13692
13703
13707
13712
13740
13755
13764
13808
13809
13810
13813
13819
13822
13828
13831
13863
13865
13867
13869
13876
13881
13893
13896
13897
13902
13908
13939
13943
13944
13962
13969
13972
13975
13995
14010
14027
14046
14048
14057
14064
14096
14097
14104
14106
14112
14113
14114
14119
14137
14139
14150
14154
14157
14166
14174
14178
14179
14184
14193
14194
14196
14209
14215
14218
14221
14229
14240
14250
14253
14256
14260
14262
14265
14266
14270
14278
14280
14291
14308
14309
14317
14326
14337
14339
14342
14345
14358
14366
14381
14391
14409
14413
14426
14428
14433
14437
14442
14463
14467
14499
14519
14548
14552
14567
14569
14578
14589
14609
14633
14634
14643
14657
14664
14678
14685
14687
14693
14696
14701
14704
14705
14719
14726
14731
14737
14739
14754
14763
14764
14765
14773
14779
14805
14823
14830
14834
14839
14847
14848
14888
14903
14924
14934
14936
14942
14946
14966
14990
14991
15000
15006
15036
15053
15056
15057
15075
15082
15095
15104
15133
15135
15150
15153
15173
15175
15178
15182
15187
15188
15205
15232
15234
15235
15243
15249
15251
15271
15289
15333
15340
15346
15384
15396
15403
15412
15427
15457
15458
15460
15463
15479
15485
15501
15506
15512
15520
15547
15548
15551
15575
15586
15603
15608
15635
15636
15643
15645
15646
15649
15685
15686
15695
15714
15720
15721
15726
15735
15754
15768
15789
15798
15799
15807
15821
15830
15831
15834
15845
15849
15853
15858
15864
15867
15878
15881
15885
15887
15897
15901
15914
15919
15923
15934
15955
15962
15968
15972
15975
15977
15986
15987
15989
16001
16005
16032
16049
16071
16080
16098
16110
16111
16112
16114
16121
16123
16139
16143
16170
16181
16191
16194
16212
16236
16238
16250
16252
16261
16275
16277
16299
16308
16318
16329
16336
16351
16406
16409
16428
16434
16438
16440
16465
16470
16473
16476
16497
16508
16520
16531
16547
16568
16574
16579
16582
16595
16603
16625
16628
16644
16653
16678
16685
16688
16689
16699
16703
16717
16729
16736
16740
16749
16752
16755
16761
16783
16793
16808
16820
16838
16863
16867
16873
16878
16880
16897
16909
16925
16938
16941
16944
16947
16950
16958
16981
16983
17006
17017
17052
17062
17083
17095
17119
17122
17130
17134
17136
17149
17154
17155
17157
17163
17169
17175
17197
17228
17243
17249
17270
17273
17278
17281
17282
17289
17291
17310
17324
17325
17355
17360
17365
17373
17391
17401
17406
17413
17416
17422
17456
17460
17475
17478
17496
17508
17522
17528
17583
17587
17593
17596
17606
17623
17633
17640
17641
17654
17656
17659
17669
17675
17677
17679
17681
17715
17720
17725
17753
17755
17778
17782
17786
17788
17793
17814
17815
17851
17855
17868
17870
17876
17877
17886
17888
17889
17890
17906
17908
17911
17912
17913
17914
17920
17924
17928
17939
17945
17958
17968
17978
18001
18002
18013
18021
18028
18031
18032
18038
18041
18060
18063
18081
18087
18119
18126
18134
18139
18143
18157
18158
18173
18193
18211
18219
18224
18231
18233
18236
18265
18268
18279
18285
18313
18334
18348
18352
18372
18391
18393
18399
18419
18432
18433
18444
18464
18482
18488
18494
18501
18503
18529
18546
18561
18567
18573
18594
18605
18633
18646
18652
18656
18672
18681
18690
18720
18727
18734
18742
18748
18754
18755
18764
18800
18805
18810
18811
18819
18820
18828
18844
18847
18873
18887
18888
18915
18920
18922
18942
18958
18960
18971
18975
18983
18994
19000
19009
19016
19019
19039
19043
19047
19048
19050
19057
19071
19080
19084
19087
19098
19100
19108
19123
19136
19140
19148
19156
19158
19171
19192
19201
19202
19221
19224
19225
19258
19259
19289
19294
19296
19300
19302
19305
19306
19328
19341
19350
19371
19377
19396
19398
19418
19419
19448
19507
19509
19529
19564
19566
19579
19583
19594
19601
19622
19635
19636
19639
19641
19663
19666
19676
19686
19695
19703
19714
19722
19739
19764
19765
19767
19793
19810
19826
19831
19838
19860
19864
19870
19877
19881
19893
19895
19900
19902
19906
19923
19944
19945
19953
19956
19967
19972
19977
19980
19983
19991
20000
20010
20012
20024
20063
20064
20071
20081
20093
20096
20113
20116
20118
20127
20129
20140
20151
20172
20184
20203
20226
20233
20237
20242
20259
20261
20286
20289
20298
20305
20310
20317
20320
20321
20334
20335
20343
20344
20350
20357
20365
20395
20434
20435
20437
20438
20443
20456
20461
20464
20468
20470
20471
20476
20497
20499
20500
20504
20519
20521
20546
20556
20564
20583
20588
20590
20599
20601
20610
20615
20632
20637
20647
20656
20666
20698
20711
20713
20720
20725
20726
20740
20743
20753
20801
20808
20841
20845
20856
20859
20868
20869
20871
20872
20879
20880
20883
20896
20945
20971
20991
20997
20999
21021
21030
21044
21052
21055
21065
21066
21071
21079
21087
21089
21097
21100
21109
21110
21111
21130
21153
21159
21170
21173
21184
21192
21195
21198
21210
21212
21237
21243
21249
21264
21268
21286
21299
21325
21330
21339
21345
21356
21365
21371
21377
21386
21390
21403
21404
21406
21421
21424
21425
21428
21433
21456
21463
21473
21492
21494
21509
21511
21522
21540
21545
21564
21577
21580
21591
21605
21606
21608
21615
21619
21640
21650
21656
21657
21661
21684
21691
21698
21699
21701
21702
21706
21716
21718
21723
21724
21741
21743
21795
21797
21802
21806
21824
21838
21839
21861
21889
21900
21907
21911
21929
21986
21992
22040
22051
22052
22064
22066
22071
22077
22084
22091
22100
22105
22106
22110
22162
22172
22189
22194
22201
22217
22222
22226
22237
22244
22263
22283
22288
22292
22300
22308
22313
22338
22370
22374
22384
22398
22401
22404
22412
22424
22432
22453
22459
22460
22469
22473
22492
22500
22509
22510
22513
22519
22533
22534
22539
22547
22549
22564
22585
22587
22599
22603
22611
22617
22627
22641
22645
22648
22655
22656
22658
22659
22665
22676
22684
22692
22713
22740
22742
22743
22747
22761
22769
22780
22794
22798
22800
22804
22810
22815
22830
22844
22846
22849
22859
22876
22884
22902
22912
22920
22930
22933
22947
22965
22966
22971
22976
22989
22999
23005
23008
23046
23049
23067
23079
23084
23085
23086
23094
23107
23111
23117
23121
23124
23125
23130
23142
23145
23167
23200
23202
23204
23212
23226
23236
23237
23247
23258
23283
23295
23297
23310
23330
23335
23352
23370
23374
23393
23419
23428
23433
23462
23466
23473
23499
23509
23518
23524
23527
23533
23534
23550
23568
23595
23625
23654
23661
23664
23670
23677
23680
23691
23693
23694
23696
23699
23703
23720
23734
23753
23765
23777
23781
23782
23784
23798
23800
23821
23849
23877
23887
23889
23891
23892
23894
23918
23925
23926
23941
23950
23953
23954
23969
23972
23999
24003
24005
24014
24040
24061
24070
24080
24096
24104
24109
24113
24119
24132
24150
24163
24166
24168
24179
24183
24184
24185
24192
24204
24226
24228
24232
24270
24276
24288
24299
24302
24309
24311
24334
24343
24354
24358
24368
24377
24379
24416
24429
24432
24443
24458
24475
24481
24499
24522
24531
24532
24534
24565
24586
24596
24630
24631
24647
24667
24690
24721
24723
24724
24767
24771
24785
24786
24788
24804
24810
24814
24815
24825
24838
24840
24843
24844
24857
24867
24872
24903
24912
24920
24945
24961
24977
24995
25031
25037
25038
25041
25047
25057
25067
25089
25115
25116
25118
25119
25123
25129
25133
25134
25140
25146
25152
25158
25164
25178
25181
25192
25204
25206
25208
25212
25249
25268
25269
25278
25282
25299
25303
25306
25330
25336
25337
25346
25347
25352
25365
25382
25385
25389
25395
25418
25422
25443
25447
25471
25480
25485
25487
25500
25514
25517
25557
25562
25579
25619
25673
25683
25688
25697
25702
25726
25733
25744
25745
25747
25753
25785
25786
25794
25797
25799
25809
25824
25839
25851
25860
25871
25875
25876
25878
25884
25905
25927
25942
25946
25953
25957
25958
25961
25967
25969
26001
26045
26052
26053
26083
26100
26108
26129
26132
26135
26137
26149
26156
26159
26160
26167
26170
26191
26193
26207
26211
26249
26257
26269
26278
26282
26287
26297
26298
26303
26308
26310
26326
26327
26334
26353
26364
26372
26374
26396
26419
26431
26435
26442
26454
26472
26475
26494
26504
26542
26550
26558
26564
26582
26583
26594
26595
26596
26624
26626
26628
26631
26639
26645
26646
26658
26684
26693
26695
26697
26715
26726
26758
26778
26797
26799
26806
26810
26813
26815
26821
26826
26829
26832
26867
26870
26897
26903
26914
26921
26928
26940
26943
26976
26985
27004
27017
27018
27030
27040
27059
27067
27076
27096
27098
27099
27110
27113
27131
27133
27146
27157
27158
27159
27162
27171
27187
27205
27207
27219
27239
27241
27253
27257
27260
27271
27278
27282
27292
27303
27307
27308
27315
27316
27323
27353
27355
27358
27372
27386
27408
27421
27428
27437
27441
27443
27458
27465
27471
27481
27486
27491
27497
27499
27500
27508
27518
27567
27569
27571
27577
27586
27596
27603
27607
27613
27620
27631
27643
27646
27647
27654
27656
27662
27687
27695
27698
27736
27743
27753
27756
27778
27781
27813
27821
27826
27837
27847
27855
27862
27866
27869
27888
27897
27906
27907
27908
27911
27923
27926
27940
27954
27956
27974
28007
28015
28024
28033
28034
28054
28058
28060
28073
28089
28095
28106
28114
28125
28128
28136
28145
28173
28176
28188
28195
28206
28207
28209
28216
28219
28222
28239
28245
28247
28277
28282
28291
28294
28295
28312
28313
28322
28334
28336
28338
28362
28365
28371
28411
28414
28416
28430
28436
28442
28445
28456
28467
28473
28507
28511
28513
28534
28538
28551
28561
28574
28575
28576
28589
28606
28617
28619
28623
28624
28636
28641
28642
28662
28692
28696
28697
28742
28766
28777
28781
28792
28797
28799
28808
28811
28818
28828
28834
28844
28847
28894
28900
28902
28904
28913
28919
28926
28929
28930
28939
28959
28963
28965
28994
29008
29017
29020
29024
29028
29044
29076
29078
29079
29088
29097
29109
29126
29148
29151
29155
29164
29168
29185
29186
29202
29203
29221
29229
29249
29267
29269
29281
29304
29311
29325
29366
29383
29395
29403
29413
29423
29433
29440
29454
29456
29457
29462
29465
29466
29476
29478
29481
29510
29512
29515
29522
29523
29524
29527
29532
29536
29537
29543
29551
29552
29565
29571
29573
29576
29595
29601
29603
29625
29646
29661
29668
29687
29688
29690
29707
29710
29732
29740
29770
29788
29794
29829
29830
29844
29850
29862
29866
29875
29890
29915
29916
29918
29921
29925
29933
29934
29935
29958
29962
29977
29985
29996
30011
30017
30040
30051
30059
30060
30066
30078
30081
30090
30107
30111
30119
30130
30136
30151
30183
30185
30195
30196
30197
30201
30207
30220
30226
30227
30228
30229
30230
30247
30266
30267
30274
30289
30298
30302
30307
30313
30332
30340
30371
30384
30387
30428
30431
30432
30442
30447
30457
30471
30472
30488
30525
30530
30533
30534
30535
30537
30539
30540
30542
30554
30564
30579
30582
30585
30604
30612
30617
30620
30624
30646
30663
30665
30666
30676
30693
30695
30713
30715
30718
30725
30759
30760
30765
30769
30772
30782
30792
30797
30800
30808
30836
30855
30868
30870
30882
30888
30892
30941
30945
30949
30958
30969
30981
30982
30983
31003
31013
31014
31018
31019
31020
31070
31073
31080
31089
31097
31104
31105
31110
31116
31124
31126
31156
31187
31199
31200
31204
31206
31208
31211
31212
31221
31222
31254
31260
31267
31274
31276
31281
31282
31295
31306
31315
31324
31341
31348
31378
31380
31385
31392
31412
31429
31456
31457
31468
31485
31486
31493
31502
31509
31511
31531
31532
31536
31561
31571
31573
31580
31594
31608
31620
31621
31622
31623
31629
31637
31639
31659
31672
31673
31681
31689
31709
31713
31748
31759
31782
31797
31819
31855
31860
31867
31876
31878
31880
31887
31889
31893
31894
31923
31925
31940
31942
31965
32015
32028
32036
32038
32044
32051
32076
32098
32099
32107
32125
32156
32168
32171
32173
32209
32215
32248
32262
32286
32333
32337
32356
32365
32385
32386
32388
32404
32420
32428
32438
32444
32451
32462
32479
32494
32497
32502
32503
32517
32521
32522
32523
32525
32528
32532
32542
32548
32555
32562
32570
32579
32585
32590
32617
32630
32634
32649
32659
32676
32678
32681
32683
32689
32692
32721
32731
32744
32755
32759
32771
32775
32776
32782
32793
32795
32814
32830
32831
32846
32859
32888
32907
32909
32917
32928
32929
32941
32960
32963
32972
32992
32994
33004
33013
33022
33059
33076
33092
33102
33105
33126
33128
33135
33140
33144
33153
33156
33163
33172
33180
33199
33200
33220
33235
33238
33250
33265
33273
33282
33312
33331
33376
33385
33399
33400
33413
33435
33443
33446
33449
33452
33456
33457
33466
33470
33489
33490
33516
33519
33521
33522
33524
33531
33543
33547
33550
33551
33557
33563
33566
33615
33618
33621
33667
33671
33677
33678
33682
33690
33705
33713
33737
33738
33742
33744
33757
33760
33764
33774
33777
33791
33805
33806
33819
33820
33832
33833
33834
33837
33843
33846
33851
33872
33876
33878
33885
33911
33928
33936
33950
33978
33981
33984
34000
34016
34018
34019
34027
34031
34032
34034
34043
34053
34071
34092
34099
34100
34103
34109
34114
34119
34124
34137
34140
34142
34152
34157
34159
34185
34219
34231
34244
34245
34261
34264
34269
34282
34314
34330
34335
34345
34350
34358
34363
34364
34370
34383
34395
34409
34410
34416
34428
34431
34450
34470
34471
34479
34495
34501
34504
34505
34508
34512
34514
34521
34526
34542
34543
34545
34548
34552
34572
34587
34590
34607
34611
34616
34620
34638
34641
34649
34664
34671
34677
34706
34708
34712
34729
34761
34769
34773
34793
34804
34808
34811
34820
34838
34839
34853
34855
34903
34908
34920
34929
34936
34939
34940
34964
34983
34991
34998
34999
35012
35014
35017
35022
35031
35064
35069
35070
35074
35080
35081
35095
35106
35107
35112
35136
35145
35147
35152
35177
35198
35214
35216
35235
35256
35267
35276
35284
35312
35326
35328
35334
35337
35354
35382
35391
35400
35402
35407
35417
35424
35425
35430
35433
35436
35442
35471
35478
35480
35505
35508
35527
35540
35562
35568
35570
35594
35612
35643
35651
35683
35684
35705
35709
35712
35718
35722
35738
35743
35747
35750
35758
35760
35761
35770
35781
35784
35785
35817
35832
35847
35891
35897
35909
35917
35919
35920
35931
35938
35955
35964
35981
35985
35992
36005
36006
36034
36035
36043
36044
36046
36055
36066
36094
36103
36105
36107
36109
36121
36127
36139
36143
36144
36152
36157
36164
36177
36178
36184
36195
36206
36212
36221
36228
36229
36257
36259
36276
36300
36302
36311
36316
36330
36350
36353
36361
36374
36387
36406
36413
36425
36473
36503
36532
36538
36539
36545
36554
36557
36602
36605
36606
36614
36638
36647
36659
36665
36667
36669
36672
36685
36690
36695
36737
36745
36748
36749
36757
36766
36767
36777
36785
36796
36806
36809
36810
36813
36818
36822
36841
36845
36876
36897
36915
36916
36921
36924
36967
36970
36975
37008
37041
37046
37049
37054
37059
37061
37080
37102
37119
37120
37125
37139
37142
37160
37164
37171
37176
37181
37183
37204
37210
37213
37214
37223
37226
37234
37237
37247
37257
37261
37265
37282
37290
37323
37341
37342
37348
37386
37413
37421
37426
37439
37467
37473
37480
37481
37497
37504
37511
37527
37528
37534
37536
37568
37577
37585
37589
37591
37615
37629
37637
37639
37642
37683
37695
37696
37712
37716
37720
37721
37744
37747
37751
37754
37756
37760
37765
37772
37775
37782
37786
37799
37807
37819
37823
37827
37829
37843
37846
37864
37877
37886
37889
37909
37913
37935
37946
37952
37963
37965
37975
37979
37982
38000
38001
38019
38022
38028
38037
38048
38051
38069
38086
38091
38095
38098
38106
38108
38114
38116
38147
38167
38183
38196
38197
38209
38217
38225
38228
38230
38233
38269
38275
38306
38307
38310
38333
38338
38340
38341
38358
38397
38398
38399
38403
38447
38471
38476
38481
38487
38490
38506
38511
38523
38542
38550
38553
38568
38578
38590
38593
38595
38603
38606
38609
38620
38621
38626
38655
38677
38680
38689
38704
38713
38715
38723
38730
38732
38733
38746
38756
38757
38762
38775
38792
38800
38807
38813
38819
38821
38824
38826
38847
38874
38893
38895
38923
38943
38951
38966
38969
38970
39023
39027
39036
39041
39051
39054
39067
39081
39083
39095
39101
39103
39126
39129
39132
39142
39153
39156
39157
39170
39178
39179
39183
39201
39208
39216
39242
39247
39282
39296
39299
39301
39317
39328
39334
39337
39340
39349
39353
39358
39365
39370
39396
39397
39399
39405
39415
39421
39474
39483
39489
39492
39493
39496
39521
39525
39530
39531
39532
39535
39539
39545
39551
39559
39566
39571
39595
39606
39607
39614
39615
39626
39643
39645
39649
39650
39669
39671
39682
39683
39688
39689
39697
39703
39718
39735
39740
39777
39779
39791
39799
39827
39832
39844
39846
39860
39863
39880
39887
39893
39911
39913
39924
39926
39943
39944
39952
39961
39978
39980
39993
40016
40027
40032
40037
40041
40043
40066
40072
40092
40099
40100
40118
40123
40132
40138
40139
40150
40170
40197
40199
40200
40209
40210
40216
40235
40248
40253
40256
40261
40266
40276
40281
40283
40298
40303
40308
40317
40354
40360
40372
40377
40389
40390
40396
40420
40421
40425
40428
40430
40439
40441
40448
40462
40482
40483
40484
40493
40495
40505
40514
40526
40527
40532
40539
40540
40544
40556
40559
40563
40564
40565
40583
40585
40588
40590
40602
40644
40648
40657
40662
40667
40668
40683
40693
40698
40711
40712
40723
40724
40726
40729
40748
40750
40757
40771
40772
40774
40778
40782
40785
40823
40826
40835
40836
40841
40846
40862
40868
40875
40879
40910
40914
40921
40924
40931
40942
40955
40968
40984
40993
41007
41009
41013
41032
41040
41059
41061
41075
41082
41085
41088
41118
41121
41164
41168
41169
41182
41183
41187
41193
41211
41218
41232
41235
41245
41260
41262
41292
41296
41303
41324
41348
41351
41356
41389
41414
41427
41438
41458
41459
41471
41477
41478
41491
41494
41590
41595
41599
41600
41627
41641
41644
41649
41666
41670
41673
41680
41687
41696
41699
41718
41726
41731
41742
41743
41745
41785
41787
41794
41802
41848
41856
41862
41866
41871
41903
41913
41928
41936
41941
41944
41948
41952
41954
41960
41963
41980
41992
41994
42021
42026
42031
42041
42052
42055
42061
42064
42069
42091
42104
42131
42149
42164
42178
42184
42189
42190
42210
42256
42265
42268
42269
42274
42279
42282
42298
42305
42306
42316
42319
42324
42336
42339
42342
42345
42364
42375
42388
42398
42400
42417
42421
42434
42445
42464
42468
42478
42482
42500
42502
42503
42516
42517
42520
42547
42559
42564
42580
42587
42591
42601
42619
42620
42621
42629
42645
42649
42663
42677
42698
42701
42714
42724
42727
42730
42742
42749
42750
42754
42760
42762
42778
42784
42799
42818
42825
42855
42862
42863
42869
42878
42896
42898
42900
42906
42907
42909
42914
42922
42923
42929
42933
42937
42954
42957
42966
42967
42981
43007
43031
43041
43047
43054
43059
43070
43072
43081
43086
43089
43108
43110
43116
43143
43159
43162
43167
43181
43189
43191
43192
43226
43228
43235
43255
43261
43262
43269
43276
43284
43298
43300
43328
43355
43357
43367
43371
43415
43443
43447
43457
43466
43479
43490
43492
43547
43555
43556
43579
43593
43600
43603
43608
43619
43620
43623
43654
43662
43669
43690
43698
43700
43709
43745
43748
43756
43765
43768
43782
43790
43791
43817
43827
43829
43832
43833
43861
43864
43870
43872
43877
43894
43905
43915
43920
43927
43940
43946
43964
43969
43973
43983
44005
44008
44015
44022
44029
44035
44041
44044
44051
44061
44074
44092
44094
44117
44130
44143
44162
44167
44206
44223
44225
44241
44242
44248
44266
44279
44283
44300
44315
44316
44336
44340
44361
44363
44386
44392
44394
44402
44409
44411
44412
44421
44476
44481
44487
44502
44506
44510
44511
44514
44539
44576
44616
44624
44625
44650
44653
44656
44657
44665
44692
44704
44726
44735
44750
44760
44770
44776
44791
44806
44834
44840
44842
44848
44881
44892
44918
44935
44938
44939
44943
44944
44948
44959
44961
44963
44976
44984
45005
45012
45019
45024
45035
45036
45038
45041
45055
45079
45088
45096
45110
45116
45123
45129
45132
45141
45150
45159
45162
45167
45190
45193
45199
45209
45226
45228
45249
45260
45262
45263
45277
45286
45292
45308
45313
45334
45348
45351
45356
45386
45401
45409
45412
45418
45422
45451
45461
45462
45465
45475
45476
45492
45496
45505
45522
45525
45526
45531
45538
45542
45550
45558
45567
45580
45587
45597
45599
45600
45630
45634
45664
45669
45673
45686
45701
45707
45709
45727
45755
45780
45785
45786
45802
45807
45851
45854
45855
45868
45882
45895
45905
45948
45951
45970
45973
45974
45983
45994
46012
46028
46031
46033
46039
46044
46051
46055
46056
46080
46106
46114
46119
46123
46125
46129
46130
46136
46140
46157
46168
46170
46179
46188
46204
46210
46229
46230
46243
46249
46255
46273
46281
46296
46302
46318
46319
46320
46321
46322
46338
46359
46361
46364
46365
46379
46384
46388
46390
46396
46400
46421
46432
46450
46451
46456
46470
46477
46486
46489
46492
46497
46508
46514
46536
46538
46544
46566
46570
46588
46593
46595
46599
46605
46606
46607
46611
46613
46624
46637
46662
46663
46664
46684
46707
46714
46715
46729
46730
46742
46743
46760
46772
46783
46784
46797
46802
46816
46833
46840
46849
46856
46861
46873
46877
46879
46894
46903
46907
46922
46937
46956
46969
46974
46982
46985
46999
47000
47008
47020
47037
47068
47081
47084
47086
47089
47100
47104
47141
47152
47159
47161
47163
47236
47249
47264
47266
47270
47272
47288
47298
47316
47323
47328
47334
47367
47384
47385
47388
47396
47410
47414
47415
47418
47433
47438
47440
47484
47496
47499
47521
47522
47523
47529
47552
47567
47576
47591
47603
47621
47637
47644
47645
47648
47658
47661
47664
47665
47671
47696
47729
47744
47756
47763
47769
47776
47802
47812
47817
47826
47827
47846
47853
47871
47878
47885
47886
47889
47894
47899
47907
47913
47920
47927
47937
47940
47952
47956
47979
47982
47993
47995
47996
48021
48025
48031
48032
48044
48046
48055
48066
48112
48114
48115
48122
48125
48139
48147
48153
48158
48162
48165
48167
48179
48193
48195
48203
48208
48213
48219
48255
48258
48261
48272
48294
48307
48312
48330
48337
48339
48350
48371
48374
48376
48389
48398
48438
48491
48520
48523
48536
48544
48546
48555
48568
48571
48576
48578
48580
48585
48586
48587
48597
48598
48615
48619
48628
48631
48635
48646
48678
48685
48703
48718
48719
48722
48726
48738
48742
48749
48765
48778
48785
48806
48815
48817
48830
48836
48846
48860
48880
48882
48894
48896
48897
48913
48930
48941
48950
48968
48972
48979
48980
48994
49024
49029
49035
49051
49064
49085
49109
49126
49136
49142
49155
49162
49170
49174
49180
49182
49189
49198
49236
49239
49246
49255
49268
49272
49279
49281
49320
49328
49333
49335
49351
49361
49363
49365
49369
49373
49378
49381
49414
49416
49418
49421
49429
49430
49434
49436
49446
49456
49457
49466
49474
49479
49480
49481
49503
49504
49514
49526
49531
49537
49553
49555
49565
49628
49636
49649
49651
49658
49660
49663
49682
49689
49721
49724
49731
49735
49746
49757
49772
49778
49779
49783
49797
49801
49805
49816
49819
49836
49840
49849
49851
49868
49875
49878
49886
49898
49899
49903
49906
49920
49925
49929
49930
49935
49948
49953
49957
49963
49966
49973
49979
49989
49999
50018
50026
50046
50053
50054
50055
50082
50085
50094
50115
50125
50135
50148
50154
50162
50164
50165
50176
50182
50192
50194
50212
50215
50216
50217
50222
50230
50233
50258
50260
50273
50292
50296
50307
50311
50329
50331
50336
50345
50351
50352
50359
50362
50367
50373
50388
50406
50411
50418
50421
50422
50426
50432
50439
50444
50470
50482
50487
50488
50489
50495
50527
50533
50549
50559
50578
50582
50587
50594
50600
50616
50618
50623
50630
50631
50632
50658
50670
50674
50688
50693
50701
50708
50725
50726
50727
50728
50738
50740
50747
50749
50757
50776
50778
50779
50784
50805
50833
50856
50874
50882
50889
50891
50901
50919
50936
50957
50988
50999
51006
51067
51085
51095
51099
51108
51110
51119
51136
51142
51148
51150
51166
51171
51180
51183
51187
51193
51197
51221
51223
51227
51235
51236
51242
51265
51271
51280
51285
51317
51320
51323
51329
51334
51362
51383
51418
51423
51443
51444
51453
51464
51479
51480
51482
51512
51517
51520
51524
51530
51537
51551
51553
51558
51570
51574
51578
51587
51590
51602
51603
51610
51621
51629
51641
51662
51669
51678
51710
51711
51727
51758
51765
51767
51778
51782
51784
51794
51796
51797
51802
51807
51824
51832
51842
51844
51845
51856
51862
51887
51888
51920
51943
51947
51950
51953
51964
51965
51969
51977
51982
51983
51988
51994
51998
52009
52016
52032
52033
52044
52063
52065
52068
52075
52079
52084
52087
52088
52091
52097
52102
52121
52137
52140
52141
52142
52150
52151
52160
52166
52168
52174
52175
52179
52187
52188
52214
52228
52235
52244
52263
52266
52267
52270
52274
52278
52286
52309
52311
52315
52327
52342
52351
52358
52362
52368
52372
52374
52377
52387
52406
52408
52411
52433
52450
52451
52453
52461
52479
52481
52487
52489
52492
52493
52494
52513
52517
52530
52541
52559
52589
52592
52603
52610
52625
52630
52644
52655
52660
52669
52700
52705
52743
52756
52776
52794
52804
52813
52818
52823
52833
52850
52851
52854
52859
52861
52863
52864
52871
52876
52886
52904
52911
52918
52923
52945
52948
52956
52989
52999
53003
53013
53027
53061
53080
53084
53085
53092
53125
53146
53149
53152
53157
53162
53177
53188
53189
53204
53225
53230
53237
53245
53246
53252
53257
53275
53284
53294
53305
53310
53334
53337
53345
53348
53363
53388
53397
53416
53451
53453
53472
53474
53476
53489
53499
53502
53522
53530
53546
53548
53549
53550
53556
53565
53574
53599
53617
53628
53648
53652
53686
53689
53721
53726
53727
53731
53744
53750
53754
53761
53787
53806
53811
53814
53817
53819
53832
53835
53838
53849
53877
53903
53907
53918
53937
53968
53978
53991
54003
54016
54022
54056
54061
54070
54072
54085
54095
54107
54111
54122
54142
54145
54173
54174
54189
54192
54214
54226
54228
54232
54234
54268
54269
54278
54296
54298
54306
54316
54317
54319
54321
54335
54388
54416
54418
54427
54447
54463
54476
54479
54485
54505
54509
54527
54532
54542
54546
54575
54576
54581
54597
54608
54609
54626
54647
54648
54650
54659
54684
54687
54700
54702
54722
54732
54743
54753
54775
54783
54787
54788
54792
54807
54824
54831
54873
54881
54891
54892
54907
54925
54926
54928
54930
54950
54957
54970
54972
54983
54992
54994
55008
55027
55029
55055
55063
55066
55074
55084
55086
55103
55125
55128
55155
55167
55171
55172
55175
55194
55201
55212
55214
55237
55255
55257
55266
55287
55293
55312
55316
55323
55334
55338
55341
55386
55406
55466
55474
55476
55487
55504
55505
55509
55512
55523
55552
55581
55594
55595
55598
55626
55629
55634
55645
55651
55654
55660
55685
55695
55700
55708
55721
55729
55736
55746
55747
55749
55756
55760
55766
55773
55774
55776
55784
55824
55833
55836
55839
55840
55850
55853
55856
55864
55868
55884
55891
55912
55917
55927
55931
55941
55943
55946
55949
55955
55973
55974
55981
56016
56033
56035
56062
56076
56082
56084
56087
56109
56143
56148
56151
56154
56168
56173
56194
56207
56208
56220
56238
56239
56262
56268
56278
56282
56287
56288
56296
56306
56317
56321
56322
56334
56338
56340
56348
56354
56356
56361
56375
56376
56378
56400
56443
56456
56472
56474
56480
56484
56486
56497
56516
56537
56550
56576
56595
56615
56620
56630
56633
56639
56671
56672
56676
56680
56686
56714
56736
56747
56752
56770
56795
56796
56799
56805
56811
56814
56818
56828
56831
56832
56837
56838
56839
56856
56858
56862
56864
56876
56886
56891
56900
56904
56912
56916
56918
56922
56941
56950
56973
56986
56990
57009
57015
57020
57024
57029
57032
57034
57035
57039
57043
57057
57064
57082
57086
57093
57101
57108
57115
57124
57126
57134
57174
57196
57210
57216
57235
57240
57254
57257
57263
57270
57353
57355
57366
57374
57388
57402
57424
57428
57434
57438
57448
57457
57461
57465
57474
57475
57476
57480
57482
57490
57507
57509
57515
57538
57540
57547
57562
57577
57587
57593
57599
57615
57619
57630
57640
57648
57664
57674
57682
57683
57687
57689
57701
57714
57721
57725
57728
57730
57764
57771
57779
57781
57811
57818
57819
57830
57831
57835
57851
57896
57901
57906
57917
57920
57931
57937
57963
57978
57985
57987
57992
57997
57999
58027
58031
58052
58062
58063
58066
58071
58090
58096
58106
58108
58125
58136
58141
58176
58194
58215
58227
58246
58267
58283
58286
58289
58308
58311
58327
58330
58355
58366
58377
58397
58407
58411
58423
58439
58449
58455
58459
58472
58479
58489
58493
58498
58500
58534
58536
58540
58545
58551
58552
58554
58572
58576
58588
58595
58615
58625
58647
58655
58669
58680
58716
58718
58720
58723
58738
58741
58755
58757
58776
58777
58779
58780
58797
58802
58803
58810
58813
58823
58828
58841
58855
58890
58901
58912
58926
58927
58944
58966
58991
58994
59003
59015
59022
59024
59037
59058
59060
59089
59096
59099
59101
59122
59125
59126
59144
59152
59158
59160
59163
59165
59174
59175
59176
59200
59204
59218
59222
59251
59253
59254
59266
59280
59290
59296
59298
59300
59305
59319
59326
59333
59339
59341
59343
59349
59360
59397
59428
59434
59435
59436
59439
59460
59461
59471
59473
59475
59502
59503
59505
59508
59517
59526
59529
59541
59544
59545
59556
59570
59573
59605
59613
59616
59617
59629
59630
59636
59648
59659
59661
59664
59666
59686
59688
59693
59696
59698
59709
59724
59736
59761
59776
59786
59796
59807
59842
59845
59846
59854
59862
59865
59876
59880
59897
59898
59918
59946
59961
59963
59969
59970
59974
59976
59982
59989
59990
59993
