2
9
17
27
40
49
67
72
103
104
105
112
137
140
152
154
161
165
169
172
173
178
191
202
212
216
222
243
250
262
273
290
309
327
338
341
342
347
348
360
361
366
385
396
397
404
429
434
445
447
462
463
466
467
471
486
491
496
498
501
509
511
520
525
527
528
529
558
571
574
575
584
598
599
606
613
621
622
631
632
646
648
653
658
663
686
688
689
700
713
717
730
733
734
778
782
797
801
819
822
827
834
845
852
855
858
859
884
890
904
916
919
932
934
950
974
986
993
999
1049
1061
1063
1078
1093
1109
1112
1122
1132
1154
1160
1179
1181
1186
1195
1205
1207
1209
1210
1217
1229
1231
1259
1261
1264
1289
1300
1303
1335
1338
1344
1351
1375
1385
1404
1409
1420
1429
1440
1442
1463
1464
1467
1471
1484
1493
1499
1503
1511
1519
1528
1546
1560
1561
1563
1567
1572
1581
1586
1587
1596
1605
1610
1617
1618
1620
1622
1624
1636
1647
1651
1652
1657
1661
1663
1666
1694
1712
1714
1744
1746
1747
1749
1755
1757
1762
1763
1769
1779
1780
1826
1845
1849
1851
1861
1866
1878
1891
1894
1914
1916
1923
1926
1933
1955
1958
1977
1978
2031
2054
2056
2063
2079
2085
2096
2097
2099
2104
2105
2107
2116
2121
2123
2131
2133
2147
2156
2163
2176
2178
2183
2188
2192
2204
2234
2247
2264
2270
2282
2290
2302
2310
2320
2334
2350
2351
2352
2354
2368
2375
2376
2412
2415
2425
2444
2456
2463
2483
2493
2501
2505
2519
2520
2533
2535
2538
2564
2583
2595
2625
2652
2659
2662
2666
2675
2684
2712
2736
2768
2790
2815
2830
2831
2843
2860
2871
2873
2878
2888
2890
2918
2934
2952
2953
2960
2962
2969
2981
2987
3014
3015
3025
3028
3033
3034
3047
3073
3093
3102
3140
3153
3162
3176
3182
3206
3243
3251
3252
3265
3272
3284
3292
3320
3323
3350
3360
3365
3366
3393
3397
3405
3406
3415
3423
3425
3457
3468
3470
3480
3499
3519
3521
3525
3526
3542
3545
3563
3568
3574
3577
3608
3614
3629
3631
3653
3663
3672
3681
3688
3717
3728
3738
3747
3770
3778
3802
3852
3856
3862
3870
3876
3885
3887
3891
3907
3913
3937
3952
3968
3976
3991
3996
4001
4011
4029
4033
4035
4059
4072
4077
4080
4091
4102
4117
4132
4142
4150
4174
4182
4208
4229
4235
4237
4241
4250
4308
4312
4325
4342
4355
4360
4420
4421
4428
4447
4457
4459
4464
4473
4477
4490
4491
4510
4517
4549
4556
4569
4570
4575
4582
4592
4593
4598
4610
4613
4622
4627
4633
4662
4667
4681
4683
4688
4703
4709
4712
4714
4722
4726
4728
4735
4749
4750
4769
4771
4780
4782
4815
4820
4822
4823
4847
4851
4889
4899
4934
4952
4954
4980
4983
4987
4991
5013
5014
5024
5042
5049
5061
5068
5077
5079
5114
5132
5164
5165
5177
5182
5207
5230
5232
5237
5245
5264
5296
5305
5320
5324
5335
5393
5398
5405
5444
5446
5451
5455
5458
5459
5479
5483
5485
5508
5518
5536
5544
5547
5564
5565
5573
5578
5580
5601
5609
5610
5620
5628
5633
5636
5640
5691
5711
5723
5729
5730
5754
5762
5776
5815
5818
5820
5834
5847
5852
5853
5875
5887
5888
5906
5908
5912
5913
5917
5925
5928
5940
5947
5980
5997
6004
6008
6010
6021
6033
6038
6044
6076
6079
6085
6098
6100
6104
6118
6130
6148
6149
6155
6156
6157
6166
6167
6186
6194
6202
6205
6206
6228
6229
6233
6269
6284
6291
6304
6329
6333
6357
6365
6438
6453
6471
6478
6480
6482
6488
6501
6505
6507
6514
6538
6550
6553
6555
6557
6560
6584
6617
6625
6629
6635
6639
6687
6696
6716
6721
6722
6723
6753
6762
6815
6826
6829
6832
6834
6835
6841
6844
6859
6866
6867
6916
6927
6932
6942
6956
6964
6987
7001
7034
7038
7039
7048
7055
7061
7070
7109
7125
7129
7132
7140
7144
7146
7149
7155
7157
7171
7178
7187
7208
7210
7213
7223
7250
7261
7268
7280
7291
7302
7309
7310
7319
7327
7335
7346
7355
7358
7376
7377
7395
7407
7420
7424
7429
7434
7439
7452
7455
7462
7500
7556
7568
7575
7576
7594
7596
7601
7610
7614
7627
7635
7658
7660
7678
7714
7715
7725
7726
7733
7734
7739
7743
7744
7747
7752
7763
7791
7796
7804
7807
7813
7821
7823
7825
7838
7851
7873
7875
7894
7916
7934
7942
7955
7958
7962
7966
7990
7992
7993
7996
7998
8018
8037
8039
8040
8051
8071
8075
8088
8111
8117
8120
8135
8138
8139
8154
8164
8176
8187
8202
8236
8244
8259
8275
8282
8288
8299
8300
8322
8326
8330
8360
8372
8378
8383
8393
8401
8410
8419
8421
8449
8461
8473
8477
8478
8479
8481
8482
8500
8512
8515
8526
8532
8558
8560
8568
8569
8572
8583
8588
8598
8621
8626
8633
8636
8638
8651
8669
8673
8692
8700
8729
8743
8752
8754
8804
8808
8837
8854
8858
8875
8883
8890
8891
8909
8919
8924
8929
8937
8943
8951
8964
8972
8975
8996
8997
9015
9024
9048
9050
9061
9077
9083
9088
9105
9135
9143
9144
9151
9161
9167
9185
9191
9218
9240
9250
9258
9264
9266
9278
9279
9290
9309
9312
9332
9336
9339
9342
9351
9359
9360
9372
9377
9379
9381
9392
9399
9403
9413
9433
9436
9447
9461
9482
9514
9533
9545
9554
9556
9559
9571
9581
9602
9627
9638
9641
9643
9644
9660
9663
9729
9730
9739
9743
9746
9762
9764
9775
9785
9787
9794
9796
9803
9805
9811
9819
9822
9848
9850
9875
9894
9899
9919
9921
9957
9960
9969
9974
9986
10003
10009
10015
10019
10022
10025
10035
10044
10047
10062
10073
10079
10084
10088
10101
10118
10121
10131
10137
10145
10162
10173
10183
10189
10197
10212
10221
10224
10230
10241
10255
10264
10268
10274
10275
10282
10289
10290
10317
10321
10326
10338
10365
10377
10399
10405
10407
10410
10411
10425
10435
10479
10483
10501
10503
10518
10537
10540
10554
10565
10578
10593
10605
10608
10619
10622
10627
10639
10646
10658
10671
10672
10673
10678
10679
10695
10700
10708
10718
10722
10726
10736
10741
10772
10777
10781
10797
10820
10822
10828
10834
10836
10839
10874
10884
10885
10899
10916
10919
10925
10935
10959
10965
10975
10998
11017
11046
11048
11065
11069
11082
11087
11094
11114
11147
11157
11162
11173
11175
11176
11179
11181
11190
11213
11214
11235
11241
11248
11255
11276
11283
11285
11291
11298
11301
11316
11320
11330
11333
11342
11346
11358
11372
11388
11391
11410
11427
11429
11448
11456
11462
11467
11501
11505
11510
11520
11528
11532
11545
11566
11583
11590
11596
11597
11604
11606
11609
11613
11627
11631
11644
11648
11650
11654
11656
11678
11686
11690
11691
11692
11694
11699
11704
11708
11711
11723
11725
11744
11752
11773
11774
11786
11805
11806
11814
11857
11864
11913
11962
11964
11969
11980
11982
11998
12003
12011
12013
12034
12050
12056
12058
12085
12090
12107
12110
12119
12121
12123
12128
12138
12163
12171
12172
12175
12188
12211
12216
12225
12232
12243
12251
12261
12278
12287
12290
12296
12336
12339
12341
12353
12365
12372
12378
12391
12395
12409
12415
12425
12438
12463
12470
12473
12477
12480
12489
12494
12500
12501
12502
12504
12509
12517
12524
12528
12530
12546
12549
12580
12584
12589
12590
12596
12601
12607
12624
12629
12633
12642
12660
12663
12674
12675
12680
12683
12689
12703
12709
12720
12722
12724
12730
12736
12756
12760
12765
12767
12768
12770
12797
12817
12824
12831
12836
12839
12862
12864
12879
12884
12936
12939
12958
12961
12963
12972
12974
12979
12988
12991
13001
13002
13021
13029
13046
13047
13054
13059
13064
13098
13118
13135
13142
13160
13163
13209
13211
13212
13216
13217
13220
13230
13240
13252
13264
13279
13282
13283
13303
13310
13342
13353
13355
13358
13363
13375
13408
13411
13412
13417
13427
13447
13448
13452
13464
13477
13478
13486
13506
13531
13540
13553
13554
13558
13559
13560
13565
13572
13590
13591
13595
13601
13629
13637
13644
13669
13688
13691
13708
13720
13725
13749
13759
13760
13774
13775
13779
13795
13804
13811
13832
13838
13866
13870
13887
13901
13912
13914
13929
13932
13937
13940
13959
13967
13968
13970
13971
13980
14005
14006
14017
14018
14034
14042
14081
14115
14123
14146
14165
14173
14180
14181
14183
14190
14202
14217
14227
14254
14277
14290
14311
14312
14313
14314
14324
14344
14349
14357
14367
14371
14387
14404
14434
14435
14443
14450
14452
14484
14497
14508
14510
14525
14541
14543
14553
14570
14577
14579
14591
14595
14597
14598
14640
14647
14650
14658
14676
14679
14699
14713
14714
14743
14767
14790
14792
14795
14804
14844
14862
14866
14873
14883
14887
14894
14909
14918
14920
14927
14933
14945
14953
14964
14988
15009
15017
15020
15022
15032
15052
15060
15079
15113
15124
15128
15129
15132
15141
15157
15194
15195
15201
15220
15221
15247
15262
15269
15273
15277
15305
15313
15329
15349
15353
15359
15370
15378
15399
15409
15418
15430
15445
15448
15452
15455
15456
15474
15475
15490
15495
15500
15525
15530
15535
15539
15561
15569
15593
15611
15613
15621
15624
15632
15633
15637
15642
15653
15662
15664
15666
15671
15689
15692
15698
15704
15733
15766
15783
15813
15814
15816
15823
15827
15836
15837
15843
15844
15852
15872
15877
15883
15894
15908
15909
15938
15959
15990
16012
16015
16017
16020
16030
16040
16047
16058
16068
16072
16088
16097
16120
16145
16149
16153
16155
16156
16171
16177
16188
16200
16213
16235
16239
16256
16265
16283
16330
16343
16396
16407
16414
16416
16418
16419
16420
16424
16430
16436
16451
16463
16474
16482
16496
16502
16515
16530
16551
16559
16567
16573
16585
16587
16611
16621
16623
16626
16631
16642
16647
16659
16661
16665
16667
16677
16679
16680
16682
16705
16710
16719
16727
16734
16741
16747
16750
16751
16763
16765
16772
16774
16778
16796
16810
16821
16832
16840
16852
16881
16908
16912
16919
16932
16939
16948
16955
16962
16995
17013
17020
17023
17026
17029
17032
17034
17036
17049
17061
17071
17073
17074
17078
17141
17148
17177
17223
17229
17244
17245
17258
17265
17299
17313
17328
17332
17341
17359
17396
17415
17425
17427
17444
17448
17455
17469
17473
17477
17479
17495
17497
17500
17501
17502
17504
17506
17519
17526
17529
17536
17557
17568
17572
17579
17588
17604
17608
17609
17612
17622
17624
17626
17639
17647
17665
17670
17684
17704
17714
17729
17741
17780
17810
17824
17841
17850
17856
17871
17875
17904
17932
17934
17960
17984
17987
17990
17999
18004
18009
18014
18046
18061
18085
18090
18093
18096
18120
18122
18123
18140
18150
18164
18166
18167
18172
18176
18189
18190
18195
18200
18204
18207
18216
18229
18254
18266
18269
18273
18276
18280
18283
18303
18305
18321
18327
18332
18344
18354
18362
18363
18364
18368
18371
18412
18416
18423
18425
18437
18462
18467
18473
18478
18484
18490
18493
18496
18505
18521
18531
18534
18542
18544
18558
18569
18574
18575
18623
18627
18631
18637
18675
18699
18707
18716
18737
18751
18760
18770
18773
18788
18791
18793
18806
18824
18854
18858
18864
18878
18896
18928
18944
18962
18965
18976
18982
18986
19002
19006
19026
19033
19034
19042
19052
19053
19054
19055
19059
19061
19063
19067
19072
19076
19086
19127
19133
19162
19175
19181
19182
19194
19200
19205
19206
19207
19216
19222
19223
19230
19246
19249
19255
19257
19272
19273
19276
19285
19313
19315
19320
19325
19369
19370
19388
19392
19395
19402
19410
19422
19441
19451
19452
19458
19464
19474
19481
19485
19486
19553
19557
19569
19576
19578
19591
19604
19605
19609
19634
19650
19656
19675
19677
19688
19694
19721
19726
19749
19753
19763
19781
19790
19811
19823
19848
19851
19852
19855
19872
19904
19905
19933
19941
19979
19984
20002
20005
20036
20045
20047
20048
20066
20068
20085
20088
20099
20121
20135
20144
20149
20182
20187
20193
20221
20223
20246
20249
20254
20268
20270
20271
20291
20303
20311
20323
20325
20354
20368
20388
20390
20391
20396
20397
20401
20402
20427
20445
20446
20450
20457
20478
20490
20494
20496
20503
20518
20531
20540
20570
20573
20574
20576
20580
20582
20586
20591
20594
20617
20618
20620
20631
20648
20649
20678
20685
20695
20697
20699
20702
20703
20706
20719
20721
20722
20724
20728
20731
20741
20749
20759
20776
20800
20802
20812
20820
20833
20836
20837
20842
20844
20848
20875
20878
20890
20908
20912
20919
20932
20947
20958
20964
20970
20974
20977
20993
21009
21011
21013
21017
21027
21040
21054
21078
21081
21082
21086
21092
21098
21108
21119
21127
21128
21139
21152
21158
21172
21176
21190
21203
21213
21214
21226
21228
21231
21238
21254
21259
21269
21272
21277
21290
21301
21302
21307
21308
21314
21326
21331
21340
21348
21388
21395
21400
21411
21419
21426
21431
21440
21449
21468
21469
21474
21491
21497
21518
21536
21553
21562
21574
21582
21598
21611
21612
21622
21625
21628
21632
21633
21662
21664
21666
21669
21683
21690
21709
21735
21751
21758
21763
21765
21777
21784
21794
21796
21800
21809
21833
21835
21837
21855
21866
21874
21879
21887
21905
21910
21923
21942
21944
21945
21951
21965
21970
21971
21972
21975
21976
21978
21982
21984
21985
21990
22010
22020
22029
22039
22042
22047
22087
22090
22103
22127
22137
22141
22148
22169
22207
22216
22229
22238
22256
22259
22269
22270
22279
22301
22311
22315
22319
22325
22328
22333
22335
22339
22364
22373
22386
22387
22389
22390
22392
22411
22416
22427
22442
22447
22450
22465
22489
22491
22503
22508
22528
22530
22535
22546
22566
22570
22572
22590
22592
22614
22629
22630
22636
22637
22654
22668
22688
22689
22694
22696
22705
22714
22719
22746
22754
22756
22767
22781
22786
22789
22802
22811
22813
22814
22823
22826
22839
22843
22852
22882
22886
22916
22954
22963
22983
22984
22993
23021
23037
23042
23061
23089
23116
23126
23127
23135
23140
23141
23147
23166
23176
23187
23190
23197
23221
23223
23229
23241
23252
23261
23265
23279
23300
23306
23325
23332
23342
23343
23344
23345
23372
23378
23390
23405
23411
23415
23445
23451
23456
23471
23482
23483
23496
23515
23523
23530
23537
23552
23567
23576
23578
23579
23580
23589
23604
23612
23631
23655
23662
23667
23669
23672
23673
23674
23679
23681
23702
23706
23718
23738
23746
23752
23758
23779
23786
23787
23789
23815
23827
23837
23851
23865
23867
23881
23895
23897
23908
23919
23937
23939
23940
23952
23963
23965
23968
23973
23974
23975
23976
23988
23995
24002
24007
24041
24065
24072
24077
24087
24090
24095
24130
24148
24176
24177
24190
24200
24203
24224
24229
24233
24241
24251
24265
24279
24307
24313
24316
24317
24324
24336
24337
24340
24345
24350
24351
24356
24372
24389
24418
24420
24422
24428
24430
24433
24444
24446
24449
24454
24459
24474
24476
24477
24479
24492
24496
24502
24514
24527
24550
24567
24580
24590
24602
24609
24624
24625
24626
24627
24642
24643
24665
24683
24703
24708
24717
24730
24739
24741
24780
24809
24818
24822
24847
24873
24874
24878
24886
24917
24923
24924
24927
24931
24939
24957
24969
24970
24973
25011
25012
25017
25035
25036
25052
25055
25058
25066
25069
25071
25074
25094
25096
25105
25108
25109
25121
25126
25128
25144
25149
25168
25180
25193
25195
25214
25218
25223
25239
25245
25247
25253
25263
25289
25338
25339
25359
25362
25366
25367
25369
25372
25378
25388
25391
25403
25430
25436
25438
25440
25451
25455
25461
25463
25464
25467
25470
25489
25496
25515
25522
25531
25543
25558
25563
25564
25595
25600
25603
25609
25610
25621
25635
25639
25641
25644
25664
25669
25682
25689
25699
25707
25715
25737
25746
25755
25760
25776
25789
25796
25805
25811
25827
25828
25831
25835
25836
25858
25859
25863
25866
25892
25896
25911
25922
25923
25924
25936
25954
25963
25966
25975
25977
26014
26024
26025
26034
26035
26046
26063
26066
26067
26069
26078
26087
26090
26091
26099
26109
26113
26115
26120
26139
26144
26153
26154
26158
26169
26182
26220
26244
26245
26250
26253
26259
26264
26277
26292
26294
26305
26321
26342
26352
26366
26405
26413
26414
26418
26423
26434
26467
26469
26471
26476
26486
26501
26503
26527
26536
26557
26568
26570
26590
26593
26599
26606
26618
26619
26632
26636
26644
26650
26653
26664
26665
26670
26677
26685
26690
26694
26719
26720
26725
26731
26732
26747
26750
26752
26761
26782
26811
26850
26883
26892
26898
26900
26915
26929
26932
26934
26946
26948
26958
26959
26993
27002
27049
27054
27056
27083
27089
27104
27123
27128
27136
27148
27165
27166
27167
27185
27188
27206
27223
27226
27238
27243
27249
27252
27258
27269
27288
27290
27318
27320
27337
27338
27342
27345
27347
27394
27433
27448
27463
27466
27475
27492
27501
27509
27512
27517
27521
27522
27523
27527
27528
27533
27552
27561
27564
27572
27574
27597
27598
27606
27618
27625
27642
27653
27655
27663
27664
27668
27678
27679
27684
27693
27694
27700
27701
27715
27726
27730
27732
27738
27741
27747
27750
27761
27777
27782
27783
27788
27805
27840
27849
27861
27874
27879
27882
27891
27898
27902
27912
27916
27928
27939
27952
27958
27961
27968
27975
27989
27992
27993
27996
28014
28017
28041
28042
28053
28057
28067
28070
28079
28093
28099
28100
28116
28162
28180
28196
28203
28212
28259
28264
28285
28290
28297
28301
28314
28324
28339
28351
28366
28367
28390
28397
28402
28404
28429
28449
28454
28475
28483
28489
28491
28498
28500
28503
28514
28515
28518
28529
28532
28535
28556
28560
28598
28603
28607
28631
28657
28661
28671
28677
28703
28707
28714
28736
28747
28791
28798
28813
28815
28824
28827
28832
28845
28855
28874
28881
28918
28941
28953
28954
28973
28976
28981
28984
28996
28997
29003
29016
29025
29029
29032
29037
29039
29046
29070
29082
29104
29130
29150
29153
29154
29167
29175
29181
29231
29242
29247
29260
29268
29280
29301
29302
29303
29305
29306
29307
29344
29369
29370
29396
29409
29414
29431
29437
29471
29485
29493
29517
29528
29547
29586
29594
29598
29623
29629
29641
29643
29662
29663
29674
29678
29682
29697
29699
29703
29718
29730
29734
29745
29747
29764
29767
29782
29801
29825
29828
29845
29853
29867
29882
29888
29891
29892
29894
29897
29900
29904
29924
29942
29944
29946
29950
29959
29963
29969
29978
29993
30003
30020
30021
30035
30036
30061
30098
30101
30117
30127
30133
30146
30153
30154
30166
30179
30191
30193
30204
30245
30253
30255
30264
30284
30291
30293
30301
30305
30316
30319
30322
30325
30352
30394
30403
30412
30413
30426
30434
30445
30470
30487
30491
30505
30516
30527
30528
30536
30546
30547
30569
30571
30575
30580
30588
30592
30599
30618
30630
30635
30641
30644
30650
30653
30660
30702
30706
30731
30733
30740
30755
30764
30770
30777
30798
30804
30812
30813
30821
30823
30848
30852
30858
30865
30876
30887
30900
30901
30902
30919
30939
30948
30957
30963
30977
30998
31022
31038
31040
31042
31057
31066
31113
31119
31125
31128
31130
31133
31144
31148
31150
31164
31167
31188
31217
31218
31220
31226
31244
31256
31258
31270
31275
31279
31294
31301
31310
31312
31313
31318
31320
31336
31339
31358
31372
31374
31377
31411
31419
31444
31460
31462
31478
31479
31499
31518
31548
31583
31587
31598
31599
31601
31605
31610
31617
31618
31642
31648
31662
31692
31695
31702
31722
31745
31753
31765
31767
31773
31780
31787
31792
31799
31821
31830
31854
31859
31868
31875
31877
31879
31886
31896
31899
31908
31914
31918
31936
31943
31945
31984
31990
31994
32009
32012
32014
32016
32025
32032
32033
32041
32063
32084
32094
32095
32123
32128
32134
32140
32155
32157
32161
32166
32175
32183
32217
32218
32228
32260
32272
32275
32280
32299
32311
32330
32338
32341
32345
32367
32368
32371
32374
32402
32415
32437
32440
32443
32445
32446
32447
32457
32463
32484
32509
32510
32511
32514
32520
32536
32546
32556
32565
32577
32589
32591
32602
32603
32614
32650
32656
32658
32666
32684
32724
32739
32746
32751
32763
32764
32774
32787
32794
32807
32820
32822
32823
32829
32833
32840
32860
32863
32868
32893
32923
32931
32933
32978
33015
33016
33026
33046
33057
33060
33062
33065
33100
33109
33117
33119
33121
33132
33145
33164
33169
33175
33176
33178
33181
33184
33203
33209
33210
33218
33223
33224
33254
33258
33270
33287
33322
33336
33342
33349
33366
33369
33387
33402
33404
33438
33442
33444
33465
33467
33469
33478
33504
33505
33506
33538
33544
33548
33555
33561
33577
33578
33589
33616
33649
33657
33696
33704
33717
33731
33741
33743
33748
33752
33753
33776
33783
33793
33803
33808
33836
33844
33845
33849
33861
33862
33877
33888
33890
33905
33906
33918
33930
33931
33942
33943
33948
33954
33956
33959
33980
34023
34042
34045
34052
34058
34060
34064
34079
34085
34098
34105
34108
34118
34134
34139
34150
34156
34171
34179
34211
34233
34249
34252
34257
34262
34272
34287
34290
34303
34304
34323
34346
34354
34357
34359
34380
34388
34389
34391
34399
34400
34403
34412
34439
34443
34454
34456
34469
34485
34511
34535
34564
34569
34582
34585
34588
34589
34600
34617
34618
34669
34675
34683
34710
34713
34716
34731
34739
34743
34752
34760
34767
34785
34789
34792
34794
34818
34819
34829
34876
34898
34923
34947
34988
35001
35003
35024
35026
35032
35047
35048
35049
35057
35062
35063
35066
35067
35096
35098
35102
35104
35148
35161
35164
35180
35186
35193
35203
35209
35226
35228
35238
35243
35250
35266
35271
35280
35285
35297
35305
35327
35349
35350
35363
35369
35376
35384
35388
35397
35406
35413
35420
35438
35440
35446
35447
35449
35459
35465
35475
35487
35504
35509
35512
35532
35539
35543
35551
35552
35554
35572
35576
35592
35598
35601
35627
35628
35642
35645
35680
35682
35687
35695
35696
35699
35704
35724
35725
35727
35730
35735
35737
35754
35769
35774
35800
35805
35814
35815
35829
35846
35851
35864
35865
35874
35883
35889
35893
35904
35916
35929
35956
35969
35973
35976
35995
35997
36016
36023
36024
36042
36051
36053
36072
36078
36100
36101
36111
36125
36130
36156
36191
36201
36207
36213
36219
36225
36232
36233
36241
36247
36258
36274
36279
36285
36294
36295
36298
36307
36341
36346
36376
36377
36378
36382
36398
36399
36419
36421
36443
36448
36456
36461
36476
36489
36501
36502
36507
36508
36535
36544
36550
36552
36556
36558
36577
36595
36596
36601
36607
36621
36644
36658
36664
36668
36674
36675
36676
36717
36726
36752
36756
36760
36768
36779
36782
36784
36794
36797
36803
36820
36834
36853
36877
36885
36888
36911
36930
36933
36939
36940
36947
36951
36976
36979
36990
36991
36997
37006
37011
37012
37020
37023
37029
37036
37038
37039
37053
37057
37078
37084
37086
37094
37111
37145
37147
37155
37156
37162
37165
37180
37208
37216
37270
37273
37285
37292
37308
37314
37334
37336
37338
37359
37365
37367
37387
37393
37399
37401
37405
37416
37417
37432
37434
37440
37447
37451
37455
37456
37460
37488
37489
37498
37503
37510
37514
37519
37521
37525
37538
37541
37545
37549
37552
37569
37590
37608
37622
37636
37644
37659
37663
37690
37697
37714
37718
37736
37777
37779
37795
37809
37815
37818
37830
37833
37834
37861
37875
37879
37888
37890
37892
37902
37928
37932
37943
37977
38026
38042
38043
38057
38065
38075
38085
38099
38112
38123
38127
38137
38138
38145
38157
38162
38169
38173
38175
38180
38212
38218
38226
38240
38242
38243
38244
38252
38271
38277
38285
38293
38294
38297
38305
38311
38315
38332
38339
38356
38357
38379
38382
38417
38424
38431
38435
38443
38460
38483
38502
38539
38546
38579
38580
38614
38625
38647
38658
38687
38692
38701
38708
38711
38720
38724
38748
38763
38766
38767
38771
38779
38791
38818
38827
38833
38839
38844
38852
38866
38877
38899
38930
38947
38952
38954
38960
38964
38965
38967
38978
39003
39011
39016
39024
39037
39046
39057
39086
39092
39093
39094
39102
39105
39109
39113
39130
39137
39138
39141
39148
39167
39180
39190
39202
39209
39217
39232
39234
39243
39244
39248
39251
39253
39265
39291
39293
39330
39361
39401
39409
39428
39432
39443
39445
39457
39459
39471
39473
39477
39481
39487
39498
39504
39511
39516
39526
39528
39536
39538
39552
39561
39574
39583
39590
39604
39620
39634
39641
39648
39677
39678
39698
39702
39711
39715
39717
39736
39747
39774
39781
39787
39810
39816
39847
39851
39852
39874
39877
39879
39891
39898
39915
39918
39922
39928
39931
39942
39963
39972
39985
39994
40002
40013
40014
40024
40031
40046
40048
40055
40065
40080
40084
40088
40113
40116
40125
40145
40159
40161
40163
40167
40191
40225
40229
40232
40243
40244
40246
40254
40275
40302
40304
40306
40307
40309
40315
40318
40343
40361
40369
40391
40399
40403
40404
40419
40424
40436
40446
40449
40457
40468
40480
40502
40512
40519
40550
40592
40605
40619
40625
40635
40638
40639
40663
40678
40700
40703
40715
40722
40741
40751
40755
40784
40788
40792
40795
40803
40806
40812
40816
40838
40849
40852
40853
40860
40864
40882
40893
40895
40900
40918
40923
40929
40932
40934
40957
40965
40980
40996
40998
41027
41036
41038
41046
41063
41070
41078
41087
41092
41101
41115
41138
41148
41152
41174
41175
41180
41196
41219
41222
41223
41226
41263
41272
41281
41283
41289
41294
41311
41337
41347
41354
41361
41398
41401
41408
41417
41418
41421
41433
41440
41442
41450
41474
41479
41483
41484
41488
41492
41495
41505
41507
41508
41531
41541
41543
41546
41547
41548
41549
41551
41561
41567
41580
41586
41601
41604
41608
41617
41637
41697
41701
41705
41708
41709
41712
41722
41725
41734
41738
41739
41749
41754
41755
41757
41758
41762
41763
41764
41774
41775
41790
41800
41803
41811
41823
41864
41876
41879
41881
41885
41908
41912
41926
41930
41956
41961
41964
41972
41983
42028
42038
42048
42050
42065
42067
42087
42096
42102
42114
42119
42134
42135
42139
42153
42163
42187
42204
42221
42226
42228
42233
42238
42241
42242
42245
42252
42254
42264
42291
42301
42304
42311
42312
42314
42323
42330
42354
42358
42363
42370
42384
42403
42416
42449
42451
42459
42470
42481
42486
42487
42504
42509
42519
42574
42581
42594
42604
42625
42627
42641
42650
42653
42664
42668
42692
42693
42696
42697
42710
42712
42725
42738
42745
42765
42769
42780
42781
42791
42797
42805
42806
42807
42815
42841
42858
42870
42876
42881
42884
42892
42899
42904
42911
42915
42936
42946
42958
42962
42969
42982
42984
42995
43010
43011
43013
43021
43022
43036
43052
43063
43066
43073
43077
43091
43101
43117
43124
43128
43129
43136
43145
43147
43148
43155
43163
43171
43172
43180
43212
43222
43231
43232
43237
43240
43242
43264
43295
43308
43327
43329
43331
43332
43343
43361
43362
43377
43379
43381
43390
43397
43409
43413
43418
43427
43434
43442
43444
43446
43456
43460
43465
43494
43501
43506
43510
43521
43524
43526
43529
43537
43542
43562
43564
43569
43589
43609
43615
43633
43656
43659
43688
43695
43706
43708
43711
43715
43727
43739
43755
43759
43771
43773
43776
43789
43795
43796
43818
43838
43868
43875
43876
43881
43883
43887
43888
43896
43897
43912
43923
43934
43937
43944
43951
43962
43968
43976
43979
43992
44001
44002
44007
44012
44018
44047
44081
44082
44091
44108
44109
44112
44121
44128
44135
44141
44149
44150
44155
44159
44188
44193
44194
44215
44221
44222
44234
44238
44255
44256
44319
44326
44347
44351
44352
44358
44360
44366
44367
44368
44371
44374
44375
44393
44416
44433
44441
44448
44461
44475
44488
44538
44542
44548
44567
44575
44583
44601
44621
44638
44644
44664
44680
44685
44698
44713
44718
44721
44724
44730
44746
44753
44758
44759
44765
44767
44768
44797
44807
44811
44823
44824
44831
44850
44869
44873
44888
44902
44920
44930
44947
44969
44972
44989
45014
45022
45027
45029
45043
45045
45047
45073
45101
45113
45121
45124
45136
45138
45139
45144
45146
45152
45169
45171
45192
45201
45206
45214
45222
45239
45285
45289
45298
45305
45314
45331
45335
45354
45369
45372
45393
45396
45408
45421
45444
45449
45453
45463
45466
45471
45483
45501
45517
45518
45532
45534
45540
45551
45565
45579
45590
45595
45596
45605
45619
45633
45649
45653
45656
45657
45666
45667
45671
45675
45678
45691
45694
45695
45697
45703
45710
45717
45722
45723
45724
45730
45748
45753
45754
45759
45762
45767
45776
45779
45795
45808
45812
45815
45817
45832
45839
45869
45881
45887
45892
45903
45910
45931
45943
45945
45954
45958
45982
45986
45987
45989
45999
46001
46002
46032
46038
46053
46057
46067
46072
46094
46097
46133
46135
46144
46147
46151
46173
46194
46196
46212
46244
46282
46283
46289
46290
46295
46334
46362
46372
46408
46424
46444
46469
46484
46491
46559
46616
46633
46636
46650
46654
46657
46661
46670
46675
46685
46689
46692
46693
46697
46700
46724
46733
46739
46762
46763
46775
46781
46796
46800
46804
46832
46836
46842
46890
46893
46910
46917
46919
46933
46940
46942
46965
46976
47011
47015
47019
47029
47036
47042
47044
47064
47067
47070
47074
47076
47083
47097
47109
47118
47121
47128
47143
47147
47157
47162
47166
47173
47177
47178
47179
47193
47208
47234
47235
47242
47246
47254
47255
47262
47265
47273
47287
47296
47304
47308
47311
47332
47333
47344
47346
47348
47355
47358
47364
47375
47386
47400
47403
47425
47441
47442
47450
47455
47471
47473
47476
47487
47488
47490
47495
47500
47513
47531
47569
47575
47590
47601
47617
47623
47630
47633
47636
47654
47683
47685
47687
47701
47708
47709
47710
47719
47738
47746
47750
47752
47754
47780
47796
47801
47807
47811
47816
47818
47821
47838
47858
47861
47877
47898
47904
47911
47931
47932
47933
47934
47938
47939
47944
47953
47957
47961
47962
47974
47978
47997
48009
48013
48014
48029
48056
48060
48074
48083
48089
48091
48096
48101
48106
48120
48126
48127
48168
48174
48199
48202
48206
48217
48220
48226
48227
48260
48273
48282
48283
48288
48289
48296
48327
48334
48352
48353
48373
48386
48392
48400
48401
48410
48415
48417
48419
48429
48436
48437
48453
48465
48467
48472
48485
48509
48510
48513
48522
48526
48530
48538
48540
48554
48600
48617
48618
48654
48671
48672
48682
48686
48689
48695
48702
48711
48716
48746
48766
48770
48771
48801
48862
48866
48874
48877
48879
48900
48901
48910
48924
48928
48931
48936
48942
48953
48954
48959
49005
49012
49018
49023
49038
49039
49066
49070
49095
49101
49113
49116
49125
49151
49194
49196
49211
49215
49218
49245
49283
49284
49304
49311
49326
49327
49340
49348
49374
49389
49397
49419
49423
49431
49445
49452
49454
49476
49485
49489
49501
49516
49534
49540
49547
49552
49556
49561
49571
49578
49610
49614
49617
49622
49677
49679
49681
49690
49691
49697
49716
49717
49718
49732
49740
49748
49754
49759
49760
49796
49817
49820
49825
49831
49839
49843
49865
49867
49876
49889
49896
49897
49909
49928
49943
49944
49947
49954
49968
49975
49983
50000
50002
50005
50012
50013
50037
50041
50099
50100
50101
50104
50126
50129
50152
50153
50168
50184
50187
50191
50200
50221
50223
50251
50254
50256
50268
50305
50313
50318
50339
50348
50383
50387
50399
50429
50447
50450
50469
50485
50518
50532
50552
50554
50561
50579
50590
50639
50648
50669
50696
50700
50735
50755
50763
50770
50772
50788
50791
50800
50801
50814
50817
50832
50837
50838
50849
50851
50852
50862
50869
50887
50927
50930
50959
50961
50963
50973
50974
51027
51035
51037
51039
51042
51084
51093
51118
51123
51130
51140
51154
51160
51161
51185
51188
51190
51208
51230
51246
51248
51276
51279
51284
51286
51307
51309
51311
51319
51338
51340
51364
51377
51429
51432
51438
51451
51455
51461
51472
51473
51485
51487
51503
51508
51514
51515
51519
51533
51542
51547
51556
51560
51573
51632
51642
51644
51656
51668
51673
51676
51680
51681
51720
51770
51775
51785
51791
51833
51837
51840
51846
51852
51861
51868
51881
51901
51905
51910
51928
51934
51941
51942
51960
51970
51981
51984
51995
51997
52000
52011
52013
52040
52046
52100
52106
52107
52110
52124
52133
52145
52147
52152
52157
52171
52232
52247
52248
52254
52258
52259
52268
52282
52292
52293
52295
52303
52313
52314
52318
52353
52357
52359
52367
52373
52378
52379
52382
52383
52384
52388
52390
52394
52395
52402
52410
52412
52417
52418
52429
52439
52442
52445
52448
52462
52470
52482
52498
52508
52519
52547
52556
52557
52573
52576
52591
52615
52618
52629
52637
52659
52667
52681
52683
52698
52701
52711
52725
52726
52727
52730
52732
52735
52749
52753
52764
52768
52770
52774
52777
52797
52798
52810
52826
52827
52837
52839
52842
52848
52853
52860
52867
52896
52905
52910
52915
52934
52936
52938
52940
52953
52973
52976
52984
52998
53002
53006
53019
53021
53032
53043
53056
53057
53072
53079
53081
53094
53097
53102
53112
53114
53117
53136
53159
53174
53182
53190
53195
53198
53206
53209
53219
53223
53238
53247
53249
53250
53260
53264
53272
53292
53298
53300
53303
53308
53314
53316
53325
53332
53351
53352
53357
53362
53384
53386
53389
53391
53402
53404
53409
53422
53423
53431
53454
53455
53458
53459
53461
53478
53501
53513
53514
53524
53557
53558
53569
53585
53600
53611
53630
53660
53677
53704
53709
53719
53735
53756
53762
53791
53799
53805
53824
53833
53845
53876
53885
53892
53894
53905
53933
53939
53942
53947
53950
53967
53976
53983
53987
53999
54029
54038
54043
54064
54074
54076
54078
54079
54090
54098
54099
54110
54125
54137
54171
54176
54184
54200
54217
54231
54236
54241
54242
54255
54299
54302
54304
54308
54310
54322
54336
54342
54360
54385
54424
54430
54433
54439
54440
54443
54446
54448
54450
54457
54482
54484
54487
54492
54493
54495
54500
54502
54511
54512
54518
54523
54543
54544
54552
54553
54559
54560
54571
54577
54620
54635
54646
54649
54669
54673
54677
54711
54725
54729
54738
54739
54745
54761
54799
54833
54847
54860
54865
54880
54882
54883
54884
54885
54888
54913
54939
54947
54964
54975
54976
55016
55018
55028
55032
55042
55054
55056
55060
55113
55116
55127
55135
55144
55148
55158
55180
55197
55208
55210
55217
55220
55223
55228
55238
55246
55278
55295
55300
55310
55326
55332
55336
55340
55354
55365
55367
55405
55418
55423
55441
55458
55461
55467
55469
55471
55479
55482
55484
55489
55502
55527
55548
55565
55576
55609
55644
55659
55666
55711
55714
55715
55739
55741
55751
55783
55787
55790
55791
55807
55841
55844
55848
55866
55894
55896
55902
55938
55942
55948
55956
55961
55964
55968
55975
55997
55999
56018
56025
56040
56046
56050
56055
56075
56094
56106
56116
56119
56120
56124
56141
56167
56174
56177
56178
56188
56197
56198
56202
56221
56229
56254
56261
56310
56329
56333
56337
56353
56370
56383
56390
56395
56398
56401
56407
56413
56416
56426
56445
56448
56450
56461
56477
56478
56479
56485
56491
56503
56508
56518
56520
56544
56546
56558
56574
56588
56593
56600
56621
56624
56626
56640
56644
56647
56674
56677
56690
56692
56710
56720
56728
56735
56750
56761
56765
56780
56790
56807
56813
56834
56842
56851
56874
56888
56895
56897
56914
56920
56945
56946
56960
56961
56962
56963
56980
56995
56999
57008
57018
57021
57027
57042
57078
57088
57095
57099
57102
57103
57109
57111
57119
57125
57139
57147
57149
57152
57170
57172
57175
57201
57213
57215
57220
57223
57226
57229
57255
57267
57280
57285
57310
57318
57324
57340
57344
57354
57379
57386
57391
57408
57431
57444
57453
57454
57458
57463
57470
57479
57483
57498
57506
57514
57522
57524
57558
57576
57596
57618
57620
57633
57650
57655
57673
57677
57681
57693
57695
57696
57709
57717
57733
57737
57744
57761
57765
57782
57784
57792
57797
57802
57803
57810
57812
57814
57816
57821
57842
57863
57866
57879
57881
57884
57886
57890
57914
57918
57943
57947
57955
57972
57981
57989
58000
58012
58022
58029
58033
58034
58038
58047
58054
58055
58059
58061
58078
58080
58089
58111
58119
58138
58152
58154
58160
58167
58169
58181
58193
58205
58213
58221
58222
58254
58258
58261
58270
58294
58299
58310
58313
58334
58350
58358
58381
58421
58424
58428
58430
58451
58457
58468
58471
58477
58486
58492
58504
58514
58516
58524
58533
58539
58562
58596
58606
58609
58627
58638
58642
58644
58651
58666
58667
58672
58676
58714
58717
58719
58734
58752
58781
58798
58801
58815
58832
58835
58844
58847
58862
58863
58865
58868
58870
58875
58876
58885
58891
58896
58923
58945
58946
58955
58970
59011
59020
59026
59039
59044
59051
59059
59082
59100
59138
59149
59156
59171
59185
59193
59197
59227
59228
59249
59252
59267
59279
59283
59289
59295
59297
59304
59310
59329
59331
59355
59358
59373
59380
59410
59411
59422
59442
59451
59452
59466
59479
59484
59487
59496
59499
59501
59509
59510
59537
59546
59564
59582
59590
59598
59602
59608
59609
59619
59628
59631
59634
59651
59663
59673
59677
59682
59687
59700
59713
59715
59721
59726
59737
59746
59754
59759
59763
59784
59789
59790
59798
59804
59806
59809
59834
59837
59848
59850
59855
59858
59871
59905
59913
59939
59957
59968
59973
59978
59985
