3
4
47
50
76
78
89
91
94
107
111
122
124
136
157
158
174
179
181
183
193
217
226
254
275
278
302
314
319
321
353
388
448
476
514
534
555
559
567
583
588
601
607
638
639
671
673
681
684
685
695
703
709
714
741
747
756
757
764
765
790
821
824
832
842
846
863
866
870
935
937
938
946
969
973
976
1002
1003
1011
1015
1022
1023
1026
1040
1048
1074
1084
1103
1104
1121
1125
1133
1134
1139
1162
1168
1174
1189
1191
1192
1193
1198
1204
1225
1228
1236
1272
1276
1278
1309
1314
1316
1324
1331
1333
1336
1339
1364
1369
1370
1376
1386
1391
1401
1406
1459
1469
1476
1515
1540
1571
1584
1589
1640
1667
1672
1680
1682
1708
1709
1725
1734
1760
1761
1766
1771
1773
1782
1786
1788
1799
1823
1828
1844
1847
1850
1864
1873
1899
1902
1949
1954
1956
1957
1962
1965
1968
1973
1990
1993
1995
1998
2001
2003
2014
2023
2024
2041
2043
2061
2068
2071
2076
2093
2094
2095
2124
2125
2128
2159
2162
2167
2175
2180
2186
2193
2205
2207
2216
2222
2224
2226
2229
2230
2244
2273
2276
2281
2292
2313
2321
2338
2341
2344
2348
2357
2366
2367
2377
2381
2420
2423
2427
2439
2459
2496
2497
2529
2536
2539
2548
2571
2579
2602
2624
2626
2641
2646
2653
2656
2664
2673
2690
2691
2695
2703
2716
2721
2722
2732
2754
2760
2769
2774
2802
2810
2827
2829
2834
2839
2853
2856
2882
2922
2925
2957
2961
2971
2985
3008
3013
3031
3036
3049
3064
3089
3100
3131
3138
3144
3147
3149
3157
3163
3166
3171
3188
3199
3212
3221
3237
3261
3269
3302
3321
3325
3331
3343
3349
3391
3396
3431
3439
3440
3455
3458
3459
3465
3502
3529
3531
3539
3561
3581
3592
3601
3603
3605
3620
3622
3623
3626
3628
3638
3644
3659
3671
3674
3684
3689
3698
3710
3745
3748
3759
3794
3815
3829
3834
3860
3864
3900
3902
3914
3915
3945
3951
3957
3964
3982
3983
3997
4013
4014
4015
4016
4018
4019
4020
4021
4039
4057
4073
4083
4089
4092
4096
4119
4128
4136
4148
4149
4157
4188
4189
4198
4205
4206
4207
4216
4219
4228
4231
4234
4255
4264
4268
4279
4287
4292
4293
4309
4310
4315
4322
4323
4334
4338
4345
4358
4361
4362
4369
4384
4386
4397
4404
4431
4435
4462
4463
4466
4471
4484
4493
4498
4506
4521
4532
4540
4586
4601
4607
4612
4620
4639
4649
4672
4676
4677
4686
4690
4718
4730
4734
4754
4758
4778
4787
4805
4839
4844
4845
4853
4862
4863
4870
4873
4894
4904
4907
4919
4927
4929
4932
4944
4955
4960
4994
5036
5038
5044
5050
5056
5067
5080
5090
5119
5122
5125
5126
5127
5152
5153
5171
5194
5198
5204
5225
5229
5249
5274
5297
5312
5313
5321
5331
5334
5337
5345
5350
5354
5370
5376
5384
5389
5406
5409
5410
5412
5423
5432
5471
5477
5484
5486
5558
5562
5569
5594
5623
5625
5634
5648
5655
5664
5676
5687
5693
5699
5703
5722
5736
5737
5766
5767
5780
5787
5810
5814
5821
5826
5830
5835
5859
5862
5866
5895
5902
5911
5921
5934
5935
5946
5955
5970
6002
6005
6013
6014
6020
6030
6053
6068
6070
6084
6094
6095
6112
6113
6117
6125
6128
6150
6154
6164
6165
6169
6180
6217
6223
6238
6298
6300
6303
6319
6334
6344
6347
6349
6358
6361
6392
6398
6399
6405
6407
6423
6425
6434
6461
6463
6479
6487
6491
6498
6530
6544
6556
6568
6578
6581
6599
6608
6613
6615
6619
6628
6631
6651
6664
6666
6667
6668
6682
6688
6701
6709
6710
6714
6726
6739
6743
6759
6786
6790
6794
6797
6821
6837
6842
6861
6868
6872
6877
6890
6896
6898
6936
6940
6976
6981
6985
6995
7005
7009
7017
7052
7078
7080
7089
7092
7135
7139
7148
7163
7164
7184
7190
7200
7216
7217
7238
7243
7253
7264
7265
7276
7279
7283
7290
7298
7311
7332
7348
7353
7372
7396
7397
7401
7417
7425
7428
7438
7447
7456
7461
7474
7475
7480
7488
7489
7492
7523
7531
7534
7537
7554
7560
7567
7572
7588
7595
7600
7604
7605
7649
7654
7659
7673
7681
7727
7730
7748
7749
7765
7773
7787
7795
7803
7805
7827
7833
7835
7836
7842
7852
7854
7860
7872
7879
7883
7890
7908
7918
7922
7924
7928
7930
7940
7948
7952
7971
7974
7976
7987
7989
7995
7997
8007
8034
8042
8046
8067
8081
8097
8103
8106
8150
8157
8169
8171
8178
8190
8191
8194
8208
8221
8222
8224
8258
8281
8285
8292
8295
8301
8302
8303
8319
8333
8344
8345
8349
8351
8363
8385
8388
8400
8403
8405
8408
8423
8429
8434
8437
8460
8462
8493
8494
8510
8534
8540
8552
8582
8620
8634
8637
8643
8671
8688
8733
8740
8749
8761
8765
8772
8788
8790
8796
8802
8823
8850
8873
8878
8889
8899
8904
8918
8934
8940
8947
8952
8974
8985
8999
9006
9013
9018
9029
9030
9039
9057
9070
9072
9075
9087
9089
9096
9110
9117
9140
9159
9160
9192
9207
9219
9243
9259
9271
9293
9294
9310
9322
9327
9343
9347
9367
9384
9394
9402
9404
9406
9419
9425
9435
9452
9475
9479
9485
9536
9546
9550
9565
9573
9593
9610
9614
9624
9635
9640
9652
9657
9665
9675
9677
9681
9692
9693
9710
9717
9718
9791
9793
9797
9806
9812
9826
9832
9846
9865
9871
9891
9896
9920
9926
9927
9931
9935
9938
9959
9967
9992
10012
10018
10038
10039
10043
10048
10059
10069
10082
10087
10129
10140
10148
10164
10178
10192
10215
10218
10225
10229
10277
10302
10303
10319
10325
10330
10340
10343
10346
10382
10406
10417
10420
10422
10434
10437
10458
10461
10465
10471
10475
10484
10491
10495
10499
10500
10504
10508
10515
10527
10530
10531
10533
10541
10542
10545
10563
10570
10577
10585
10600
10602
10611
10615
10631
10647
10660
10662
10664
10682
10685
10691
10706
10713
10753
10761
10768
10776
10780
10786
10794
10809
10813
10824
10832
10843
10847
10849
10850
10853
10864
10873
10881
10887
10911
10914
10918
10931
10939
10948
10949
10951
10958
10964
10968
10974
10988
10989
10990
10993
11006
11009
11022
11029
11052
11063
11070
11075
11079
11091
11096
11117
11146
11151
11153
11158
11183
11186
11193
11195
11204
11209
11211
11216
11218
11224
11225
11236
11243
11251
11256
11270
11271
11273
11275
11287
11293
11295
11323
11340
11343
11373
11374
11404
11433
11439
11447
11452
11471
11472
11479
11507
11516
11521
11531
11533
11553
11561
11589
11608
11619
11621
11633
11641
11652
11669
11688
11698
11706
11733
11743
11765
11767
11775
11780
11790
11800
11801
11802
11810
11813
11818
11836
11856
11858
11870
11873
11877
11888
11898
11903
11938
11979
11981
12007
12014
12019
12030
12038
12044
12048
12053
12066
12070
12071
12092
12100
12105
12111
12137
12145
12149
12157
12168
12174
12177
12200
12203
12204
12217
12231
12236
12264
12269
12288
12299
12301
12306
12313
12319
12342
12351
12361
12413
12423
12449
12461
12491
12493
12512
12527
12538
12548
12592
12593
12640
12658
12667
12673
12679
12682
12696
12699
12718
12719
12728
12737
12740
12784
12793
12800
12801
12818
12823
12825
12846
12856
12867
12880
12891
12905
12906
12915
12918
12934
12937
12938
12943
12944
12955
12957
12960
12966
12971
12973
12987
12995
13010
13020
13023
13037
13052
13053
13056
13060
13065
13066
13080
13083
13084
13096
13097
13103
13115
13130
13147
13153
13157
13161
13164
13167
13171
13180
13190
13197
13199
13205
13226
13232
13248
13263
13278
13281
13286
13298
13300
13317
13321
13324
13327
13341
13362
13367
13379
13382
13384
13386
13409
13423
13424
13433
13436
13450
13469
13482
13491
13498
13514
13529
13534
13541
13543
13574
13580
13593
13605
13607
13608
13617
13619
13624
13636
13638
13646
13656
13659
13673
13676
13729
13730
13734
13744
13747
13750
13763
13770
13771
13776
13791
13814
13834
13839
13845
13846
13851
13852
13854
13907
13920
13924
13930
13942
13958
13974
13987
14014
14019
14031
14036
14037
14039
14043
14047
14055
14071
14083
14085
14093
14094
14102
14108
14122
14126
14127
14135
14158
14167
14170
14186
14211
14230
14232
14248
14257
14281
14293
14300
14306
14329
14332
14333
14338
14343
14354
14375
14394
14407
14419
14451
14460
14466
14470
14474
14491
14493
14496
14505
14514
14515
14533
14536
14538
14555
14573
14576
14601
14612
14616
14619
14621
14624
14626
14642
14645
14682
14684
14686
14688
14695
14706
14707
14710
14724
14742
14745
14759
14760
14775
14806
14819
14822
14843
14858
14863
14867
14879
14882
14897
14904
14907
14912
14915
14937
14939
14951
14961
14980
14981
14982
14986
14996
15002
15018
15021
15024
15027
15042
15046
15054
15055
15061
15078
15087
15088
15112
15118
15139
15145
15168
15172
15176
15183
15216
15223
15228
15252
15254
15256
15263
15266
15278
15290
15291
15307
15309
15326
15327
15337
15350
15352
15354
15356
15371
15375
15382
15387
15408
15414
15415
15421
15423
15435
15438
15440
15449
15477
15491
15504
15507
15517
15523
15529
15546
15556
15587
15595
15596
15605
15623
15631
15639
15650
15654
15655
15665
15683
15702
15710
15717
15723
15724
15731
15738
15763
15778
15782
15788
15794
15829
15842
15850
15856
15857
15870
15873
15888
15896
15900
15907
15918
15920
15944
15949
15952
15960
15984
15985
15988
15993
16009
16019
16023
16033
16036
16059
16079
16084
16093
16101
16122
16159
16189
16198
16199
16202
16203
16204
16208
16228
16237
16251
16259
16316
16320
16322
16323
16328
16333
16353
16359
16364
16373
16382
16384
16425
16426
16431
16446
16454
16461
16468
16490
16499
16509
16514
16517
16519
16522
16546
16552
16578
16596
16605
16606
16615
16639
16649
16692
16711
16716
16725
16731
16742
16744
16746
16757
16758
16760
16771
16776
16785
16807
16817
16819
16822
16827
16857
16864
16870
16871
16875
16879
16882
16887
16889
16902
16911
16914
16916
16918
16931
16946
16974
16986
17012
17022
17030
17055
17079
17084
17089
17097
17100
17104
17112
17132
17137
17151
17152
17164
17179
17180
17206
17211
17217
17236
17241
17256
17262
17272
17277
17292
17302
17306
17312
17317
17319
17322
17326
17331
17342
17344
17348
17371
17379
17398
17412
17421
17437
17451
17453
17466
17486
17491
17499
17512
17513
17516
17518
17525
17527
17533
17535
17537
17543
17548
17551
17577
17581
17600
17625
17628
17631
17638
17650
17655
17657
17662
17689
17694
17716
17717
17721
17730
17738
17747
17748
17770
17784
17792
17820
17827
17830
17834
17838
17842
17846
17847
17873
17879
17894
17897
17900
17905
17917
17921
17923
17961
17972
18010
18011
18024
18035
18037
18040
18049
18051
18065
18073
18076
18102
18104
18105
18112
18125
18133
18159
18171
18194
18203
18234
18242
18243
18260
18270
18282
18291
18301
18322
18361
18376
18402
18424
18430
18435
18450
18479
18480
18502
18504
18512
18515
18536
18549
18552
18553
18559
18563
18576
18578
18611
18612
18617
18625
18626
18636
18644
18671
18677
18685
18694
18711
18718
18725
18739
18740
18747
18768
18777
18799
18827
18833
18834
18848
18853
18863
18870
18905
18926
18927
18938
18945
18956
18963
18970
18973
18988
19011
19036
19058
19069
19074
19082
19092
19094
19112
19132
19139
19161
19164
19183
19204
19211
19218
19233
19247
19262
19264
19269
19283
19290
19293
19310
19321
19322
19335
19351
19352
19357
19367
19368
19385
19403
19407
19412
19421
19433
19442
19449
19473
19490
19491
19492
19518
19521
19524
19526
19527
19535
19545
19546
19573
19589
19593
19614
19619
19623
19627
19638
19642
19651
19664
19672
19697
19698
19700
19704
19712
19725
19740
19746
19761
19786
19795
19800
19806
19808
19817
19822
19829
19835
19846
19865
19875
19894
19909
19932
19936
19938
19946
19952
19960
19964
19965
19969
20016
20035
20038
20040
20060
20082
20089
20091
20126
20130
20142
20145
20146
20154
20171
20180
20199
20202
20213
20218
20260
20284
20285
20293
20360
20363
20366
20373
20385
20392
20404
20417
20418
20430
20431
20433
20440
20441
20463
20467
20477
20485
20495
20502
20508
20509
20510
20523
20536
20539
20566
20577
20595
20650
20659
20669
20672
20673
20679
20684
20686
20688
20696
20709
20710
20732
20734
20739
20751
20755
20757
20758
20766
20769
20777
20786
20787
20797
20803
20821
20832
20835
20861
20865
20889
20895
20918
20935
20938
20949
20950
20962
20966
20967
20972
20986
21000
21002
21014
21020
21032
21033
21041
21048
21056
21061
21068
21072
21094
21103
21104
21106
21107
21118
21138
21142
21155
21162
21178
21179
21182
21189
21202
21225
21229
21232
21240
21244
21248
21250
21278
21279
21280
21288
21306
21311
21328
21329
21344
21360
21363
21380
21381
21392
21412
21435
21453
21486
21498
21505
21506
21515
21521
21523
21530
21531
21537
21558
21559
21565
21570
21584
21594
21595
21603
21626
21652
21653
21665
21693
21712
21729
21736
21748
21759
21764
21769
21780
21782
21783
21805
21811
21827
21840
21841
21844
21853
21892
21915
21924
21934
21938
21964
21968
21996
22013
22033
22038
22043
22049
22059
22060
22062
22070
22074
22082
22102
22122
22131
22139
22152
22161
22163
22165
22173
22192
22210
22214
22223
22227
22235
22247
22255
22271
22285
22299
22343
22346
22347
22349
22354
22371
22393
22397
22414
22422
22423
22426
22431
22435
22436
22438
22439
22445
22458
22467
22471
22478
22487
22506
22522
22542
22551
22571
22575
22577
22583
22591
22596
22601
22615
22624
22631
22633
22640
22663
22679
22707
22709
22717
22721
22723
22734
22757
22758
22773
22785
22797
22801
22805
22820
22822
22834
22836
22860
22861
22869
22885
22889
22890
22899
22928
22929
22931
22942
22943
22945
22952
22970
22982
23009
23011
23051
23071
23077
23080
23103
23108
23115
23137
23139
23146
23161
23183
23206
23220
23233
23239
23253
23257
23260
23268
23271
23278
23292
23312
23314
23318
23322
23328
23329
23350
23355
23359
23364
23381
23386
23388
23391
23410
23412
23435
23439
23442
23450
23458
23461
23470
23519
23526
23536
23546
23549
23559
23564
23581
23585
23590
23594
23615
23630
23656
23659
23688
23712
23713
23732
23744
23750
23755
23762
23771
23785
23808
23816
23833
23858
23864
23866
23870
23873
23874
23878
23882
23886
23898
23903
23915
23930
23934
23967
24016
24025
24030
24035
24038
24054
24066
24088
24092
24099
24110
24116
24133
24207
24216
24217
24223
24238
24240
24250
24257
24260
24278
24280
24285
24289
24291
24329
24352
24359
24381
24382
24388
24405
24411
24415
24426
24437
24439
24455
24491
24500
24509
24516
24543
24548
24551
24570
24571
24577
24583
24589
24593
24597
24600
24612
24613
24614
24635
24637
24662
24669
24673
24674
24696
24697
24698
24702
24705
24711
24725
24727
24737
24745
24746
24754
24759
24768
24790
24795
24797
24800
24823
24831
24837
24845
24851
24862
24871
24882
24900
24908
24959
24963
24967
24990
25000
25004
25019
25025
25026
25027
25028
25048
25049
25075
25112
25122
25127
25142
25147
25153
25159
25165
25183
25187
25191
25194
25201
25211
25230
25234
25241
25274
25312
25324
25325
25345
25351
25357
25363
25379
25383
25384
25390
25401
25404
25412
25415
25416
25449
25479
25481
25483
25488
25490
25494
25498
25547
25559
25561
25568
25570
25594
25608
25613
25627
25628
25630
25632
25640
25642
25646
25648
25674
25684
25692
25696
25701
25717
25729
25732
25734
25735
25736
25738
25742
25757
25764
25766
25777
25778
25784
25795
25821
25822
25823
25830
25840
25843
25845
25849
25853
25854
25865
25882
25883
25894
25899
25900
25908
25912
25919
25935
25948
25964
25973
25986
26000
26012
26013
26031
26033
26047
26048
26049
26050
26062
26088
26101
26124
26133
26141
26142
26155
26177
26227
26234
26236
26246
26256
26258
26265
26266
26273
26274
26285
26307
26311
26331
26333
26336
26351
26363
26365
26367
26369
26389
26411
26415
26422
26426
26428
26433
26460
26482
26484
26505
26508
26509
26511
26515
26516
26535
26540
26547
26576
26577
26612
26616
26623
26652
26678
26703
26728
26735
26748
26751
26769
26817
26818
26819
26820
26828
26836
26839
26841
26843
26844
26845
26847
26858
26869
26879
26884
26901
26902
26904
26913
26937
26950
26952
26956
26960
26963
26965
26966
26969
26975
26983
26989
26994
27015
27027
27053
27060
27061
27063
27066
27071
27078
27101
27112
27144
27180
27191
27196
27213
27214
27218
27230
27240
27247
27250
27256
27265
27274
27279
27284
27287
27295
27300
27328
27348
27351
27356
27359
27360
27366
27376
27379
27381
27384
27388
27393
27417
27420
27438
27440
27457
27472
27482
27485
27516
27530
27535
27536
27538
27565
27581
27582
27583
27595
27600
27615
27621
27638
27670
27708
27717
27731
27734
27739
27740
27745
27755
27760
27772
27811
27832
27846
27872
27881
27900
27914
27918
27941
27945
27950
27965
27970
27972
27977
27982
28002
28018
28019
28049
28051
28059
28065
28071
28074
28084
28087
28088
28090
28110
28123
28139
28141
28147
28148
28165
28177
28200
28214
28225
28235
28248
28261
28289
28292
28296
28308
28333
28340
28341
28347
28350
28356
28357
28358
28360
28364
28369
28380
28387
28396
28422
28426
28432
28433
28437
28439
28443
28470
28474
28477
28481
28484
28496
28519
28521
28539
28547
28550
28563
28569
28570
28582
28596
28597
28608
28609
28610
28611
28614
28618
28621
28632
28638
28639
28646
28649
28658
28668
28673
28684
28690
28700
28711
28712
28721
28733
28740
28753
28757
28763
28764
28784
28786
28790
28794
28817
28819
28823
28831
28853
28861
28871
28876
28882
28891
28909
28910
28934
28948
28950
28951
28956
28974
28989
28991
28992
29002
29004
29018
29022
29065
29066
29069
29073
29093
29094
29098
29114
29119
29129
29135
29147
29152
29162
29184
29204
29209
29214
29223
29225
29236
29248
29252
29253
29258
29264
29274
29285
29295
29316
29324
29342
29353
29394
29399
29405
29412
29420
29425
29430
29432
29488
29494
29511
29513
29516
29542
29554
29555
29563
29564
29577
29578
29585
29608
29616
29632
29633
29644
29651
29652
29679
29691
29694
29695
29696
29719
29722
29735
29761
29768
29780
29789
29791
29795
29811
29827
29834
29852
29859
29907
29909
29919
29920
29936
29939
29940
29941
29953
29956
29967
29982
30026
30041
30054
30055
30084
30087
30103
30121
30132
30147
30152
30159
30167
30171
30180
30188
30217
30222
30224
30244
30251
30259
30268
30282
30285
30287
30300
30303
30306
30309
30315
30317
30320
30321
30336
30341
30348
30358
30389
30393
30406
30419
30425
30429
30436
30439
30448
30456
30468
30473
30479
30481
30495
30498
30500
30506
30521
30524
30541
30544
30561
30562
30566
30570
30578
30594
30606
30609
30611
30622
30623
30632
30647
30661
30669
30670
30681
30683
30692
30719
30734
30741
30743
30751
30753
30779
30794
30809
30818
30831
30840
30843
30849
30856
30857
30867
30869
30877
30891
30894
30895
30899
30910
30925
30927
30932
30952
30955
30956
30962
30966
30970
30979
30994
31000
31005
31009
31028
31032
31033
31045
31058
31068
31077
31078
31093
31096
31112
31115
31127
31132
31138
31146
31152
31154
31157
31163
31166
31177
31182
31191
31196
31213
31215
31228
31236
31251
31261
31264
31296
31302
31316
31342
31346
31353
31363
31364
31388
31396
31413
31415
31425
31427
31435
31440
31445
31474
31477
31488
31508
31512
31521
31525
31526
31527
31528
31539
31542
31555
31563
31564
31570
31572
31574
31576
31591
31592
31595
31603
31611
31615
31619
31643
31649
31650
31669
31691
31697
31698
31717
31720
31721
31729
31736
31739
31758
31775
31800
31814
31817
31823
31826
31832
31850
31858
31869
31870
31871
31882
31884
31885
31892
31898
31913
31917
31924
31928
31935
31970
31997
32002
32010
32019
32042
32052
32057
32065
32077
32092
32096
32111
32113
32119
32126
32133
32141
32143
32147
32148
32172
32181
32185
32186
32194
32199
32202
32203
32216
32225
32230
32233
32234
32237
32245
32256
32264
32268
32278
32279
32294
32318
32353
32361
32399
32403
32421
32430
32431
32436
32455
32464
32466
32475
32478
32483
32495
32529
32544
32564
32566
32598
32601
32609
32619
32620
32624
32627
32632
32641
32643
32645
32668
32673
32707
32713
32720
32740
32742
32743
32748
32765
32783
32784
32796
32800
32834
32835
32845
32851
32852
32853
32857
32866
32895
32904
32913
32926
32939
32962
32973
32977
32979
32982
32983
32988
32989
32991
32996
33005
33033
33042
33049
33070
33073
33079
33086
33142
33152
33179
33188
33195
33201
33204
33214
33219
33227
33236
33245
33246
33247
33249
33255
33259
33277
33280
33286
33321
33323
33325
33328
33338
33344
33346
33355
33357
33358
33360
33361
33374
33390
33408
33418
33426
33429
33472
33481
33483
33498
33499
33503
33512
33518
33529
33530
33541
33560
33573
33575
33580
33590
33592
33602
33608
33619
33636
33656
33658
33669
33670
33699
33720
33740
33794
33807
33816
33817
33822
33823
33824
33826
33839
33840
33847
33850
33886
33902
33903
33913
33919
33923
33935
33938
33944
33958
33961
33962
33968
33971
33977
33982
34001
34036
34047
34063
34070
34078
34091
34096
34097
34133
34149
34155
34173
34178
34190
34214
34217
34221
34222
34225
34235
34236
34238
34239
34251
34253
34297
34311
34312
34327
34338
34342
34344
34349
34408
34411
34414
34420
34424
34436
34451
34460
34492
34497
34517
34533
34546
34555
34563
34575
34583
34586
34592
34599
34615
34632
34635
34646
34648
34658
34673
34691
34695
34701
34704
34720
34722
34724
34728
34753
34762
34765
34768
34777
34800
34813
34823
34831
34836
34842
34849
34850
34851
34866
34867
34868
34878
34888
34889
34906
34913
34917
34948
34952
34954
34956
34973
34978
35007
35010
35027
35038
35065
35073
35089
35130
35141
35155
35175
35176
35185
35194
35195
35205
35229
35249
35251
35277
35279
35303
35307
35309
35317
35332
35333
35340
35351
35367
35380
35427
35434
35450
35467
35469
35472
35481
35516
35518
35529
35545
35557
35560
35569
35579
35589
35595
35596
35599
35618
35622
35623
35629
35631
35648
35663
35664
35668
35673
35674
35714
35745
35746
35756
35788
35797
35802
35806
35820
35822
35824
35825
35848
35856
35861
35866
35877
35878
35912
35924
35927
35930
35936
35948
35983
36007
36008
36018
36027
36063
36082
36093
36098
36099
36119
36132
36148
36166
36185
36205
36240
36275
36287
36290
36292
36319
36322
36342
36345
36352
36364
36372
36375
36383
36389
36397
36401
36411
36422
36444
36445
36468
36481
36494
36499
36511
36513
36514
36520
36530
36540
36543
36553
36562
36570
36574
36586
36590
36593
36598
36600
36632
36633
36634
36637
36666
36673
36681
36692
36722
36725
36754
36764
36800
36825
36827
36830
36846
36847
36863
36873
36889
36906
36938
36952
36956
36960
36962
36969
36985
37003
37035
37047
37050
37066
37072
37099
37100
37118
37121
37127
37151
37189
37190
37195
37198
37203
37225
37250
37256
37259
37277
37287
37312
37319
37321
37331
37355
37366
37400
37404
37411
37459
37474
37502
37507
37516
37517
37529
37533
37540
37548
37550
37551
37571
37582
37587
37595
37596
37599
37604
37618
37619
37645
37647
37654
37660
37669
37671
37705
37710
37722
37723
37739
37750
37761
37792
37793
37796
37837
37838
37840
37842
37845
37851
37853
37866
37871
37873
37891
37903
37904
37908
37941
37948
37954
37957
37958
37960
37966
37998
38009
38016
38021
38032
38035
38109
38119
38135
38155
38158
38172
38182
38186
38203
38220
38224
38229
38236
38276
38283
38292
38299
38303
38312
38314
38321
38334
38359
38368
38371
38384
38385
38411
38425
38442
38448
38449
38463
38467
38475
38477
38479
38501
38516
38519
38521
38531
38545
38571
38574
38586
38601
38604
38608
38616
38618
38627
38640
38656
38665
38666
38670
38691
38714
38716
38727
38729
38744
38770
38782
38783
38788
38794
38798
38802
38804
38810
38842
38845
38882
38884
38896
38916
38921
38924
38933
38934
38941
38953
38959
38961
38971
38979
38990
39002
39005
39018
39025
39026
39039
39065
39068
39069
39073
39075
39077
39079
39082
39090
39108
39123
39128
39135
39149
39171
39195
39197
39200
39225
39233
39238
39255
39256
39257
39258
39264
39277
39308
39309
39320
39344
39345
39348
39356
39368
39389
39395
39408
39412
39422
39429
39430
39444
39467
39480
39491
39509
39510
39514
39520
39524
39542
39550
39560
39585
39591
39594
39618
39662
39667
39690
39694
39701
39704
39706
39707
39712
39716
39719
39727
39728
39742
39748
39753
39768
39772
39773
39788
39792
39798
39800
39818
39833
39862
39883
39896
39899
39903
39932
39935
39936
39945
39975
39983
39991
39996
39998
40035
40045
40053
40061
40068
40074
40095
40104
40106
40107
40131
40154
40164
40166
40172
40186
40205
40211
40218
40219
40227
40231
40242
40245
40247
40260
40262
40289
40297
40319
40330
40334
40348
40350
40370
40380
40382
40395
40400
40405
40408
40431
40440
40451
40452
40458
40463
40470
40473
40476
40491
40508
40520
40525
40528
40536
40542
40554
40562
40569
40591
40604
40616
40620
40621
40634
40641
40655
40670
40673
40676
40679
40708
40739
40746
40749
40756
40766
40767
40768
40776
40777
40794
40804
40839
40840
40863
40870
40874
40876
40881
40890
40904
40905
40911
40928
40937
40940
40943
41008
41025
41026
41029
41037
41043
41050
41069
41076
41086
41091
41096
41105
41112
41114
41120
41133
41145
41150
41156
41157
41158
41172
41190
41203
41204
41205
41214
41224
41225
41228
41243
41247
41252
41255
41271
41280
41282
41285
41306
41325
41328
41330
41367
41373
41403
41415
41426
41437
41449
41452
41462
41482
41487
41493
41512
41513
41524
41527
41528
41530
41536
41538
41570
41589
41594
41607
41609
41620
41624
41629
41635
41639
41648
41654
41671
41683
41692
41700
41703
41704
41714
41719
41732
41744
41748
41781
41799
41806
41814
41817
41834
41844
41853
41858
41863
41865
41867
41869
41884
41889
41894
41921
41922
41937
41945
41949
41959
41982
41993
42001
42011
42025
42034
42059
42071
42073
42081
42086
42088
42113
42115
42118
42122
42124
42143
42144
42148
42176
42193
42206
42208
42214
42235
42273
42277
42290
42347
42362
42365
42372
42379
42383
42387
42395
42409
42413
42429
42432
42439
42440
42448
42452
42463
42473
42479
42483
42484
42535
42546
42558
42572
42586
42598
42605
42608
42635
42636
42638
42647
42669
42673
42674
42675
42679
42682
42686
42704
42706
42717
42721
42741
42743
42761
42776
42783
42786
42792
42793
42794
42820
42822
42831
42836
42844
42853
42857
42889
42913
42924
42925
42953
42960
42973
42975
42976
42980
43018
43019
43038
43060
43068
43076
43088
43102
43105
43109
43119
43122
43125
43126
43131
43138
43150
43158
43165
43176
43184
43188
43208
43214
43218
43223
43225
43244
43252
43266
43274
43275
43279
43285
43299
43302
43307
43317
43333
43336
43360
43396
43399
43400
43401
43406
43412
43416
43417
43422
43438
43461
43462
43468
43484
43500
43504
43523
43535
43541
43544
43554
43558
43561
43634
43636
43644
43647
43655
43658
43664
43666
43677
43679
43681
43685
43692
43707
43712
43725
43726
43728
43732
43740
43743
43750
43751
43753
43766
43779
43781
43786
43787
43802
43805
43812
43820
43821
43835
43840
43843
43849
43853
43865
43869
43889
43910
43921
43929
43936
43947
43950
43971
43982
43994
44006
44010
44014
44037
44055
44056
44067
44077
44079
44086
44088
44099
44114
44132
44144
44166
44174
44177
44183
44186
44227
44236
44237
44239
44252
44253
44254
44258
44265
44269
44270
44271
44273
44294
44305
44309
44328
44329
44337
44344
44372
44376
44387
44389
44431
44438
44468
44521
44534
44545
44547
44552
44560
44565
44568
44574
44607
44610
44628
44632
44633
44642
44648
44658
44672
44689
44691
44714
44731
44775
44779
44782
44787
44830
44855
44870
44882
44898
44905
44926
44932
44946
44952
44968
44974
44986
44988
44996
45039
45052
45053
45061
45070
45082
45083
45089
45090
45097
45104
45106
45111
45128
45137
45147
45157
45161
45170
45205
45207
45215
45217
45244
45250
45271
45296
45340
45349
45352
45371
45380
45385
45403
45413
45424
45428
45431
45435
45436
45441
45455
45459
45479
45488
45503
45506
45513
45515
45521
45543
45553
45556
45562
45573
45575
45576
45586
45589
45593
45598
45604
45618
45621
45625
45632
45647
45663
45677
45680
45682
45683
45705
45714
45732
45736
45768
45778
45829
45841
45844
45876
45897
45906
45907
45908
45929
45937
45940
45942
45949
45953
45957
45961
45979
45995
45998
46013
46021
46022
46023
46064
46069
46075
46078
46086
46089
46092
46098
46100
46102
46109
46120
46132
46145
46154
46160
46161
46166
46199
46207
46213
46216
46218
46222
46228
46238
46252
46261
46266
46274
46280
46293
46308
46309
46312
46315
46329
46340
46345
46348
46349
46355
46356
46375
46380
46389
46395
46403
46405
46422
46423
46425
46437
46458
46474
46481
46482
46487
46505
46506
46510
46516
46519
46537
46542
46543
46563
46576
46581
46587
46592
46602
46622
46644
46645
46649
46653
46658
46660
46667
46680
46681
46683
46696
46703
46716
46727
46737
46745
46747
46748
46749
46754
46773
46778
46779
46780
46790
46807
46817
46822
46834
46845
46854
46858
46885
46887
46908
46911
46914
46920
46931
46932
46943
46945
46946
46953
46958
46962
46973
46977
46983
46988
46990
46995
47014
47016
47027
47030
47039
47049
47059
47085
47090
47120
47126
47129
47133
47150
47164
47170
47175
47190
47196
47210
47215
47226
47227
47237
47241
47251
47281
47282
47284
47290
47292
47301
47305
47322
47324
47326
47330
47331
47357
47369
47389
47393
47395
47402
47409
47444
47445
47452
47472
47475
47505
47519
47536
47553
47563
47566
47571
47573
47578
47581
47592
47606
47610
47611
47616
47620
47639
47640
47642
47643
47653
47689
47694
47698
47699
47703
47711
47716
47733
47737
47741
47742
47743
47753
47759
47762
47764
47770
47774
47778
47779
47789
47793
47797
47803
47805
47829
47837
47864
47880
47903
47921
47936
47942
47946
47967
47984
47990
47994
48002
48008
48017
48018
48036
48079
48087
48090
48097
48100
48108
48117
48144
48145
48157
48164
48183
48189
48209
48214
48215
48229
48237
48240
48241
48251
48287
48299
48309
48313
48344
48351
48356
48361
48362
48368
48370
48382
48385
48391
48395
48408
48412
48435
48448
48455
48462
48469
48474
48480
48484
48486
48487
48503
48511
48516
48518
48570
48582
48584
48591
48595
48603
48649
48660
48665
48677
48680
48681
48707
48712
48725
48731
48732
48740
48741
48754
48768
48784
48804
48816
48822
48843
48852
48871
48872
48893
48917
48937
48963
48988
49011
49016
49021
49022
49025
49026
49028
49041
49049
49056
49059
49079
49081
49084
49089
49092
49099
49102
49110
49123
49150
49159
49161
49179
49186
49190
49212
49235
49247
49270
49273
49288
49312
49313
49315
49316
49338
49342
49380
49402
49410
49448
49465
49467
49472
49491
49494
49496
49512
49521
49525
49530
49539
49545
49575
49590
49597
49603
49626
49630
49635
49637
49638
49666
49674
49683
49704
49723
49728
49733
49739
49749
49756
49781
49784
49790
49829
49830
49834
49837
49855
49856
49866
49877
49881
49907
49926
49934
49945
49974
50006
50021
50030
50033
50036
50047
50052
50084
50095
50102
50105
50107
50117
50127
50130
50160
50174
50180
50193
50196
50203
50205
50231
50249
50253
50255
50267
50275
50281
50315
50317
50354
50355
50366
50371
50379
50385
50396
50430
50467
50492
50494
50508
50514
50526
50534
50541
50542
50558
50577
50588
50602
50603
50605
50607
50628
50635
50656
50660
50672
50679
50689
50691
50697
50707
50710
50714
50720
50721
50739
50743
50750
50758
50760
50773
50777
50794
50797
50799
50803
50818
50820
50828
50842
50843
50844
50847
50857
50875
50900
50909
50914
50918
50925
50940
50945
50949
50953
50966
50989
51022
51029
51030
51033
51040
51045
51046
51049
51052
51055
51070
51073
51080
51092
51098
51102
51131
51137
51155
51162
51182
51220
51238
51245
51253
51260
51269
51290
51293
51303
51305
51308
51314
51315
51321
51325
51331
51351
51355
51356
51358
51382
51409
51416
51422
51437
51441
51447
51448
51466
51470
51474
51489
51509
51527
51529
51540
51580
51600
51605
51606
51611
51613
51627
51634
51635
51654
51665
51682
51689
51690
51691
51703
51728
51736
51742
51746
51747
51783
51793
51809
51821
51831
51841
51848
51857
51885
51895
51898
51903
51909
51923
51925
51936
51956
51959
51990
52004
52006
52010
52015
52028
52058
52060
52066
52089
52099
52117
52131
52136
52144
52167
52170
52173
52185
52197
52198
52202
52206
52215
52217
52218
52223
52234
52249
52262
52301
52308
52321
52322
52333
52334
52344
52348
52361
52363
52365
52380
52401
52421
52425
52444
52447
52457
52458
52459
52460
52504
52522
52523
52535
52542
52544
52549
52561
52570
52609
52613
52620
52638
52642
52658
52661
52670
52675
52686
52694
52697
52713
52723
52731
52737
52742
52784
52787
52792
52812
52840
52857
52869
52874
52877
52879
52884
52885
52887
52895
52903
52906
52907
52916
52926
52941
52963
52977
52978
52985
52990
52995
53008
53010
53026
53039
53046
53065
53098
53101
53111
53122
53126
53135
53148
53178
53181
53186
53210
53217
53221
53222
53224
53227
53261
53267
53286
53295
53317
53321
53353
53364
53369
53372
53381
53395
53406
53411
53414
53420
53434
53437
53467
53473
53485
53488
53495
53509
53512
53517
53526
53529
53542
53552
53554
53575
53592
53595
53603
53619
53624
53634
53636
53646
53647
53653
53658
53659
53662
53665
53707
53712
53720
53736
53743
53763
53795
53800
53808
53810
53856
53858
53859
53862
53865
53878
53881
53886
53889
53899
53904
53925
53943
53944
53970
53972
53984
54000
54009
54026
54030
54032
54035
54040
54049
54067
54068
54101
54113
54114
54124
54126
54129
54133
54153
54182
54183
54188
54199
54211
54248
54254
54259
54263
54277
54287
54311
54324
54329
54330
54333
54344
54356
54366
54369
54373
54387
54390
54399
54412
54431
54445
54458
54466
54480
54490
54503
54531
54536
54541
54596
54613
54615
54622
54637
54652
54653
54658
54662
54676
54696
54705
54719
54726
54727
54744
54749
54766
54767
54773
54774
54795
54806
54815
54820
54837
54842
54854
54855
54857
54872
54879
54886
54887
54896
54901
54908
54910
54919
54920
54922
54923
54936
54945
54955
54958
54967
54973
54985
54988
54993
55005
55007
55011
55020
55025
55030
55065
55069
55073
55087
55089
55098
55102
55104
55106
55111
55120
55138
55149
55151
55177
55199
55215
55226
55233
55239
55240
55253
55256
55259
55260
55282
55289
55303
55305
55309
55331
55342
55345
55357
55382
55394
55398
55399
55404
55433
55438
55439
55449
55456
55463
55510
55513
55514
55518
55537
55539
55542
55545
55547
55551
55578
55580
55600
55603
55606
55611
55614
55633
55656
55662
55663
55680
55693
55702
55705
55718
55727
55740
55743
55769
55789
55797
55810
55827
55832
55835
55843
55854
55881
55882
55903
55910
55918
55923
55928
55952
55963
55966
55972
55979
55986
55992
56003
56015
56034
56038
56059
56080
56090
56097
56098
56102
56103
56107
56117
56123
56136
56147
56172
56176
56201
56215
56217
56234
56237
56252
56260
56265
56267
56270
56275
56276
56277
56286
56295
56302
56339
56352
56362
56379
56381
56382
56391
56409
56414
56417
56422
56425
56437
56454
56459
56464
56465
56467
56489
56490
56494
56505
56523
56524
56526
56527
56533
56534
56543
56549
56553
56567
56568
56605
56607
56616
56619
56623
56648
56660
56661
56683
56684
56687
56702
56707
56716
56721
56727
56745
56762
56767
56769
56773
56777
56778
56781
56797
56804
56822
56824
56836
56845
56849
56871
56877
56883
56884
56906
56910
56917
56923
56932
56948
56954
56964
56966
56969
56977
56985
56988
56992
57000
57017
57041
57044
57070
57073
57075
57077
57083
57092
57100
57113
57127
57136
57142
57150
57157
57181
57186
57214
57218
57222
57256
57279
57287
57294
57295
57297
57307
57309
57322
57334
57336
57356
57357
57375
57377
57395
57413
57421
57423
57433
57435
57491
57494
57508
57519
57533
57549
57557
57563
57583
57610
57629
57632
57657
57661
57666
57667
57671
57686
57692
57722
57724
57732
57741
57742
57745
57759
57762
57777
57798
57801
57808
57828
57836
57841
57854
57864
57893
57895
57910
57921
57927
57933
57944
57964
57970
57990
57991
58010
58014
58025
58041
58045
58051
58058
58065
58069
58073
58079
58095
58098
58100
58121
58123
58130
58131
58134
58150
58158
58161
58164
58165
58166
58178
58184
58189
58198
58204
58216
58218
58234
58257
58304
58306
58316
58356
58363
58367
58371
58372
58379
58385
58390
58404
58406
58427
58438
58440
58456
58460
58476
58487
58502
58503
58509
58513
58527
58541
58542
58548
58564
58582
58586
58601
58630
58685
58690
58712
58724
58728
58729
58731
58732
58750
58751
58809
58821
58836
58857
58864
58877
58879
58883
58886
58908
58914
58916
58920
58929
58933
58940
58964
58968
58977
58987
58990
59000
59034
59035
59038
59057
59062
59067
59071
59081
59094
59097
59109
59116
59130
59137
59140
59150
59161
59168
59173
59188
59189
59191
59192
59198
59206
59210
59219
59248
59264
59274
59275
59276
59282
59286
59299
59301
59335
59342
59351
59364
59366
59368
59375
59384
59385
59386
59399
59407
59412
59413
59420
59424
59441
59449
59453
59458
59468
59481
59542
59563
59565
59576
59587
59592
59601
59611
59615
59620
59622
59633
59639
59645
59652
59656
59662
59668
59669
59676
59679
59680
59683
59702
59704
59705
59706
59728
59741
59742
59750
59755
59770
59775
59778
59780
59785
59812
59815
59824
59825
59829
59831
59838
59841
59861
59877
59910
59911
59915
59921
59930
59944
59945
59960
59992
