16
21
29
37
66
77
81
86
93
98
113
114
117
129
133
134
143
144
150
151
160
189
194
196
224
231
240
263
264
267
279
285
297
310
332
340
343
367
371
373
380
414
425
428
451
453
454
460
464
472
484
512
518
523
531
537
538
540
545
549
566
582
616
626
630
656
660
667
678
690
693
694
697
710
721
737
739
743
748
749
758
768
769
785
789
795
803
809
812
817
831
840
854
891
894
896
902
944
955
985
988
996
1004
1005
1006
1025
1032
1034
1070
1072
1079
1087
1088
1090
1095
1105
1107
1110
1126
1135
1145
1152
1180
1188
1203
1219
1235
1245
1246
1250
1275
1284
1297
1302
1313
1319
1352
1365
1366
1381
1394
1396
1403
1411
1414
1426
1441
1449
1450
1460
1461
1474
1478
1481
1500
1509
1517
1529
1547
1551
1552
1579
1588
1590
1591
1630
1634
1637
1653
1656
1660
1664
1673
1679
1685
1690
1702
1721
1754
1796
1810
1813
1820
1821
1832
1839
1865
1869
1872
1885
1893
1907
1910
1921
1930
1942
1945
1963
1970
1980
1991
2015
2039
2072
2091
2110
2118
2122
2127
2132
2136
2157
2164
2171
2179
2198
2201
2211
2225
2228
2238
2265
2274
2291
2296
2326
2328
2336
2339
2342
2349
2356
2358
2361
2382
2385
2386
2388
2389
2392
2394
2395
2399
2402
2403
2409
2413
2418
2424
2435
2437
2452
2454
2458
2462
2464
2470
2476
2485
2495
2498
2499
2500
2507
2512
2549
2553
2555
2565
2572
2590
2591
2616
2640
2648
2655
2670
2672
2677
2683
2687
2714
2725
2726
2731
2738
2746
2751
2756
2759
2763
2767
2776
2804
2816
2818
2828
2838
2846
2847
2848
2854
2861
2892
2898
2904
2914
2916
2917
2919
2921
2932
2939
2943
2972
2990
2992
3011
3018
3021
3027
3053
3065
3076
3079
3095
3105
3130
3132
3134
3156
3177
3192
3193
3204
3222
3228
3231
3245
3270
3275
3278
3313
3318
3324
3326
3344
3351
3359
3378
3382
3402
3410
3411
3419
3420
3482
3483
3485
3489
3496
3507
3513
3516
3538
3540
3564
3570
3573
3579
3580
3583
3585
3590
3596
3600
3604
3606
3609
3641
3642
3643
3647
3655
3664
3669
3673
3686
3713
3714
3721
3723
3726
3734
3751
3763
3783
3791
3792
3796
3801
3808
3812
3817
3819
3820
3828
3838
3840
3841
3854
3861
3873
3880
3881
3899
3919
3932
3933
3935
3936
3939
3955
3970
3975
3985
3988
4022
4024
4047
4049
4052
4058
4068
4071
4084
4086
4090
4106
4111
4116
4131
4134
4147
4151
4155
4171
4178
4185
4190
4194
4222
4239
4258
4278
4305
4306
4321
4330
4347
4351
4354
4383
4389
4410
4411
4443
4460
4478
4489
4524
4537
4538
4553
4557
4558
4562
4573
4596
4609
4611
4618
4636
4646
4653
4655
4664
4665
4668
4685
4694
4695
4705
4708
4721
4724
4736
4738
4744
4753
4755
4756
4760
4803
4817
4827
4828
4833
4855
4865
4879
4881
4891
4901
4924
4936
4978
4984
4985
4998
5007
5021
5026
5065
5072
5076
5082
5085
5089
5091
5095
5098
5121
5124
5130
5131
5133
5134
5141
5142
5147
5149
5151
5154
5155
5158
5162
5166
5190
5192
5203
5208
5253
5261
5262
5292
5293
5295
5302
5314
5332
5338
5352
5355
5362
5366
5367
5373
5375
5390
5407
5408
5418
5429
5461
5462
5474
5478
5481
5487
5489
5491
5492
5502
5503
5534
5538
5542
5545
5551
5579
5581
5591
5611
5618
5619
5621
5622
5644
5652
5653
5660
5665
5667
5714
5719
5725
5739
5747
5760
5775
5784
5806
5824
5827
5831
5844
5845
5846
5848
5858
5863
5867
5870
5877
5905
5922
5959
5961
5969
5976
5984
5986
5987
6016
6017
6018
6032
6057
6067
6072
6074
6093
6096
6099
6103
6105
6107
6121
6143
6144
6145
6153
6158
6162
6170
6183
6189
6201
6210
6221
6227
6234
6241
6250
6254
6255
6259
6261
6267
6273
6283
6290
6316
6323
6330
6340
6346
6351
6352
6354
6359
6376
6379
6383
6390
6419
6432
6451
6466
6467
6473
6493
6497
6499
6500
6513
6527
6551
6552
6559
6561
6565
6592
6594
6595
6596
6605
6620
6634
6640
6641
6643
6644
6674
6676
6679
6700
6725
6732
6734
6737
6756
6760
6771
6778
6810
6824
6825
6827
6843
6850
6901
6917
6919
6922
6937
6938
6939
6947
6949
6960
6966
6972
6977
6979
6998
6999
7010
7011
7030
7032
7033
7037
7040
7051
7060
7067
7077
7083
7085
7087
7112
7152
7167
7206
7207
7219
7222
7226
7227
7240
7262
7266
7281
7287
7324
7326
7349
7352
7357
7378
7381
7404
7415
7419
7432
7467
7470
7471
7476
7478
7486
7495
7502
7530
7546
7559
7563
7571
7583
7589
7608
7621
7655
7662
7663
7671
7672
7677
7682
7688
7689
7690
7705
7707
7724
7741
7781
7783
7785
7808
7837
7840
7850
7866
7867
7882
7888
7889
7891
7897
7905
7926
7931
7933
7941
7944
7970
8003
8015
8019
8025
8055
8069
8070
8076
8077
8079
8114
8116
8118
8129
8140
8146
8153
8156
8159
8167
8184
8195
8197
8198
8231
8239
8251
8264
8268
8269
8274
8310
8337
8340
8341
8343
8346
8352
8377
8413
8420
8443
8456
8458
8463
8464
8469
8475
8480
8487
8507
8521
8522
8525
8528
8544
8547
8553
8565
8573
8577
8579
8589
8606
8614
8629
8644
8672
8678
8687
8699
8702
8709
8717
8721
8735
8742
8745
8751
8758
8831
8838
8852
8861
8862
8867
8885
8886
8893
8898
8902
8905
8912
8923
8927
8965
8978
8991
9002
9032
9058
9090
9091
9092
9100
9103
9119
9121
9152
9175
9184
9199
9208
9210
9233
9234
9245
9247
9255
9256
9260
9262
9269
9277
9283
9298
9301
9304
9317
9340
9353
9370
9371
9389
9390
9398
9401
9405
9412
9421
9428
9442
9444
9453
9466
9470
9480
9493
9495
9498
9517
9518
9519
9523
9529
9535
9549
9560
9579
9586
9592
9603
9607
9611
9629
9631
9634
9669
9688
9691
9695
9751
9752
9778
9783
9789
9801
9810
9814
9820
9827
9830
9833
9838
9859
9873
9886
9892
9903
9906
9909
9913
9925
9928
9929
9934
9937
9948
9958
9968
10001
10020
10024
10030
10032
10033
10053
10054
10066
10075
10107
10110
10125
10128
10130
10143
10149
10157
10163
10185
10187
10201
10202
10210
10211
10217
10223
10226
10239
10240
10285
10288
10296
10299
10300
10314
10327
10339
10349
10351
10355
10357
10367
10387
10400
10401
10404
10414
10424
10427
10439
10440
10445
10448
10470
10478
10506
10507
10509
10513
10535
10550
10552
10568
10576
10589
10624
10633
10635
10636
10638
10645
10650
10669
10683
10704
10711
10714
10717
10724
10742
10743
10752
10784
10787
10799
10814
10815
10840
10852
10855
10861
10880
10886
10920
10937
10938
10952
10961
10982
11003
11012
11024
11034
11039
11055
11058
11073
11077
11093
11098
11104
11110
11115
11120
11123
11144
11156
11159
11166
11178
11202
11212
11226
11240
11254
11264
11312
11313
11318
11322
11331
11334
11335
11359
11362
11366
11370
11379
11382
11412
11460
11473
11476
11478
11490
11497
11503
11508
11512
11515
11518
11529
11534
11536
11537
11540
11541
11542
11549
11560
11570
11588
11593
11611
11614
11615
11618
11629
11637
11640
11647
11653
11657
11659
11663
11666
11677
11687
11717
11719
11730
11734
11739
11766
11776
11782
11791
11815
11830
11843
11859
11861
11875
11889
11900
11910
11921
11933
11957
11976
11984
11994
12026
12039
12040
12047
12051
12057
12060
12064
12067
12068
12073
12084
12097
12109
12115
12117
12130
12148
12158
12161
12162
12165
12178
12189
12192
12195
12247
12274
12284
12293
12311
12334
12347
12363
12381
12390
12394
12396
12397
12399
12417
12419
12421
12427
12432
12437
12451
12506
12514
12535
12540
12547
12563
12572
12579
12609
12626
12630
12631
12635
12656
12687
12688
12693
12698
12704
12706
12708
12715
12735
12741
12749
12750
12776
12782
12783
12789
12796
12798
12804
12813
12827
12834
12847
12849
12859
12868
12871
12881
12886
12898
12900
12903
12927
12948
12953
12956
12968
12980
12982
13045
13071
13114
13120
13127
13134
13140
13148
13156
13172
13176
13177
13201
13207
13229
13235
13237
13251
13255
13257
13261
13265
13268
13277
13293
13307
13309
13318
13335
13336
13344
13392
13393
13397
13398
13446
13453
13458
13461
13462
13472
13476
13489
13494
13495
13503
13509
13538
13547
13557
13563
13598
13625
13675
13677
13679
13686
13695
13706
13711
13723
13732
13743
13757
13769
13778
13784
13785
13799
13800
13824
13826
13827
13848
13872
13879
13888
13900
13910
13913
13926
13935
13945
13947
13964
13973
13977
13983
13984
13986
13989
14000
14002
14009
14038
14061
14069
14070
14080
14145
14152
14153
14177
14187
14206
14208
14220
14224
14236
14239
14241
14245
14261
14269
14279
14283
14285
14299
14318
14352
14356
14362
14372
14380
14398
14405
14410
14427
14432
14444
14449
14455
14472
14487
14500
14504
14513
14517
14547
14566
14571
14583
14586
14588
14594
14603
14617
14623
14625
14639
14649
14655
14662
14668
14674
14697
14725
14727
14729
14735
14752
14786
14788
14791
14794
14799
14802
14811
14812
14813
14814
14832
14845
14856
14864
14869
14870
14875
14878
14880
14890
14891
14895
14914
14923
14947
14949
14950
14960
14968
14969
14972
14974
14975
14976
15003
15011
15012
15043
15047
15066
15070
15085
15086
15091
15094
15111
15114
15120
15122
15151
15158
15192
15198
15212
15213
15217
15241
15248
15275
15276
15283
15288
15297
15302
15306
15310
15312
15315
15318
15324
15343
15344
15347
15429
15431
15480
15484
15487
15499
15513
15554
15574
15578
15581
15584
15591
15600
15601
15606
15617
15620
15622
15628
15638
15652
15658
15667
15668
15672
15693
15728
15729
15736
15742
15743
15749
15769
15806
15810
15812
15815
15859
15865
15866
15882
15884
15889
15892
15910
15936
15940
15942
15946
15956
15978
15983
15997
16002
16004
16010
16011
16027
16031
16056
16067
16082
16095
16106
16107
16117
16119
16129
16134
16135
16142
16144
16146
16162
16163
16169
16179
16180
16205
16220
16233
16243
16249
16255
16257
16264
16282
16289
16290
16293
16301
16302
16309
16311
16319
16324
16334
16337
16341
16372
16376
16389
16404
16435
16443
16457
16462
16469
16481
16500
16504
16512
16524
16536
16564
16571
16597
16602
16609
16617
16620
16630
16635
16636
16640
16648
16652
16657
16663
16666
16675
16676
16683
16684
16690
16693
16701
16709
16715
16724
16762
16767
16773
16786
16788
16803
16812
16818
16824
16842
16843
16844
16850
16860
16885
16900
16921
16927
16929
16934
16949
16951
16957
16959
16961
16963
16982
16990
16994
16996
16998
17008
17011
17014
17024
17033
17041
17070
17077
17085
17091
17092
17105
17106
17162
17166
17187
17192
17196
17204
17227
17247
17248
17250
17260
17263
17266
17269
17280
17296
17301
17315
17320
17321
17323
17329
17336
17337
17339
17343
17369
17372
17374
17375
17382
17388
17392
17393
17400
17402
17414
17429
17435
17436
17447
17449
17454
17458
17468
17476
17487
17492
17507
17515
17517
17530
17534
17540
17554
17563
17570
17580
17597
17602
17603
17607
17611
17627
17634
17635
17642
17658
17691
17701
17722
17726
17733
17734
17742
17766
17787
17818
17839
17845
17863
17864
17867
17872
17880
17883
17916
17918
17935
17955
17962
17975
17982
17991
17996
18005
18022
18030
18036
18043
18083
18103
18109
18111
18156
18168
18170
18182
18238
18245
18248
18255
18271
18274
18295
18298
18300
18316
18323
18339
18347
18358
18366
18369
18370
18373
18384
18387
18407
18409
18422
18445
18460
18495
18499
18533
18537
18550
18597
18600
18606
18609
18616
18618
18650
18653
18663
18664
18673
18691
18698
18738
18743
18756
18758
18762
18778
18782
18797
18823
18826
18830
18840
18843
18846
18871
18882
18883
18892
18894
18906
18908
18910
18911
18933
18937
18946
18947
18972
18977
18978
18979
18990
18992
19032
19035
19045
19060
19065
19078
19102
19106
19120
19125
19128
19143
19147
19152
19155
19170
19172
19176
19193
19198
19210
19212
19236
19239
19245
19250
19260
19270
19274
19279
19281
19333
19345
19348
19355
19356
19358
19361
19374
19389
19405
19414
19460
19480
19482
19489
19496
19528
19541
19548
19561
19565
19577
19588
19599
19617
19629
19632
19649
19710
19724
19727
19737
19745
19752
19754
19758
19784
19820
19821
19830
19839
19840
19843
19845
19847
19859
19868
19874
19879
19883
19884
19887
19890
19899
19901
19907
19924
19925
19937
19949
19954
19963
19970
19974
19976
19981
19992
19993
19994
20001
20006
20020
20021
20022
20027
20032
20055
20059
20074
20078
20083
20104
20111
20125
20131
20152
20161
20192
20196
20197
20205
20219
20222
20227
20234
20235
20240
20262
20279
20306
20312
20319
20326
20359
20382
20383
20387
20398
20400
20410
20425
20426
20428
20432
20442
20452
20455
20469
20474
20482
20484
20491
20498
20530
20534
20541
20545
20547
20558
20560
20561
20563
20568
20571
20579
20587
20619
20642
20663
20668
20687
20742
20746
20752
20785
20795
20804
20843
20846
20847
20857
20874
20881
20885
20891
20903
20924
20943
20951
20955
20961
20975
20979
20981
21004
21006
21007
21018
21026
21034
21039
21064
21070
21096
21113
21122
21132
21154
21165
21168
21175
21242
21255
21261
21270
21273
21289
21310
21312
21346
21384
21401
21409
21415
21422
21436
21447
21461
21462
21485
21501
21510
21512
21520
21525
21527
21541
21548
21563
21578
21631
21634
21713
21720
21725
21731
21733
21750
21756
21757
21766
21768
21785
21786
21787
21790
21810
21820
21830
21842
21846
21847
21856
21865
21876
21883
21884
21901
21902
21921
21925
21957
21969
21989
21998
22001
22007
22022
22025
22032
22035
22078
22096
22097
22101
22108
22118
22132
22133
22159
22164
22174
22185
22193
22198
22200
22203
22213
22225
22248
22261
22274
22278
22282
22293
22295
22296
22302
22330
22344
22352
22357
22358
22366
22368
22383
22408
22418
22421
22429
22437
22472
22484
22485
22504
22525
22537
22538
22559
22561
22565
22579
22582
22589
22602
22608
22639
22643
22650
22653
22674
22677
22700
22702
22737
22759
22763
22774
22775
22778
22803
22809
22817
22840
22879
22896
22898
22903
22904
22907
22919
22923
22926
22936
22964
22969
22973
22979
22985
22986
23000
23003
23006
23022
23023
23054
23072
23075
23076
23081
23104
23114
23128
23131
23138
23149
23152
23153
23169
23188
23192
23196
23198
23207
23218
23224
23227
23256
23262
23269
23274
23276
23288
23296
23298
23303
23305
23309
23317
23319
23323
23339
23348
23356
23375
23413
23423
23429
23457
23474
23475
23476
23478
23490
23492
23511
23514
23517
23531
23539
23554
23584
23602
23611
23627
23629
23636
23640
23642
23650
23665
23671
23692
23708
23722
23724
23745
23760
23773
23788
23793
23794
23805
23830
23834
23841
23843
23853
23876
23879
23885
23893
23904
23905
23906
23913
23916
23932
23938
23955
23958
23978
23985
23992
23993
23998
24019
24026
24044
24064
24082
24084
24101
24120
24122
24123
24125
24139
24140
24145
24147
24157
24173
24178
24193
24202
24214
24215
24231
24237
24243
24245
24259
24273
24274
24282
24296
24314
24321
24332
24357
24364
24369
24370
24373
24391
24394
24396
24412
24431
24434
24442
24451
24466
24467
24470
24490
24515
24518
24523
24533
24538
24539
24554
24557
24558
24560
24575
24595
24601
24606
24615
24617
24640
24650
24660
24663
24675
24687
24704
24710
24713
24729
24733
24766
24772
24779
24784
24805
24816
24833
24842
24848
24856
24861
24869
24897
24907
24913
24926
24935
24950
24955
24975
24978
24992
25005
25016
25021
25024
25063
25088
25139
25179
25182
25186
25248
25250
25264
25265
25270
25273
25275
25283
25294
25296
25313
25317
25318
25322
25326
25332
25334
25340
25342
25343
25374
25386
25396
25432
25433
25435
25448
25462
25465
25482
25495
25512
25518
25523
25529
25536
25545
25574
25575
25578
25598
25602
25605
25614
25618
25623
25625
25631
25636
25647
25649
25663
25666
25667
25694
25700
25710
25725
25748
25775
25790
25810
25819
25820
25832
25833
25847
25862
25867
25891
25893
25928
25949
25951
25960
25971
25972
25976
25991
25997
25998
26017
26019
26036
26057
26060
26073
26074
26093
26098
26105
26106
26138
26148
26161
26165
26172
26175
26184
26188
26195
26196
26197
26218
26223
26229
26233
26239
26247
26261
26263
26267
26293
26296
26320
26322
26330
26335
26341
26345
26371
26385
26390
26391
26393
26420
26424
26449
26456
26490
26497
26528
26531
26533
26543
26565
26566
26569
26579
26600
26607
26614
26633
26666
26667
26668
26679
26687
26704
26710
26718
26722
26727
26734
26746
26749
26772
26779
26781
26790
26809
26814
26816
26846
26888
26905
26906
26918
26962
26964
26968
26971
26977
26978
26980
26984
26987
26991
27003
27010
27020
27042
27047
27050
27058
27062
27069
27072
27080
27095
27102
27117
27126
27141
27142
27155
27163
27168
27169
27172
27181
27202
27203
27204
27210
27216
27222
27229
27244
27248
27263
27298
27310
27312
27313
27324
27330
27349
27350
27362
27364
27390
27391
27404
27418
27419
27426
27431
27451
27455
27474
27476
27495
27498
27506
27510
27514
27520
27532
27541
27542
27558
27570
27585
27587
27588
27591
27594
27601
27608
27609
27624
27635
27637
27640
27649
27711
27712
27716
27733
27744
27748
27766
27768
27779
27795
27808
27809
27814
27815
27817
27818
27819
27833
27850
27864
27880
27894
27901
27909
27929
27936
27969
27979
27980
27988
27991
27997
28000
28001
28046
28068
28069
28072
28076
28081
28107
28109
28124
28144
28158
28186
28213
28218
28224
28229
28237
28242
28250
28263
28273
28286
28310
28319
28325
28352
28353
28355
28363
28373
28375
28381
28383
28399
28400
28401
28415
28425
28427
28448
28452
28455
28461
28465
28486
28506
28528
28553
28555
28559
28568
28571
28578
28587
28615
28640
28645
28670
28681
28691
28701
28709
28715
28716
28720
28722
28727
28737
28741
28744
28754
28760
28768
28775
28787
28803
28804
28821
28848
28850
28854
28858
28862
28864
28880
28886
28912
28916
28928
28938
28942
28945
28958
28975
28983
28993
28999
29005
29006
29009
29041
29060
29067
29074
29075
29083
29086
29089
29106
29107
29116
29131
29142
29144
29158
29163
29173
29174
29176
29187
29188
29198
29201
29210
29213
29215
29227
29244
29266
29286
29288
29290
29291
29299
29340
29376
29380
29392
29418
29421
29429
29438
29468
29486
29503
29531
29533
29535
29539
29544
29559
29561
29574
29587
29590
29596
29599
29606
29628
29639
29654
29671
29700
29713
29714
29721
29729
29736
29739
29755
29774
29792
29802
29807
29813
29816
29819
29821
29824
29826
29832
29863
29868
29878
29879
29895
29908
29954
29971
29990
29995
30006
30016
30023
30024
30025
30027
30028
30033
30050
30058
30097
30102
30113
30114
30120
30138
30139
30143
30157
30187
30190
30214
30240
30246
30248
30258
30265
30277
30278
30279
30294
30296
30304
30326
30335
30355
30359
30360
30367
30380
30382
30400
30401
30409
30415
30421
30422
30427
30438
30444
30449
30461
30465
30474
30482
30499
30520
30523
30526
30551
30555
30557
30581
30584
30591
30593
30607
30613
30628
30637
30638
30643
30652
30657
30664
30667
30685
30690
30696
30699
30705
30728
30736
30748
30749
30780
30790
30793
30806
30811
30815
30820
30834
30839
30845
30846
30853
30859
30864
30924
30935
30938
30946
30950
30951
30978
30984
30987
30996
30999
31002
31050
31054
31063
31086
31088
31098
31107
31118
31153
31176
31178
31202
31209
31216
31219
31229
31242
31249
31250
31268
31288
31298
31308
31309
31328
31335
31337
31366
31371
31373
31375
31387
31400
31405
31416
31417
31421
31446
31458
31466
31467
31476
31494
31504
31515
31537
31547
31558
31562
31581
31584
31586
31589
31607
31628
31632
31635
31651
31667
31682
31690
31704
31714
31728
31731
31752
31766
31791
31809
31811
31815
31828
31843
31881
31902
31934
31939
31944
31951
31955
31956
31960
31977
31987
31995
32021
32034
32039
32047
32066
32067
32068
32073
32075
32080
32090
32103
32114
32120
32137
32145
32167
32180
32187
32201
32204
32221
32240
32246
32247
32257
32258
32263
32284
32285
32288
32290
32295
32301
32309
32313
32332
32355
32366
32380
32390
32392
32394
32416
32418
32442
32465
32477
32480
32485
32492
32498
32505
32526
32554
32573
32575
32578
32584
32588
32597
32622
32625
32638
32651
32655
32657
32660
32675
32691
32694
32697
32698
32702
32709
32719
32752
32756
32777
32789
32801
32805
32850
32865
32883
32889
32901
32905
32908
32910
32934
32937
32943
32948
32950
32953
32967
32969
32975
32985
32986
32998
33002
33011
33012
33024
33031
33050
33064
33074
33084
33085
33093
33095
33106
33113
33136
33143
33147
33151
33154
33182
33183
33212
33215
33221
33234
33242
33244
33257
33263
33267
33268
33271
33275
33289
33290
33300
33301
33305
33316
33318
33334
33337
33348
33356
33363
33372
33378
33382
33386
33389
33392
33393
33422
33424
33425
33434
33445
33486
33495
33496
33507
33510
33513
33526
33527
33537
33553
33565
33585
33587
33595
33601
33613
33614
33630
33642
33643
33647
33648
33652
33666
33668
33672
33675
33679
33680
33695
33714
33719
33728
33734
33736
33739
33751
33754
33762
33778
33790
33812
33814
33818
33841
33842
33855
33898
33901
33908
33920
33940
33964
33972
33986
33998
34002
34006
34012
34037
34055
34057
34074
34077
34106
34112
34115
34127
34132
34135
34148
34151
34164
34176
34186
34192
34193
34199
34228
34229
34234
34241
34275
34283
34292
34294
34296
34300
34319
34320
34329
34332
34334
34343
34348
34353
34368
34371
34376
34385
34396
34406
34407
34425
34430
34448
34459
34461
34476
34478
34499
34524
34549
34568
34571
34576
34580
34602
34613
34622
34625
34631
34639
34645
34650
34651
34652
34657
34667
34679
34685
34697
34699
34711
34719
34727
34735
34736
34741
34758
34759
34772
34790
34801
34809
34826
34828
34837
34841
34852
34869
34870
34875
34877
34880
34881
34884
34894
34899
34902
34911
34946
34957
34966
34987
34990
34996
35000
35015
35018
35042
35053
35083
35087
35117
35118
35124
35129
35142
35146
35156
35158
35159
35174
35181
35197
35200
35242
35254
35270
35274
35287
35290
35291
35295
35301
35318
35330
35338
35339
35346
35352
35361
35366
35371
35374
35375
35389
35392
35394
35399
35404
35409
35419
35437
35448
35456
35462
35466
35490
35513
35522
35533
35537
35577
35578
35581
35587
35593
35615
35620
35621
35625
35655
35660
35672
35677
35688
35708
35720
35721
35726
35728
35729
35740
35744
35748
35749
35772
35776
35793
35816
35830
35837
35849
35869
35871
35885
35895
35898
35899
35905
35918
35926
35928
35950
35951
35971
35990
36015
36025
36029
36030
36048
36071
36087
36106
36126
36128
36134
36135
36146
36160
36162
36175
36179
36182
36183
36190
36192
36209
36210
36218
36224
36244
36248
36251
36260
36265
36278
36317
36320
36337
36371
36396
36404
36407
36415
36440
36449
36455
36457
36458
36464
36478
36483
36487
36498
36505
36534
36572
36583
36594
36597
36610
36622
36625
36630
36636
36643
36646
36649
36653
36679
36680
36693
36697
36712
36718
36740
36742
36746
36751
36762
36771
36781
36828
36836
36837
36839
36843
36850
36858
36882
36912
36922
36925
36931
36932
36944
36954
36958
36961
36978
36981
36996
37013
37037
37051
37063
37077
37081
37087
37109
37115
37134
37138
37143
37144
37212
37239
37242
37244
37255
37266
37268
37278
37280
37294
37295
37298
37344
37345
37349
37369
37371
37374
37391
37398
37402
37410
37422
37441
37448
37463
37465
37477
37482
37487
37496
37499
37512
37515
37523
37535
37543
37554
37564
37566
37570
37573
37574
37580
37586
37597
37616
37617
37624
37627
37628
37630
37632
37635
37649
37651
37672
37673
37675
37676
37684
37706
37709
37724
37730
37735
37755
37758
37770
37774
37776
37791
37801
37820
37822
37832
37835
37839
37862
37870
37895
37915
37920
37922
37924
37926
37937
37955
37971
37991
37994
37995
37999
38003
38013
38020
38031
38038
38055
38056
38071
38079
38080
38084
38107
38139
38140
38148
38151
38153
38161
38177
38194
38214
38231
38251
38268
38279
38281
38287
38288
38301
38308
38320
38324
38328
38353
38365
38367
38370
38378
38386
38394
38414
38419
38422
38455
38456
38458
38464
38465
38470
38485
38496
38507
38541
38548
38561
38570
38589
38612
38635
38648
38652
38660
38694
38695
38742
38750
38752
38761
38772
38784
38787
38797
38816
38832
38834
38837
38838
38849
38853
38855
38870
38886
38889
38891
38892
38914
38925
38938
38942
38945
38955
38975
38981
39014
39021
39031
39035
39038
39060
39071
39085
39091
39097
39099
39100
39127
39143
39152
39161
39191
39210
39223
39226
39236
39240
39241
39245
39249
39259
39271
39272
39300
39325
39339
39346
39347
39367
39376
39388
39390
39423
39433
39458
39485
39494
39503
39519
39529
39537
39573
39580
39588
39599
39611
39619
39627
39640
39658
39663
39664
39665
39691
39705
39708
39713
39741
39745
39758
39764
39805
39808
39823
39855
39856
39859
39871
39876
39878
39885
39886
39889
39917
39919
39920
39925
39930
39934
39957
39959
39968
39974
39977
39979
39989
39990
39997
40000
40001
40028
40030
40039
40049
40058
40076
40085
40086
40089
40101
40103
40110
40115
40122
40136
40142
40168
40182
40198
40215
40220
40228
40233
40288
40292
40293
40310
40321
40337
40365
40376
40418
40422
40423
40426
40447
40455
40467
40481
40509
40522
40537
40553
40560
40570
40584
40586
40589
40598
40600
40601
40623
40633
40664
40669
40680
40681
40689
40692
40702
40721
40733
40735
40737
40738
40742
40762
40791
40805
40811
40822
40825
40842
40844
40845
40850
40865
40878
40885
40889
40897
40922
40936
40948
40949
40954
40963
40967
40973
40974
40978
40987
40999
41005
41020
41028
41034
41067
41074
41084
41100
41102
41104
41122
41127
41129
41135
41161
41165
41166
41170
41189
41195
41230
41249
41259
41270
41304
41310
41321
41323
41339
41363
41368
41376
41380
41381
41390
41392
41393
41395
41407
41422
41425
41439
41446
41454
41461
41501
41517
41534
41535
41566
41569
41571
41582
41602
41606
41611
41665
41668
41684
41715
41727
41735
41750
41751
41780
41782
41812
41822
41849
41855
41897
41909
41914
41916
41931
41951
41977
41986
41991
42012
42020
42032
42033
42036
42047
42056
42068
42070
42090
42097
42099
42103
42106
42132
42158
42159
42167
42171
42181
42183
42198
42201
42212
42215
42216
42217
42223
42249
42251
42258
42275
42285
42286
42313
42315
42318
42327
42341
42343
42344
42378
42389
42392
42406
42411
42420
42422
42426
42433
42435
42437
42447
42450
42469
42474
42493
42499
42506
42513
42534
42584
42590
42597
42616
42626
42646
42659
42660
42662
42670
42678
42700
42713
42751
42755
42764
42773
42787
42788
42813
42814
42823
42838
42860
42866
42872
42879
42885
42888
42891
42903
42964
42968
42977
42990
42992
43002
43026
43046
43049
43050
43055
43084
43112
43166
43175
43203
43224
43238
43243
43246
43253
43273
43281
43282
43289
43314
43320
43321
43335
43345
43350
43364
43368
43373
43376
43384
43386
43389
43420
43423
43432
43453
43477
43480
43482
43483
43495
43502
43507
43518
43527
43536
43545
43551
43568
43576
43580
43591
43613
43625
43640
43643
43653
43661
43668
43680
43683
43684
43689
43691
43693
43697
43714
43717
43722
43729
43730
43741
43758
43767
43770
43775
43784
43794
43803
43808
43811
43819
43823
43834
43836
43845
43847
43873
43878
43879
43902
43917
43925
43949
43984
43988
43997
44000
44016
44024
44026
44030
44034
44038
44046
44059
44066
44093
44098
44101
44102
44103
44105
44111
44113
44116
44129
44138
44142
44152
44153
44154
44163
44165
44200
44213
44219
44250
44260
44263
44272
44275
44276
44280
44285
44288
44289
44306
44307
44311
44314
44322
44334
44345
44365
44378
44399
44404
44405
44408
44417
44420
44422
44429
44435
44439
44449
44455
44479
44507
44513
44520
44522
44527
44546
44553
44571
44577
44578
44579
44584
44588
44589
44593
44595
44622
44631
44634
44643
44651
44673
44678
44701
44708
44709
44711
44717
44719
44722
44725
44727
44729
44734
44741
44745
44754
44764
44799
44801
44803
44812
44825
44829
44837
44856
44864
44871
44876
44884
44886
44887
44889
44901
44909
44915
44919
44942
44945
44957
44958
44964
44966
44970
44980
44983
45002
45003
45017
45034
45037
45044
45046
45059
45060
45080
45092
45102
45105
45127
45131
45145
45148
45168
45173
45174
45185
45194
45204
45233
45234
45237
45252
45253
45255
45256
45259
45268
45274
45275
45281
45291
45294
45304
45311
45320
45323
45324
45330
45332
45336
45353
45355
45361
45364
45366
45377
45387
45388
45392
45402
45406
45425
45429
45445
45454
45482
45490
45494
45497
45500
45507
45511
45519
45523
45530
45541
45548
45566
45569
45570
45574
45607
45609
45611
45615
45616
45643
45644
45646
45655
45728
45733
45738
45747
45774
45782
45783
45794
45798
45813
45816
45821
45831
45836
45840
45850
45852
45859
45898
45913
45914
45916
45918
45919
45922
45932
45933
45964
45972
45977
45993
46003
46005
46006
46007
46018
46030
46034
46048
46073
46081
46088
46095
46099
46111
46116
46124
46127
46141
46146
46167
46169
46187
46192
46203
46206
46217
46231
46247
46259
46264
46265
46267
46272
46276
46278
46294
46304
46327
46332
46335
46374
46383
46385
46392
46402
46412
46418
46419
46439
46449
46452
46455
46457
46464
46478
46480
46488
46496
46499
46500
46501
46503
46512
46529
46530
46531
46539
46541
46548
46549
46556
46557
46578
46579
46583
46584
46617
46620
46638
46642
46651
46656
46671
46682
46698
46710
46751
46752
46757
46761
46764
46771
46785
46794
46803
46809
46820
46821
46826
46838
46844
46857
46862
46868
46878
46895
46897
46901
46902
46916
46921
46925
46929
46963
46964
46971
46992
46998
47032
47043
47056
47066
47072
47075
47082
47095
47102
47108
47110
47114
47116
47124
47146
47155
47187
47192
47207
47213
47214
47219
47221
47231
47239
47240
47243
47252
47256
47258
47267
47268
47271
47276
47278
47279
47295
47318
47340
47360
47373
47381
47398
47404
47436
47478
47489
47491
47508
47526
47534
47551
47557
47558
47595
47602
47626
47628
47635
47638
47659
47668
47676
47677
47678
47681
47688
47706
47720
47722
47724
47734
47747
47751
47768
47784
47804
47808
47814
47836
47844
47870
47890
47892
47893
47901
47905
47910
47912
47925
47926
47935
47945
47950
47954
47959
47965
47968
47971
47983
47987
47991
47999
48005
48010
48030
48040
48052
48061
48067
48069
48072
48111
48121
48136
48142
48154
48177
48185
48192
48218
48236
48248
48256
48264
48271
48278
48291
48317
48320
48335
48340
48345
48347
48354
48358
48359
48363
48364
48378
48383
48404
48407
48414
48432
48444
48445
48446
48451
48470
48473
48489
48493
48495
48504
48505
48507
48519
48572
48577
48599
48604
48616
48627
48632
48640
48644
48658
48664
48668
48679
48704
48705
48728
48730
48750
48752
48757
48758
48761
48763
48786
48788
48790
48793
48796
48837
48840
48841
48845
48853
48863
48873
48903
48914
48927
48944
48957
48962
48967
48976
48983
48997
48999
49002
49045
49052
49060
49088
49103
49128
49130
49131
49135
49149
49158
49167
49177
49183
49187
49192
49214
49225
49226
49231
49252
49253
49260
49261
49265
49266
49271
49286
49287
49295
49305
49314
49318
49322
49325
49334
49339
49347
49375
49376
49386
49387
49400
49425
49427
49432
49438
49442
49453
49471
49478
49487
49488
49500
49522
49529
49541
49564
49567
49577
49588
49594
49600
49604
49616
49634
49639
49641
49655
49656
49668
49673
49675
49676
49678
49684
49695
49698
49706
49710
49712
49729
49743
49745
49776
49777
49802
49811
49833
49835
49846
49847
49870
49871
49872
49904
49924
49927
49937
49939
49942
49949
49955
49956
49984
49985
50007
50064
50069
50080
50081
50086
50096
50111
50122
50124
50139
50141
50151
50167
50177
50183
50185
50241
50250
50259
50274
50280
50286
50297
50330
50334
50341
50342
50368
50370
50393
50394
50408
50409
50413
50423
50424
50438
50440
50446
50453
50454
50455
50461
50463
50466
50484
50499
50500
50501
50502
50521
50538
50572
50591
50619
50627
50629
50634
50636
50649
50653
50657
50673
50692
50702
50716
50723
50741
50746
50764
50765
50768
50769
50787
50789
50798
50823
50830
50861
50883
50897
50910
50920
50946
50950
50952
50965
50979
50991
51002
51004
51010
51011
51015
51016
51017
51020
51034
51041
51050
51063
51064
51076
51112
51114
51126
51139
51149
51163
51164
51169
51176
51194
51198
51200
51232
51234
51237
51268
51274
51281
51295
51296
51299
51302
51304
51333
51335
51336
51353
51368
51370
51375
51376
51411
51414
51425
51428
51450
51483
51493
51497
51498
51500
51507
51522
51528
51539
51563
51565
51576
51596
51597
51615
51618
51637
51647
51652
51659
51660
51661
51675
51677
51684
51698
51699
51705
51709
51713
51719
51744
51750
51757
51771
51772
51774
51779
51790
51792
51798
51800
51811
51812
51820
51825
51839
51843
51858
51870
51874
51883
51889
51908
51912
51916
51918
51919
51921
51927
51938
51949
51971
51974
51980
51987
52018
52042
52043
52045
52051
52069
52071
52074
52076
52111
52115
52116
52132
52148
52163
52180
52186
52189
52193
52196
52199
52207
52213
52224
52229
52237
52239
52255
52276
52279
52294
52320
52329
52336
52338
52345
52370
52389
52404
52422
52431
52443
52463
52464
52476
52480
52499
52511
52531
52537
52539
52577
52583
52584
52599
52600
52617
52627
52635
52636
52645
52647
52652
52680
52689
52707
52709
52710
52729
52736
52757
52763
52781
52816
52829
52832
52841
52844
52856
52862
52878
52881
52908
52921
52931
52949
52951
52958
52964
52966
52979
52982
52993
53001
53011
53029
53038
53042
53052
53058
53066
53073
53075
53083
53096
53139
53143
53144
53147
53150
53160
53163
53179
53184
53194
53197
53199
53203
53213
53244
53251
53256
53258
53262
53287
53288
53291
53297
53368
53370
53394
53405
53433
53444
53452
53465
53479
53510
53511
53538
53540
53559
53573
53581
53598
53644
53672
53673
53674
53676
53699
53703
53713
53718
53732
53742
53747
53749
53759
53772
53773
53781
53783
53785
53788
53816
53834
53861
53864
53871
53874
53879
53901
53912
53928
53930
53945
53946
53953
53956
53958
53959
53966
53977
54002
54008
54015
54025
54051
54052
54054
54057
54071
54073
54075
54082
54109
54146
54149
54151
54152
54156
54159
54167
54179
54186
54191
54195
54202
54208
54216
54218
54219
54220
54238
54243
54247
54256
54257
54261
54262
54264
54273
54274
54275
54290
54297
54300
54314
54315
54340
54346
54347
54349
54355
54357
54358
54402
54422
54429
54453
54459
54462
54507
54510
54521
54525
54545
54556
54557
54558
54569
54570
54574
54579
54585
54594
54601
54603
54605
54618
54634
54642
54670
54680
54689
54691
54695
54697
54712
54721
54733
54780
54784
54785
54796
54805
54821
54823
54829
54868
54871
54906
54909
54911
54927
54946
54953
54954
54961
54965
54974
54979
54984
54998
55010
55041
55044
55048
55068
55076
55081
55090
55097
55100
55134
55146
55159
55160
55174
55188
55192
55198
55225
55232
55241
55245
55254
55299
55308
55327
55329
55339
55343
55348
55349
55351
55356
55364
55372
55375
55389
55408
55419
55420
55429
55434
55436
55445
55459
55473
55485
55493
55500
55506
55508
55519
55526
55528
55550
55554
55558
55561
55563
55568
55569
55570
55577
55579
55622
55625
55628
55632
55635
55643
55652
55671
55673
55689
55691
55707
55719
55726
55728
55734
55735
55744
55752
55753
55754
55762
55771
55777
55779
55782
55796
55801
55805
55808
55809
55817
55819
55820
55821
55834
55863
55867
55898
55906
55914
55922
55937
55951
55970
55990
55991
56004
56007
56010
56023
56039
56042
56044
56049
56069
56073
56078
56100
56113
56125
56127
56146
56149
56161
56175
56209
56210
56219
56223
56263
56266
56274
56307
56308
56313
56320
56331
56345
56360
56366
56380
56394
56402
56408
56410
56412
56466
56501
56507
56525
56528
56529
56540
56551
56571
56573
56580
56587
56589
56606
56614
56618
56629
56679
56699
56709
56717
56718
56726
56729
56734
56754
56758
56768
56771
56775
56784
56785
56788
56808
56827
56847
56854
56873
56890
56901
56911
56915
56921
56927
56934
56939
56955
56956
56957
56959
56987
57003
57006
57048
57053
57059
57067
57079
57089
57090
57104
57130
57131
57155
57158
57173
57192
57193
57221
57228
57232
57241
57251
57259
57260
57268
57273
57274
57275
57282
57286
57290
57301
57329
57330
57337
57359
57361
57384
57390
57398
57400
57401
57409
57416
57417
57422
57429
57430
57437
57442
57455
57468
57469
57489
57492
57501
57503
57511
57518
57528
57529
57554
57579
57582
57586
57591
57602
57606
57621
57625
57628
57669
57675
57706
57707
57723
57727
57736
57739
57743
57747
57749
57756
57772
57774
57795
57813
57823
57844
57868
57883
57907
57908
57909
57911
57912
57913
57934
57935
57951
57957
57958
57973
57975
58003
58011
58026
58048
58074
58110
58113
58127
58128
58145
58175
58190
58206
58214
58217
58242
58250
58260
58272
58278
58282
58298
58302
58307
58317
58321
58325
58328
58337
58343
58357
58365
58378
58380
58383
58387
58391
58394
58395
58396
58405
58410
58419
58420
58441
58446
58463
58469
58470
58480
58490
58512
58528
58529
58530
58557
58558
58559
58569
58598
58599
58605
58610
58618
58653
58658
58681
58683
58684
58688
58689
58694
58695
58725
58730
58733
58766
58774
58825
58827
58840
58843
58845
58856
58869
58874
58881
58882
58892
58894
58903
58905
58906
58922
58934
58936
58952
58959
58961
58969
58973
58974
58993
59006
59008
59012
59056
59066
59074
59136
59143
59169
59179
59182
59183
59184
59205
59213
59226
59233
59235
59263
59287
59288
59303
59323
59332
59338
59377
59388
59405
59408
59438
59444
59454
59455
59459
59516
59519
59525
59536
59539
59548
59550
59553
59559
59568
59574
59600
59637
59641
59691
59701
59727
59766
59768
59771
59781
59783
59792
59802
59803
59832
59833
59835
59844
59867
59888
59891
59894
59900
59920
59923
59926
59927
59929
59933
59942
59950
59967
59986
