0.0000128967773558322260047748555877866749597160378471016883850097656250000000000000000000000000000000
0.0000128955253379523923428851342465328855269035557284951210021972656250000000000000000000000000000000
0.0000128967773558322260047748555877866749597160378471016883850097656250000000000000000000000000000000
0.0003989886847545567904495256161823135698796249926090240478515625000000000000000000000000000000000000
0.0000128955253379523923428851342465328855269035557284951210021972656250000000000000000000000000000000
0.0001123588023817385093180293287318249895179178565740585327148437500000000000000000000000000000000000
0.0000128967773558322260047748555877866749597160378471016883850097656250000000000000000000000000000000
0.0000129249607354041756387443007358939439654932357370853424072265625000000000000000000000000000000000
0.0001123599678225341096625411463350019403151236474514007568359375000000000000000000000000000000000000
0.0000128955253379523923428851342465328855269035557284951210021972656250000000000000000000000000000000
0.0000129165312683932403882598738409370753288385458290576934814453125000000000000000000000000000000000
0.0000128955253379523923428851342465328855269035557284951210021972656250000000000000000000000000000000
0.0000129434181175478761551163320309143500708159990608692169189453125000000000000000000000000000000000
0.0001123622635652068562370567428310152990889037027955055236816406250000000000000000000000000000000000
0.0000128967773558322260047748555877866749597160378471016883850097656250000000000000000000000000000000
0.0000128955253379523923428851342465328855269035557284951210021972656250000000000000000000000000000000
0.0000129249607354041756387443007358939439654932357370853424072265625000000000000000000000000000000000
0.0000128955253379523923428851342465328855269035557284951210021972656250000000000000000000000000000000
0.0000129165312683932403882598738409370753288385458290576934814453125000000000000000000000000000000000
0.0000128955253379523923428851342465328855269035557284951210021972656250000000000000000000000000000000
0.0000128955253379523923428851342465328855269035557284951210021972656250000000000000000000000000000000
0.0001121338371692677656973891053837633080547675490379333496093750000000000000000000000000000000000000
0.0000128955253379523923428851342465328855269035557284951210021972656250000000000000000000000000000000
0.0000129718984286251662877602688905831485044473083689808845520019531250000000000000000000000000000000
0.0000128955253379523923428851342465328855269035557284951210021972656250000000000000000000000000000000
0.0001123611214912004587808402877868729774490930140018463134765625000000000000000000000000000000000000
0.0000128955253379523923428851342465328855269035557284951210021972656250000000000000000000000000000000
0.0000129038550241703702317619395500969403656199574470520019531250000000000000000000000000000000000000
0.0000129165312683932403882598738409370753288385458290576934814453125000000000000000000000000000000000
0.0000128955253379523923428851342465328855269035557284951210021972656250000000000000000000000000000000
0.0000128955253379523923428851342465328855269035557284951210021972656250000000000000000000000000000000
0.0000129122844911813054822463664450538090022746473550796508789062500000000000000000000000000000000000
0.0000128967773558322260047748555877866749597160378471016883850097656250000000000000000000000000000000
0.0000128955253379523923428851342465328855269035557284951210021972656250000000000000000000000000000000
0.0001123611214912004587808402877868729774490930140018463134765625000000000000000000000000000000000000
0.0000128955253379523923428851342465328855269035557284951210021972656250000000000000000000000000000000
0.0000128955253379523923428851342465328855269035557284951210021972656250000000000000000000000000000000
0.0000129735743673954954068017197954532093717716634273529052734375000000000000000000000000000000000000
0.0000128967773558322260047748555877866749597160378471016883850097656250000000000000000000000000000000
0.0000128955253379523923428851342465328855269035557284951210021972656250000000000000000000000000000000
0.0001123611214912004587808402877868729774490930140018463134765625000000000000000000000000000000000000
0.0003989886847545567904495256161823135698796249926090240478515625000000000000000000000000000000000000
0.0000128955253379523923428851342465328855269035557284951210021972656250000000000000000000000000000000
0.0000128955253379523923428851342465328855269035557284951210021972656250000000000000000000000000000000
0.0000128967773558322260047748555877866749597160378471016883850097656250000000000000000000000000000000
0.0000128955253379523923428851342465328855269035557284951210021972656250000000000000000000000000000000
0.0003989852235710883757678624217390961348428390920162200927734375000000000000000000000000000000000000
0.0000128955253379523923428851342465328855269035557284951210021972656250000000000000000000000000000000
0.0000128955253379523923428851342465328855269035557284951210021972656250000000000000000000000000000000
0.0000129346191590488453660324347227472685517568606883287429809570312500000000000000000000000000000000
0.0000128955253379523923428851342465328855269035557284951210021972656250000000000000000000000000000000
0.0000128955253379523923428851342465328855269035557284951210021972656250000000000000000000000000000000
0.0000129122844911813054822463664450538090022746473550796508789062500000000000000000000000000000000000
0.0000128955253379523923428851342465328855269035557284951210021972656250000000000000000000000000000000
0.0000128967773558322260047748555877866749597160378471016883850097656250000000000000000000000000000000
0.0000128955253379523923428851342465328855269035557284951210021972656250000000000000000000000000000000
0.0001121361329119405258244318579485820919217076152563095092773437500000000000000000000000000000000000
0.0000128955253379523923428851342465328855269035557284951210021972656250000000000000000000000000000000
0.0000129165312683932403882598738409370753288385458290576934814453125000000000000000000000000000000000
0.0000129064357794771041021680141325234103533148299902677536010742187500000000000000000000000000000000
0.0000128955253379523923428851342465328855269035557284951210021972656250000000000000000000000000000000
0.0000128955253379523923428851342465328855269035557284951210021972656250000000000000000000000000000000
0.0000128955253379523923428851342465328855269035557284951210021972656250000000000000000000000000000000
0.0000129064357794771041021680141325234103533148299902677536010742187500000000000000000000000000000000
0.0000128955253379523923428851342465328855269035557284951210021972656250000000000000000000000000000000
0.0000128955253379523923428851342465328855269035557284951210021972656250000000000000000000000000000000
0.0000128967773558322260047748555877866749597160378471016883850097656250000000000000000000000000000000
0.0000129735743673954954068017197954532093717716634273529052734375000000000000000000000000000000000000
0.0000128955253379523923428851342465328855269035557284951210021972656250000000000000000000000000000000
0.0000130263706891862305654742129612522205661662155762314796447753906250000000000000000000000000000000
0.0001123599678225341096625411463350019403151236474514007568359375000000000000000000000000000000000000
0.0001123599678225341096625411463350019403151236474514007568359375000000000000000000000000000000000000
0.0001123611214912004587808402877868729774490930140018463134765625000000000000000000000000000000000000
0.0001123599678225341096625411463350019403151236474514007568359375000000000000000000000000000000000000
0.0000128967773558322260047748555877866749597160378471016883850097656250000000000000000000000000000000
0.0000128967773558322260047748555877866749597160378471016883850097656250000000000000000000000000000000
0.0000128955253379523923428851342465328855269035557284951210021972656250000000000000000000000000000000
0.0000128955253379523923428851342465328855269035557284951210021972656250000000000000000000000000000000
0.0001123611214912004587808402877868729774490930140018463134765625000000000000000000000000000000000000
0.0000128967773558322260047748555877866749597160378471016883850097656250000000000000000000000000000000
0.0000128955253379523923428851342465328855269035557284951210021972656250000000000000000000000000000000
0.0000128967773558322260047748555877866749597160378471016883850097656250000000000000000000000000000000
0.0001123622635652068562370567428310152990889037027955055236816406250000000000000000000000000000000000
0.0000129165312683932403882598738409370753288385458290576934814453125000000000000000000000000000000000
0.0000128955253379523923428851342465328855269035557284951210021972656250000000000000000000000000000000
0.0000128955253379523923428851342465328855269035557284951210021972656250000000000000000000000000000000
0.0000128955253379523923428851342465328855269035557284951210021972656250000000000000000000000000000000
0.0001123611214912004587808402877868729774490930140018463134765625000000000000000000000000000000000000
0.0000129608981231726235562378909960123962719080736860632896423339843750000000000000000000000000000000
0.0001121349908379341148156882468356343451887369155883789062500000000000000000000000000000000000000000
0.0000128955253379523923428851342465328855269035557284951210021972656250000000000000000000000000000000
0.0001123599678225341096625411463350019403151236474514007568359375000000000000000000000000000000000000
0.0001123599678225341096625411463350019403151236474514007568359375000000000000000000000000000000000000
0.0003987602583586176592522765105286453035660088062286376953125000000000000000000000000000000000000000
0.0000128955253379523923428851342465328855269035557284951210021972656250000000000000000000000000000000
0.0000128955253379523923428851342465328855269035557284951210021972656250000000000000000000000000000000
0.0000129040112369160323864793540882267564029461937025189399719238281250000000000000000000000000000000
0.0000129040112369160323864793540882267564029461937025189399719238281250000000000000000000000000000000
0.0003987602699532776244668863530051794441533274948596954345703125000000000000000000000000000000000000
0.0001123588023817385093180293287318249895179178565740585327148437500000000000000000000000000000000000
0.0000129518475845588114056007589258712187074706889688968658447265625000000000000000000000000000000000
0.0000133467208548672347810442814775022668527526548132300376892089843750000000000000000000000000000000
0.0000129122844911813054822463664450538090022746473550796508789062500000000000000000000000000000000000
0.0000128955253379523923428851342465328855269035557284951210021972656250000000000000000000000000000000
0.0000128955253379523923428851342465328855269035557284951210021972656250000000000000000000000000000000
0.0000129110889052539682433614134926536110015149461105465888977050781250000000000000000000000000000000
0.0000128955253379523923428851342465328855269035557284951210021972656250000000000000000000000000000000
0.0000129122844911813054822463664450538090022746473550796508789062500000000000000000000000000000000000
0.0001123622635652068562370567428310152990889037027955055236816406250000000000000000000000000000000000
0.0000129038550241703702317619395500969403656199574470520019531250000000000000000000000000000000000000
0.0001123611214912004587808402877868729774490930140018463134765625000000000000000000000000000000000000
0.0000131126285293707862126188698481676908613735577091574668884277343750000000000000000000000000000000
0.0003989863890118840032174285514798839358263649046421051025390625000000000000000000000000000000000000
0.0000129195183722649034938458403876104796381696360185742378234863281250000000000000000000000000000000
0.0000128955253379523923428851342465328855269035557284951210021972656250000000000000000000000000000000
0.0001121361329119405258244318579485820919217076152563095092773437500000000000000000000000000000000000
0.0000128955253379523923428851342465328855269035557284951210021972656250000000000000000000000000000000
0.0000128955253379523923428851342465328855269035557284951210021972656250000000000000000000000000000000
0.0000128967773558322260047748555877866749597160378471016883850097656250000000000000000000000000000000
0.0003989886847545567904495256161823135698796249926090240478515625000000000000000000000000000000000000
0.0000128955253379523923428851342465328855269035557284951210021972656250000000000000000000000000000000
0.0001123611214912004587808402877868729774490930140018463134765625000000000000000000000000000000000000
0.0000128955253379523923428851342465328855269035557284951210021972656250000000000000000000000000000000
0.0000129249607354041756387443007358939439654932357370853424072265625000000000000000000000000000000000
0.0001123611214912004587808402877868729774490930140018463134765625000000000000000000000000000000000000
0.0000130471559633573892675534669494119555110955843701958656311035156250000000000000000000000000000000
0.0000129122844911813054822463664450538090022746473550796508789062500000000000000000000000000000000000
0.0000128955253379523923428851342465328855269035557284951210021972656250000000000000000000000000000000
0.0001123622635652068562370567428310152990889037027955055236816406250000000000000000000000000000000000
0.0000128967773558322260047748555877866749597160378471016883850097656250000000000000000000000000000000
0.0001123588023817384822129750165942141393315978348255157470703125000000000000000000000000000000000000
0.0000128955253379523923428851342465328855269035557284951210021972656250000000000000000000000000000000
0.0001123611214912004587808402877868729774490930140018463134765625000000000000000000000000000000000000
0.0000129038550241703702317619395500969403656199574470520019531250000000000000000000000000000000000000
0.0001123611214912004587808402877868729774490930140018463134765625000000000000000000000000000000000000
0.0000129038550241703702317619395500969403656199574470520019531250000000000000000000000000000000000000
0.0000129518475845588114056007589258712187074706889688968658447265625000000000000000000000000000000000
0.0000128955253379523923428851342465328855269035557284951210021972656250000000000000000000000000000000
0.0000129040112369160323864793540882267564029461937025189399719238281250000000000000000000000000000000
0.0001123588023817384822129750165942141393315978348255157470703125000000000000000000000000000000000000
0.0000129038550241703702317619395500969403656199574470520019531250000000000000000000000000000000000000
0.0001121338487639277309119989478602974486420862376689910888671875000000000000000000000000000000000000
0.0000128955253379523923428851342465328855269035557284951210021972656250000000000000000000000000000000
0.0000130179412221750869448847615084119411221763584762811660766601562500000000000000000000000000000000
0.0000129064357794771041021680141325234103533148299902677536010742187500000000000000000000000000000000
0.0000128955253379523923428851342465328855269035557284951210021972656250000000000000000000000000000000
0.0000128967773558322260047748555877866749597160378471016883850097656250000000000000000000000000000000
0.0000128955253379523923428851342465328855269035557284951210021972656250000000000000000000000000000000
0.0001123622635652068562370567428310152990889037027955055236816406250000000000000000000000000000000000
0.0001123599678225341096625411463350019403151236474514007568359375000000000000000000000000000000000000
0.0001123599678225341096625411463350019403151236474514007568359375000000000000000000000000000000000000
0.0000128967773558322260047748555877866749597160378471016883850097656250000000000000000000000000000000
0.0000129064357794771041021680141325234103533148299902677536010742187500000000000000000000000000000000
0.0000128955253379523923428851342465328855269035557284951210021972656250000000000000000000000000000000
0.0001121326717284721518003501317117809321644017472863197326660156250000000000000000000000000000000000
0.0000128967773558322260047748555877866749597160378471016883850097656250000000000000000000000000000000
0.0000128955253379523923428851342465328855269035557284951210021972656250000000000000000000000000000000
0.0000129237651494768400939252422920944241013785358518362045288085937500000000000000000000000000000000
0.0000128967773558322260047748555877866749597160378471016883850097656250000000000000000000000000000000
0.0000128967773558322260047748555877866749597160378471016883850097656250000000000000000000000000000000
0.0000128955253379523923428851342465328855269035557284951210021972656250000000000000000000000000000000
0.0001123599678225341096625411463350019403151236474514007568359375000000000000000000000000000000000000
0.0000128955253379523923428851342465328855269035557284951210021972656250000000000000000000000000000000
0.0001123622635652068562370567428310152990889037027955055236816406250000000000000000000000000000000000
0.0000128967773558322260047748555877866749597160378471016883850097656250000000000000000000000000000000
0.0000128955253379523923428851342465328855269035557284951210021972656250000000000000000000000000000000
0.0001123622635652068562370567428310152990889037027955055236816406250000000000000000000000000000000000
0.0000129038550241703702317619395500969403656199574470520019531250000000000000000000000000000000000000
0.0000128955253379523923428851342465328855269035557284951210021972656250000000000000000000000000000000
0.0000128955253379523923428851342465328855269035557284951210021972656250000000000000000000000000000000
0.0000129040112369160323864793540882267564029461937025189399719238281250000000000000000000000000000000
0.0000129195183722649034938458403876104796381696360185742378234863281250000000000000000000000000000000
0.0000129064357794771041021680141325234103533148299902677536010742187500000000000000000000000000000000
0.0000128955253379523923428851342465328855269035557284951210021972656250000000000000000000000000000000
0.0000128955253379523923428851342465328855269035557284951210021972656250000000000000000000000000000000
0.0000128967773558322260047748555877866749597160378471016883850097656250000000000000000000000000000000
0.0000128955253379523923428851342465328855269035557284951210021972656250000000000000000000000000000000
0.0000129038550241703702317619395500969403656199574470520019531250000000000000000000000000000000000000
0.0001123599678225341096625411463350019403151236474514007568359375000000000000000000000000000000000000
0.0001123599678225341096625411463350019403151236474514007568359375000000000000000000000000000000000000
0.0003989886847545567904495256161823135698796249926090240478515625000000000000000000000000000000000000
0.0000128955253379523923428851342465328855269035557284951210021972656250000000000000000000000000000000
0.0000128967773558322260047748555877866749597160378471016883850097656250000000000000000000000000000000
0.0000129165312683932403882598738409370753288385458290576934814453125000000000000000000000000000000000
0.0000129731504465049999496499902318369379372597904875874519348144531250000000000000000000000000000000
0.0000129087019677014997750359379113938018690532771870493888854980468750000000000000000000000000000000
0.0000128967773558322260047748555877866749597160378471016883850097656250000000000000000000000000000000
0.0003989863890118840032174285514798839358263649046421051025390625000000000000000000000000000000000000
0.0000128955253379523923428851342465328855269035557284951210021972656250000000000000000000000000000000
0.0000129122844911813054822463664450538090022746473550796508789062500000000000000000000000000000000000
0.0001121315296544657543441336766676386105245910584926605224609375000000000000000000000000000000000000
0.0000129064357794771041021680141325234103533148299902677536010742187500000000000000000000000000000000
0.0000129038550241703702317619395500969403656199574470520019531250000000000000000000000000000000000000
0.0001123611214912004587808402877868729774490930140018463134765625000000000000000000000000000000000000
0.0001123588023817384822129750165942141393315978348255157470703125000000000000000000000000000000000000
0.0000129165312683932403882598738409370753288385458290576934814453125000000000000000000000000000000000
0.0003989875426805503523357276929317549729603342711925506591796875000000000000000000000000000000000000
0.0003989875426805503523357276929317549729603342711925506591796875000000000000000000000000000000000000
0.0000128955253379523923428851342465328855269035557284951210021972656250000000000000000000000000000000
0.0000129040112369160323864793540882267564029461937025189399719238281250000000000000000000000000000000
