0.0000026638678295337702026589991183280758946239075157791376113891601562500000000000000000000000000000
0.0000000000000000000000000000000000000000000000000000000000000000000000000000000000000000000000000000
0.0000026638678295337702026589991183280758946239075157791376113891601562500000000000000000000000000000
0.0819383303296101067614287671858619432896375656127929687500000000000000000000000000000000000000000000
0.0000000000000000000000000000000000000000000000000000000000000000000000000000000000000000000000000000
0.0211438166426772718164972530985323828645050525665283203125000000000000000000000000000000000000000000
0.0000026638678295337702026589991183280758946239075157791376113891601562500000000000000000000000000000
0.0000292757184746035251804181093193690799125761259347200393676757812500000000000000000000000000000000
0.0211438166426772718164972530985323828645050525665283203125000000000000000000000000000000000000000000
0.0000000000000000000000000000000000000000000000000000000000000000000000000000000000000000000000000000
0.0000197171339098058795826287625807538006483810022473335266113281250000000000000000000000000000000000
0.0000000000000000000000000000000000000000000000000000000000000000000000000000000000000000000000000000
0.0000305501964165765430123285206764904842202668078243732452392578125000000000000000000000000000000000
0.0211438166426772718164972530985323828645050525665283203125000000000000000000000000000000000000000000
0.0000026638678295337702026589991183280758946239075157791376113891601562500000000000000000000000000000
0.0000000000000000000000000000000000000000000000000000000000000000000000000000000000000000000000000000
0.0000292757184746035251804181093193690799125761259347200393676757812500000000000000000000000000000000
0.0000000000000000000000000000000000000000000000000000000000000000000000000000000000000000000000000000
0.0000197171339098058795826287625807538006483810022473335266113281250000000000000000000000000000000000
0.0000000000000000000000000000000000000000000000000000000000000000000000000000000000000000000000000000
0.0000000000000000000000000000000000000000000000000000000000000000000000000000000000000000000000000000
0.0211438166426772718164972530985323828645050525665283203125000000000000000000000000000000000000000000
0.0000000000000000000000000000000000000000000000000000000000000000000000000000000000000000000000000000
0.0001624959376015599717742871055392583912180270999670028686523437500000000000000000000000000000000000
0.0000000000000000000000000000000000000000000000000000000000000000000000000000000000000000000000000000
0.0211438166426772718164972530985323828645050525665283203125000000000000000000000000000000000000000000
0.0000000000000000000000000000000000000000000000000000000000000000000000000000000000000000000000000000
0.0000106895818208303301126774198515079206117661669850349426269531250000000000000000000000000000000000
0.0000197171339098058795826287625807538006483810022473335266113281250000000000000000000000000000000000
0.0000000000000000000000000000000000000000000000000000000000000000000000000000000000000000000000000000
0.0000000000000000000000000000000000000000000000000000000000000000000000000000000000000000000000000000
0.0000202481663856279757104667665901231998759612906724214553833007812500000000000000000000000000000000
0.0000026638678295337702026589991183280758946239075157791376113891601562500000000000000000000000000000
0.0000000000000000000000000000000000000000000000000000000000000000000000000000000000000000000000000000
0.0211438166426772718164972530985323828645050525665283203125000000000000000000000000000000000000000000
0.0000000000000000000000000000000000000000000000000000000000000000000000000000000000000000000000000000
0.0000000000000000000000000000000000000000000000000000000000000000000000000000000000000000000000000000
0.0000603411183101958860787276950343738235460477881133556365966796875000000000000000000000000000000000
0.0000026638678295337702026589991183280758946239075157791376113891601562500000000000000000000000000000
0.0000000000000000000000000000000000000000000000000000000000000000000000000000000000000000000000000000
0.0211438166426772718164972530985323828645050525665283203125000000000000000000000000000000000000000000
0.0819383303296101067614287671858619432896375656127929687500000000000000000000000000000000000000000000
0.0000000000000000000000000000000000000000000000000000000000000000000000000000000000000000000000000000
0.0000000000000000000000000000000000000000000000000000000000000000000000000000000000000000000000000000
0.0000026638678295337702026589991183280758946239075157791376113891601562500000000000000000000000000000
0.0000000000000000000000000000000000000000000000000000000000000000000000000000000000000000000000000000
0.0819383303296101067614287671858619432896375656127929687500000000000000000000000000000000000000000000
0.0000000000000000000000000000000000000000000000000000000000000000000000000000000000000000000000000000
0.0000000000000000000000000000000000000000000000000000000000000000000000000000000000000000000000000000
0.0000498255560167211816345253505566859075770480558276176452636718750000000000000000000000000000000000
0.0000000000000000000000000000000000000000000000000000000000000000000000000000000000000000000000000000
0.0000000000000000000000000000000000000000000000000000000000000000000000000000000000000000000000000000
0.0000202481663856279757104667665901231998759612906724214553833007812500000000000000000000000000000000
0.0000000000000000000000000000000000000000000000000000000000000000000000000000000000000000000000000000
0.0000026638678295337702026589991183280758946239075157791376113891601562500000000000000000000000000000
0.0000000000000000000000000000000000000000000000000000000000000000000000000000000000000000000000000000
0.0211438166426772718164972530985323828645050525665283203125000000000000000000000000000000000000000000
0.0000000000000000000000000000000000000000000000000000000000000000000000000000000000000000000000000000
0.0000197171339098058795826287625807538006483810022473335266113281250000000000000000000000000000000000
0.0000232137053716514211510520832026926996149995829910039901733398437500000000000000000000000000000000
0.0000000000000000000000000000000000000000000000000000000000000000000000000000000000000000000000000000
0.0000000000000000000000000000000000000000000000000000000000000000000000000000000000000000000000000000
0.0000000000000000000000000000000000000000000000000000000000000000000000000000000000000000000000000000
0.0000232137053716514211510520832026926996149995829910039901733398437500000000000000000000000000000000
0.0000000000000000000000000000000000000000000000000000000000000000000000000000000000000000000000000000
0.0000000000000000000000000000000000000000000000000000000000000000000000000000000000000000000000000000
0.0000026638678295337702026589991183280758946239075157791376113891601562500000000000000000000000000000
0.0000603411183101958860787276950343738235460477881133556365966796875000000000000000000000000000000000
0.0000000000000000000000000000000000000000000000000000000000000000000000000000000000000000000000000000
0.0001014961351864079717620056864113564643048448488116264343261718750000000000000000000000000000000000
0.0211438166426772718164972530985323828645050525665283203125000000000000000000000000000000000000000000
0.0211438166426772718164972530985323828645050525665283203125000000000000000000000000000000000000000000
0.0211438166426772718164972530985323828645050525665283203125000000000000000000000000000000000000000000
0.0211438166426772718164972530985323828645050525665283203125000000000000000000000000000000000000000000
0.0000026638678295337702026589991183280758946239075157791376113891601562500000000000000000000000000000
0.0000026638678295337702026589991183280758946239075157791376113891601562500000000000000000000000000000
0.0000000000000000000000000000000000000000000000000000000000000000000000000000000000000000000000000000
0.0000000000000000000000000000000000000000000000000000000000000000000000000000000000000000000000000000
0.0211438166426772718164972530985323828645050525665283203125000000000000000000000000000000000000000000
0.0000026638678295337702026589991183280758946239075157791376113891601562500000000000000000000000000000
0.0000000000000000000000000000000000000000000000000000000000000000000000000000000000000000000000000000
0.0000026638678295337702026589991183280758946239075157791376113891601562500000000000000000000000000000
0.0211438166426772718164972530985323828645050525665283203125000000000000000000000000000000000000000000
0.0000197171339098058795826287625807538006483810022473335266113281250000000000000000000000000000000000
0.0000000000000000000000000000000000000000000000000000000000000000000000000000000000000000000000000000
0.0000000000000000000000000000000000000000000000000000000000000000000000000000000000000000000000000000
0.0000000000000000000000000000000000000000000000000000000000000000000000000000000000000000000000000000
0.0211438166426772718164972530985323828645050525665283203125000000000000000000000000000000000000000000
0.0000513135662212203298325127742707252309628529474139213562011718750000000000000000000000000000000000
0.0211438166426772718164972530985323828645050525665283203125000000000000000000000000000000000000000000
0.0000000000000000000000000000000000000000000000000000000000000000000000000000000000000000000000000000
0.0211438166426772718164972530985323828645050525665283203125000000000000000000000000000000000000000000
0.0211438166426772718164972530985323828645050525665283203125000000000000000000000000000000000000000000
0.0819383303296101067614287671858619432896375656127929687500000000000000000000000000000000000000000000
0.0000000000000000000000000000000000000000000000000000000000000000000000000000000000000000000000000000
0.0000000000000000000000000000000000000000000000000000000000000000000000000000000000000000000000000000
0.0000180551041779511057161662634928944726198096759617328643798828125000000000000000000000000000000000
0.0000180551041779511057161662634928944726198096759617328643798828125000000000000000000000000000000000
0.0819383303296101067614287671858619432896375656127929687500000000000000000000000000000000000000000000
0.0211438166426772718164972530985323828645050525665283203125000000000000000000000000000000000000000000
0.0000401087809813741852219860783979044072111719287931919097900390625000000000000000000000000000000000
0.0001930461340181365080103520481813461628917139023542404174804687500000000000000000000000000000000000
0.0000202481663856279757104667665901231998759612906724214553833007812500000000000000000000000000000000
0.0000000000000000000000000000000000000000000000000000000000000000000000000000000000000000000000000000
0.0000000000000000000000000000000000000000000000000000000000000000000000000000000000000000000000000000
0.0000260808181692476643556352633446238087344681844115257263183593750000000000000000000000000000000000
0.0000000000000000000000000000000000000000000000000000000000000000000000000000000000000000000000000000
0.0000202481663856279757104667665901231998759612906724214553833007812500000000000000000000000000000000
0.0211438166426772718164972530985323828645050525665283203125000000000000000000000000000000000000000000
0.0000106895818208303301126774198515079206117661669850349426269531250000000000000000000000000000000000
0.0211438166426772718164972530985323828645050525665283203125000000000000000000000000000000000000000000
0.0002233680883875779573689845936002029702649451792240142822265625000000000000000000000000000000000000
0.0819383303296101067614287671858619432896375656127929687500000000000000000000000000000000000000000000
0.0000356394027340453065652928210660377317253733053803443908691406250000000000000000000000000000000000
0.0000000000000000000000000000000000000000000000000000000000000000000000000000000000000000000000000000
0.0211438166426772718164972530985323828645050525665283203125000000000000000000000000000000000000000000
0.0000000000000000000000000000000000000000000000000000000000000000000000000000000000000000000000000000
0.0000000000000000000000000000000000000000000000000000000000000000000000000000000000000000000000000000
0.0000026638678295337702026589991183280758946239075157791376113891601562500000000000000000000000000000
0.0819383303296101067614287671858619432896375656127929687500000000000000000000000000000000000000000000
0.0000000000000000000000000000000000000000000000000000000000000000000000000000000000000000000000000000
0.0211438166426772718164972530985323828645050525665283203125000000000000000000000000000000000000000000
0.0000000000000000000000000000000000000000000000000000000000000000000000000000000000000000000000000000
0.0000292757184746035251804181093193690799125761259347200393676757812500000000000000000000000000000000
0.0211438166426772718164972530985323828645050525665283203125000000000000000000000000000000000000000000
0.0001731855194223902883344373693219608867366332560777664184570312500000000000000000000000000000000000
0.0000202481663856279757104667665901231998759612906724214553833007812500000000000000000000000000000000
0.0000000000000000000000000000000000000000000000000000000000000000000000000000000000000000000000000000
0.0211438166426772718164972530985323828645050525665283203125000000000000000000000000000000000000000000
0.0000026638678295337702026589991183280758946239075157791376113891601562500000000000000000000000000000
0.0211438166426772718164972530985323828645050525665283203125000000000000000000000000000000000000000000
0.0000000000000000000000000000000000000000000000000000000000000000000000000000000000000000000000000000
0.0211438166426772718164972530985323828645050525665283203125000000000000000000000000000000000000000000
0.0000106895818208303301126774198515079206117661669850349426269531250000000000000000000000000000000000
0.0211438166426772718164972530985323828645050525665283203125000000000000000000000000000000000000000000
0.0000106895818208303301126774198515079206117661669850349426269531250000000000000000000000000000000000
0.0000401087809813741852219860783979044072111719287931919097900390625000000000000000000000000000000000
0.0000000000000000000000000000000000000000000000000000000000000000000000000000000000000000000000000000
0.0000180551041779511057161662634928944726198096759617328643798828125000000000000000000000000000000000
0.0211438166426772718164972530985323828645050525665283203125000000000000000000000000000000000000000000
0.0000106895818208303301126774198515079206117661669850349426269531250000000000000000000000000000000000
0.0211438166426772718164972530985323828645050525665283203125000000000000000000000000000000000000000000
0.0000000000000000000000000000000000000000000000000000000000000000000000000000000000000000000000000000
0.0000919375506216103159998209726211371162207797169685363769531250000000000000000000000000000000000000
0.0000232137053716514211510520832026926996149995829910039901733398437500000000000000000000000000000000
0.0000000000000000000000000000000000000000000000000000000000000000000000000000000000000000000000000000
0.0000026638678295337702026589991183280758946239075157791376113891601562500000000000000000000000000000
0.0000000000000000000000000000000000000000000000000000000000000000000000000000000000000000000000000000
0.0211438166426772718164972530985323828645050525665283203125000000000000000000000000000000000000000000
0.0211438166426772718164972530985323828645050525665283203125000000000000000000000000000000000000000000
0.0211438166426772718164972530985323828645050525665283203125000000000000000000000000000000000000000000
0.0000026638678295337702026589991183280758946239075157791376113891601562500000000000000000000000000000
0.0000232137053716514211510520832026926996149995829910039901733398437500000000000000000000000000000000
0.0000000000000000000000000000000000000000000000000000000000000000000000000000000000000000000000000000
0.0211438166426772718164972530985323828645050525665283203125000000000000000000000000000000000000000000
0.0000026638678295337702026589991183280758946239075157791376113891601562500000000000000000000000000000
0.0000000000000000000000000000000000000000000000000000000000000000000000000000000000000000000000000000
0.0000351083702582232138255866060738696887710830196738243103027343750000000000000000000000000000000000
0.0000026638678295337702026589991183280758946239075157791376113891601562500000000000000000000000000000
0.0000026638678295337702026589991183280758946239075157791376113891601562500000000000000000000000000000
0.0000000000000000000000000000000000000000000000000000000000000000000000000000000000000000000000000000
0.0211438166426772718164972530985323828645050525665283203125000000000000000000000000000000000000000000
0.0000000000000000000000000000000000000000000000000000000000000000000000000000000000000000000000000000
0.0211438166426772718164972530985323828645050525665283203125000000000000000000000000000000000000000000
0.0000026638678295337702026589991183280758946239075157791376113891601562500000000000000000000000000000
0.0000000000000000000000000000000000000000000000000000000000000000000000000000000000000000000000000000
0.0211438166426772718164972530985323828645050525665283203125000000000000000000000000000000000000000000
0.0000106895818208303301126774198515079206117661669850349426269531250000000000000000000000000000000000
0.0000000000000000000000000000000000000000000000000000000000000000000000000000000000000000000000000000
0.0000000000000000000000000000000000000000000000000000000000000000000000000000000000000000000000000000
0.0000180551041779511057161662634928944726198096759617328643798828125000000000000000000000000000000000
0.0000356394027340453065652928210660377317253733053803443908691406250000000000000000000000000000000000
0.0000232137053716514211510520832026926996149995829910039901733398437500000000000000000000000000000000
0.0000000000000000000000000000000000000000000000000000000000000000000000000000000000000000000000000000
0.0000000000000000000000000000000000000000000000000000000000000000000000000000000000000000000000000000
0.0000026638678295337702026589991183280758946239075157791376113891601562500000000000000000000000000000
0.0000000000000000000000000000000000000000000000000000000000000000000000000000000000000000000000000000
0.0000106895818208303301126774198515079206117661669850349426269531250000000000000000000000000000000000
0.0211438166426772718164972530985323828645050525665283203125000000000000000000000000000000000000000000
0.0211438166426772718164972530985323828645050525665283203125000000000000000000000000000000000000000000
0.0819383303296101067614287671858619432896375656127929687500000000000000000000000000000000000000000000
0.0000000000000000000000000000000000000000000000000000000000000000000000000000000000000000000000000000
0.0000026638678295337702026589991183280758946239075157791376113891601562500000000000000000000000000000
0.0000197171339098058795826287625807538006483810022473335266113281250000000000000000000000000000000000
0.0001651598054310937364712319475046342631685547530651092529296875000000000000000000000000000000000000
0.0000161857679455889777713623045585222826048266142606735229492187500000000000000000000000000000000000
0.0000026638678295337702026589991183280758946239075157791376113891601562500000000000000000000000000000
0.0819383303296101067614287671858619432896375656127929687500000000000000000000000000000000000000000000
0.0000000000000000000000000000000000000000000000000000000000000000000000000000000000000000000000000000
0.0000202481663856279757104667665901231998759612906724214553833007812500000000000000000000000000000000
0.0211438166426772718164972530985323828645050525665283203125000000000000000000000000000000000000000000
0.0000232137053716514211510520832026926996149995829910039901733398437500000000000000000000000000000000
0.0000106895818208303301126774198515079206117661669850349426269531250000000000000000000000000000000000
0.0211438166426772718164972530985323828645050525665283203125000000000000000000000000000000000000000000
0.0211438166426772718164972530985323828645050525665283203125000000000000000000000000000000000000000000
0.0000197171339098058795826287625807538006483810022473335266113281250000000000000000000000000000000000
0.0819383303296101067614287671858619432896375656127929687500000000000000000000000000000000000000000000
0.0819383303296101067614287671858619432896375656127929687500000000000000000000000000000000000000000000
0.0000000000000000000000000000000000000000000000000000000000000000000000000000000000000000000000000000
0.0000180551041779511057161662634928944726198096759617328643798828125000000000000000000000000000000000
