0.0000000000000000000000000000000000000000000000000000000000000000000000000000000000000000000000000000
0.0000000000000000000000000000000000000000000000000000000000000000000000000000000000000000000000000000
0.0000000000000000000000000000000000000000000000000000000000000000000000000000000000000000000000000000
0.0819418474658331619231432796368608251214027404785156250000000000000000000000000000000000000000000000
0.0000000000000000000000000000000000000000000000000000000000000000000000000000000000000000000000000000
0.0211394058112942297145142589442912139929831027984619140625000000000000000000000000000000000000000000
0.0000000000000000000000000000000000000000000000000000000000000000000000000000000000000000000000000000
0.0000267334849607834279809799593596864042410743422806262969970703125000000000000000000000000000000000
0.0211394058112942297145142589442912139929831027984619140625000000000000000000000000000000000000000000
0.0000000000000000000000000000000000000000000000000000000000000000000000000000000000000000000000000000
0.0000171312111423432189745170300954058006936975289136171340942382812500000000000000000000000000000000
0.0000000000000000000000000000000000000000000000000000000000000000000000000000000000000000000000000000
0.0000280137881365754567520101603328441797202685847878456115722656250000000000000000000000000000000000
0.0211394058112942297145142589442912139929831027984619140625000000000000000000000000000000000000000000
0.0000000000000000000000000000000000000000000000000000000000000000000000000000000000000000000000000000
0.0000000000000000000000000000000000000000000000000000000000000000000000000000000000000000000000000000
0.0000267334849607834279809799593596864042410743422806262969970703125000000000000000000000000000000000
0.0000000000000000000000000000000000000000000000000000000000000000000000000000000000000000000000000000
0.0000171312111423432189745170300954058006936975289136171340942382812500000000000000000000000000000000
0.0000000000000000000000000000000000000000000000000000000000000000000000000000000000000000000000000000
0.0000000000000000000000000000000000000000000000000000000000000000000000000000000000000000000000000000
0.0211394058112942297145142589442912139929831027984619140625000000000000000000000000000000000000000000
0.0000000000000000000000000000000000000000000000000000000000000000000000000000000000000000000000000000
0.0000000000000000000000000000000000000000000000000000000000000000000000000000000000000000000000000000
0.0000000000000000000000000000000000000000000000000000000000000000000000000000000000000000000000000000
0.0211394058112942297145142589442912139929831027984619140625000000000000000000000000000000000000000000
0.0000000000000000000000000000000000000000000000000000000000000000000000000000000000000000000000000000
0.0000080623969804830270381810347624096380059199873358011245727539062500000000000000000000000000000000
0.0000171312111423432189745170300954058006936975289136171340942382812500000000000000000000000000000000
0.0000000000000000000000000000000000000000000000000000000000000000000000000000000000000000000000000000
0.0000000000000000000000000000000000000000000000000000000000000000000000000000000000000000000000000000
0.0000176646707989232326565121750094888852800067979842424392700195312500000000000000000000000000000000
0.0000000000000000000000000000000000000000000000000000000000000000000000000000000000000000000000000000
0.0000000000000000000000000000000000000000000000000000000000000000000000000000000000000000000000000000
0.0211394058112942297145142589442912139929831027984619140625000000000000000000000000000000000000000000
0.0000000000000000000000000000000000000000000000000000000000000000000000000000000000000000000000000000
0.0000000000000000000000000000000000000000000000000000000000000000000000000000000000000000000000000000
0.0000579408748707141131812151102487007392483064904808998107910156250000000000000000000000000000000000
0.0000000000000000000000000000000000000000000000000000000000000000000000000000000000000000000000000000
0.0000000000000000000000000000000000000000000000000000000000000000000000000000000000000000000000000000
0.0211394058112942297145142589442912139929831027984619140625000000000000000000000000000000000000000000
0.0819418474658331619231432796368608251214027404785156250000000000000000000000000000000000000000000000
0.0000000000000000000000000000000000000000000000000000000000000000000000000000000000000000000000000000
0.0000000000000000000000000000000000000000000000000000000000000000000000000000000000000000000000000000
0.0000000000000000000000000000000000000000000000000000000000000000000000000000000000000000000000000000
0.0000000000000000000000000000000000000000000000000000000000000000000000000000000000000000000000000000
0.0819418474658331619231432796368608251214027404785156250000000000000000000000000000000000000000000000
0.0000000000000000000000000000000000000000000000000000000000000000000000000000000000000000000000000000
0.0000000000000000000000000000000000000000000000000000000000000000000000000000000000000000000000000000
0.0000267334849607834279809799593596864042410743422806262969970703125000000000000000000000000000000000
0.0000000000000000000000000000000000000000000000000000000000000000000000000000000000000000000000000000
0.0000000000000000000000000000000000000000000000000000000000000000000000000000000000000000000000000000
0.0000176646707989232326565121750094888852800067979842424392700195312500000000000000000000000000000000
0.0000000000000000000000000000000000000000000000000000000000000000000000000000000000000000000000000000
0.0000000000000000000000000000000000000000000000000000000000000000000000000000000000000000000000000000
0.0000000000000000000000000000000000000000000000000000000000000000000000000000000000000000000000000000
0.0211394058112942297145142589442912139929831027984619140625000000000000000000000000000000000000000000
0.0000000000000000000000000000000000000000000000000000000000000000000000000000000000000000000000000000
0.0000171312111423432189745170300954058006936975289136171340942382812500000000000000000000000000000000
0.0000000000000000000000000000000000000000000000000000000000000000000000000000000000000000000000000000
0.0000000000000000000000000000000000000000000000000000000000000000000000000000000000000000000000000000
0.0000000000000000000000000000000000000000000000000000000000000000000000000000000000000000000000000000
0.0000000000000000000000000000000000000000000000000000000000000000000000000000000000000000000000000000
0.0000000000000000000000000000000000000000000000000000000000000000000000000000000000000000000000000000
0.0000000000000000000000000000000000000000000000000000000000000000000000000000000000000000000000000000
0.0000000000000000000000000000000000000000000000000000000000000000000000000000000000000000000000000000
0.0000000000000000000000000000000000000000000000000000000000000000000000000000000000000000000000000000
0.0000579408748707141131812151102487007392483064904808998107910156250000000000000000000000000000000000
0.0000000000000000000000000000000000000000000000000000000000000000000000000000000000000000000000000000
0.0000992839982556649973529858121956692684761947020888328552246093750000000000000000000000000000000000
0.0211394058112942297145142589442912139929831027984619140625000000000000000000000000000000000000000000
0.0211394058112942297145142589442912139929831027984619140625000000000000000000000000000000000000000000
0.0211394058112942297145142589442912139929831027984619140625000000000000000000000000000000000000000000
0.0211394058112942297145142589442912139929831027984619140625000000000000000000000000000000000000000000
0.0000000000000000000000000000000000000000000000000000000000000000000000000000000000000000000000000000
0.0000000000000000000000000000000000000000000000000000000000000000000000000000000000000000000000000000
0.0000000000000000000000000000000000000000000000000000000000000000000000000000000000000000000000000000
0.0000000000000000000000000000000000000000000000000000000000000000000000000000000000000000000000000000
0.0211394058112942297145142589442912139929831027984619140625000000000000000000000000000000000000000000
0.0000000000000000000000000000000000000000000000000000000000000000000000000000000000000000000000000000
0.0000000000000000000000000000000000000000000000000000000000000000000000000000000000000000000000000000
0.0000000000000000000000000000000000000000000000000000000000000000000000000000000000000000000000000000
0.0211394058112942297145142589442912139929831027984619140625000000000000000000000000000000000000000000
0.0000171312111423432189745170300954058006936975289136171340942382812500000000000000000000000000000000
0.0000000000000000000000000000000000000000000000000000000000000000000000000000000000000000000000000000
0.0000000000000000000000000000000000000000000000000000000000000000000000000000000000000000000000000000
0.0000000000000000000000000000000000000000000000000000000000000000000000000000000000000000000000000000
0.0211394058112942297145142589442912139929831027984619140625000000000000000000000000000000000000000000
0.0000488720607088539144686155368813018640139489434659481048583984375000000000000000000000000000000000
0.0211394058112942297145142589442912139929831027984619140625000000000000000000000000000000000000000000
0.0000000000000000000000000000000000000000000000000000000000000000000000000000000000000000000000000000
0.0211394058112942297145142589442912139929831027984619140625000000000000000000000000000000000000000000
0.0211394058112942297145142589442912139929831027984619140625000000000000000000000000000000000000000000
0.0819418474658331619231432796368608251214027404785156250000000000000000000000000000000000000000000000
0.0000000000000000000000000000000000000000000000000000000000000000000000000000000000000000000000000000
0.0000000000000000000000000000000000000000000000000000000000000000000000000000000000000000000000000000
0.0000000000000000000000000000000000000000000000000000000000000000000000000000000000000000000000000000
0.0000000000000000000000000000000000000000000000000000000000000000000000000000000000000000000000000000
0.0819418474658331619231432796368608251214027404785156250000000000000000000000000000000000000000000000
0.0211394058112942297145142589442912139929831027984619140625000000000000000000000000000000000000000000
0.0000376160619550156623703413005799234269943553954362869262695312500000000000000000000000000000000000
0.0001912524430500589522636395445331913833797443658113479614257812500000000000000000000000000000000000
0.0000176646707989232326565121750094888852800067979842424392700195312500000000000000000000000000000000
0.0000000000000000000000000000000000000000000000000000000000000000000000000000000000000000000000000000
0.0000000000000000000000000000000000000000000000000000000000000000000000000000000000000000000000000000
0.0000080623969804830270381810347624096380059199873358011245727539062500000000000000000000000000000000
0.0000000000000000000000000000000000000000000000000000000000000000000000000000000000000000000000000000
0.0000176646707989232326565121750094888852800067979842424392700195312500000000000000000000000000000000
0.0211394058112942297145142589442912139929831027984619140625000000000000000000000000000000000000000000
0.0000080623969804830270381810347624096380059199873358011245727539062500000000000000000000000000000000
0.0211394058112942297145142589442912139929831027984619140625000000000000000000000000000000000000000000
0.0002217129894407776494798939515007418776804115623235702514648437500000000000000000000000000000000000
0.0819418474658331619231432796368608251214027404785156250000000000000000000000000000000000000000000000
0.0000176646707989232326565121750094888852800067979842424392700195312500000000000000000000000000000000
0.0000000000000000000000000000000000000000000000000000000000000000000000000000000000000000000000000000
0.0211394058112942297145142589442912139929831027984619140625000000000000000000000000000000000000000000
0.0000000000000000000000000000000000000000000000000000000000000000000000000000000000000000000000000000
0.0000000000000000000000000000000000000000000000000000000000000000000000000000000000000000000000000000
0.0000000000000000000000000000000000000000000000000000000000000000000000000000000000000000000000000000
0.0819418474658331619231432796368608251214027404785156250000000000000000000000000000000000000000000000
0.0000000000000000000000000000000000000000000000000000000000000000000000000000000000000000000000000000
0.0211394058112942297145142589442912139929831027984619140625000000000000000000000000000000000000000000
0.0000000000000000000000000000000000000000000000000000000000000000000000000000000000000000000000000000
0.0000267334849607834279809799593596864042410743422806262969970703125000000000000000000000000000000000
0.0211394058112942297145142589442912139929831027984619140625000000000000000000000000000000000000000000
0.0001713010518939665327142057860143609104852657765150070190429687500000000000000000000000000000000000
0.0000176646707989232326565121750094888852800067979842424392700195312500000000000000000000000000000000
0.0000000000000000000000000000000000000000000000000000000000000000000000000000000000000000000000000000
0.0211394058112942297145142589442912139929831027984619140625000000000000000000000000000000000000000000
0.0000000000000000000000000000000000000000000000000000000000000000000000000000000000000000000000000000
0.0211394058112942297145142589442912139929831027984619140625000000000000000000000000000000000000000000
0.0000000000000000000000000000000000000000000000000000000000000000000000000000000000000000000000000000
0.0211394058112942297145142589442912139929831027984619140625000000000000000000000000000000000000000000
0.0000080623969804830270381810347624096380059199873358011245727539062500000000000000000000000000000000
0.0211394058112942297145142589442912139929831027984619140625000000000000000000000000000000000000000000
0.0000080623969804830270381810347624096380059199873358011245727539062500000000000000000000000000000000
0.0000376160619550156623703413005799234269943553954362869262695312500000000000000000000000000000000000
0.0000000000000000000000000000000000000000000000000000000000000000000000000000000000000000000000000000
0.0000000000000000000000000000000000000000000000000000000000000000000000000000000000000000000000000000
0.0211394058112942297145142589442912139929831027984619140625000000000000000000000000000000000000000000
0.0000080623969804830270381810347624096380059199873358011245727539062500000000000000000000000000000000
0.0211394058112942297145142589442912139929831027984619140625000000000000000000000000000000000000000000
0.0000000000000000000000000000000000000000000000000000000000000000000000000000000000000000000000000000
0.0000896817244372247917346546719485900212021078914403915405273437500000000000000000000000000000000000
0.0000000000000000000000000000000000000000000000000000000000000000000000000000000000000000000000000000
0.0000000000000000000000000000000000000000000000000000000000000000000000000000000000000000000000000000
0.0000000000000000000000000000000000000000000000000000000000000000000000000000000000000000000000000000
0.0000000000000000000000000000000000000000000000000000000000000000000000000000000000000000000000000000
0.0211394058112942297145142589442912139929831027984619140625000000000000000000000000000000000000000000
0.0211394058112942297145142589442912139929831027984619140625000000000000000000000000000000000000000000
0.0211394058112942297145142589442912139929831027984619140625000000000000000000000000000000000000000000
0.0000000000000000000000000000000000000000000000000000000000000000000000000000000000000000000000000000
0.0000000000000000000000000000000000000000000000000000000000000000000000000000000000000000000000000000
0.0000000000000000000000000000000000000000000000000000000000000000000000000000000000000000000000000000
0.0211394058112942297145142589442912139929831027984619140625000000000000000000000000000000000000000000
0.0000000000000000000000000000000000000000000000000000000000000000000000000000000000000000000000000000
0.0000000000000000000000000000000000000000000000000000000000000000000000000000000000000000000000000000
0.0000171312111423432189745170300954058006936975289136171340942382812500000000000000000000000000000000
0.0000000000000000000000000000000000000000000000000000000000000000000000000000000000000000000000000000
0.0000000000000000000000000000000000000000000000000000000000000000000000000000000000000000000000000000
0.0000000000000000000000000000000000000000000000000000000000000000000000000000000000000000000000000000
0.0211394058112942297145142589442912139929831027984619140625000000000000000000000000000000000000000000
0.0000000000000000000000000000000000000000000000000000000000000000000000000000000000000000000000000000
0.0211394058112942297145142589442912139929831027984619140625000000000000000000000000000000000000000000
0.0000000000000000000000000000000000000000000000000000000000000000000000000000000000000000000000000000
0.0000000000000000000000000000000000000000000000000000000000000000000000000000000000000000000000000000
0.0211394058112942297145142589442912139929831027984619140625000000000000000000000000000000000000000000
0.0000080623969804830270381810347624096380059199873358011245727539062500000000000000000000000000000000
0.0000000000000000000000000000000000000000000000000000000000000000000000000000000000000000000000000000
0.0000000000000000000000000000000000000000000000000000000000000000000000000000000000000000000000000000
0.0000000000000000000000000000000000000000000000000000000000000000000000000000000000000000000000000000
0.0000176646707989232326565121750094888852800067979842424392700195312500000000000000000000000000000000
0.0000000000000000000000000000000000000000000000000000000000000000000000000000000000000000000000000000
0.0000000000000000000000000000000000000000000000000000000000000000000000000000000000000000000000000000
0.0000000000000000000000000000000000000000000000000000000000000000000000000000000000000000000000000000
0.0000000000000000000000000000000000000000000000000000000000000000000000000000000000000000000000000000
0.0000000000000000000000000000000000000000000000000000000000000000000000000000000000000000000000000000
0.0000080623969804830270381810347624096380059199873358011245727539062500000000000000000000000000000000
0.0211394058112942297145142589442912139929831027984619140625000000000000000000000000000000000000000000
0.0211394058112942297145142589442912139929831027984619140625000000000000000000000000000000000000000000
0.0819418474658331619231432796368608251214027404785156250000000000000000000000000000000000000000000000
0.0000000000000000000000000000000000000000000000000000000000000000000000000000000000000000000000000000
0.0000000000000000000000000000000000000000000000000000000000000000000000000000000000000000000000000000
0.0000171312111423432189745170300954058006936975289136171340942382812500000000000000000000000000000000
0.0000000000000000000000000000000000000000000000000000000000000000000000000000000000000000000000000000
0.0000135837044260861473016005138148010189524939050897955894470214843750000000000000000000000000000000
0.0000000000000000000000000000000000000000000000000000000000000000000000000000000000000000000000000000
0.0819418474658331619231432796368608251214027404785156250000000000000000000000000000000000000000000000
0.0000000000000000000000000000000000000000000000000000000000000000000000000000000000000000000000000000
0.0000176646707989232326565121750094888852800067979842424392700195312500000000000000000000000000000000
0.0211394058112942297145142589442912139929831027984619140625000000000000000000000000000000000000000000
0.0000000000000000000000000000000000000000000000000000000000000000000000000000000000000000000000000000
0.0000080623969804830270381810347624096380059199873358011245727539062500000000000000000000000000000000
0.0211394058112942297145142589442912139929831027984619140625000000000000000000000000000000000000000000
0.0211394058112942297145142589442912139929831027984619140625000000000000000000000000000000000000000000
0.0000171312111423432189745170300954058006936975289136171340942382812500000000000000000000000000000000
0.0819418474658331619231432796368608251214027404785156250000000000000000000000000000000000000000000000
0.0819418474658331619231432796368608251214027404785156250000000000000000000000000000000000000000000000
0.0000000000000000000000000000000000000000000000000000000000000000000000000000000000000000000000000000
0.0000000000000000000000000000000000000000000000000000000000000000000000000000000000000000000000000000
