17
29
40
41
52
58
64
65
71
72
97
99
101
106
107
148
154
160
161
189
213
231
242
255
256
284
290
294
306
327
339
354
365
371
384
388
399
431
432
438
441
450
453
455
460
468
484
495
509
510
511
536
551
586
605
607
621
636
654
692
696
703
704
734
736
741
800
818
835
849
859
868
890
910
922
925
931
936
938
943
951
957
959
970
990
1003
1010
1011
1029
1041
1042
1050
1051
1061
1067
1069
1082
1091
1108
1109
1121
1122
1130
1135
1152
1159
1162
1166
1173
1185
1187
1206
1214
1228
1230
1236
1237
1243
1247
1254
1296
1305
1319
1329
1330
1333
1339
1379
1389
1409
1417
1429
1433
1454
1470
1481
1493
1494
1495
1501
1514
1526
1533
1534
1583
1589
1597
1598
1599
1600
1604
1619
1620
1632
1639
1651
1664
1676
1684
1705
1706
1707
1708
1717
1718
1719
1724
1741
1750
1752
1759
1765
1780
1791
1796
1804
1806
1807
1816
1841
1847
1858
1863
1867
1870
1880
1887
1889
1892
1905
1913
1916
1922
1923
1924
1943
1953
1976
1986
1987
2002
2027
2030
2063
2070
2088
2094
2098
2108
2123
2127
2129
2138
2140
2158
2159
2160
2162
2178
2198
2214
2215
2220
2230
2244
2255
2260
2307
2309
2318
2324
2328
2338
2343
2348
2352
2375
2378
2393
2406
2420
2453
2462
2471
2485
2503
2515
2537
2538
2544
2548
2568
2580
2581
2588
2637
2645
2650
2667
2678
2684
2686
2687
2700
2701
2705
2710
2716
2717
2718
2728
2758
2765
2768
2770
2794
2813
2814
2822
2824
2833
2852
2861
2865
2910
2913
2918
2935
2937
2975
2980
2994
3006
3007
3023
3031
3069
3082
3091
3102
3120
3137
3140
3148
3176
3177
3194
3196
3210
3224
3235
3239
3274
3279
3302
3317
3327
3334
3340
3349
3351
3385
3398
3408
3409
3423
3425
3432
3449
3453
3455
3461
3489
3507
3508
3528
3597
3600
3607
3613
3646
3662
3672
3691
3714
3716
3718
3724
3730
3738
3741
3747
3752
3760
3761
3773
3777
3781
3799
3804
3806
3807
3811
3816
3840
3844
3851
3871
3872
3874
3882
3885
3888
3890
3897
3908
3909
3910
3918
3926
3927
3931
3945
3950
3951
3953
3955
3961
3964
3967
3972
3976
3981
3985
3993
4014
4017
4018
4028
4030
4037
4039
4046
4052
4069
4073
4088
4091
4098
4103
4109
4119
4131
4133
4135
4160
4176
4178
4197
4198
4202
4222
4224
4226
4228
4237
4240
4260
4274
4293
4336
4348
4353
4367
4375
4377
4391
4402
4420
4422
4440
4443
4446
4451
4465
4470
4472
4488
4504
4519
4538
4567
4569
4571
4576
4581
4586
4587
4591
4606
4619
4636
4639
4653
4672
4681
4695
4696
4699
4711
4713
4714
4724
4735
4760
4762
4776
4781
4782
4827
4831
4833
4837
4853
4864
4873
4877
4883
4884
4885
4895
4897
4898
4917
4923
4950
4956
4966
4971
4979
4981
4987
5020
5028
5034
5035
5049
5053
5057
5067
5069
5073
5084
5097
5116
5122
5130
5141
5147
5151
5156
5164
5166
5182
5190
5222
5232
5236
5249
5252
5255
5256
5270
5323
5326
5329
5333
5361
5396
5397
5398
5401
5405
5409
5412
5423
5436
5454
5467
5480
5485
5490
5504
5517
5528
5529
5553
5574
5617
5627
5643
5644
5645
5654
5684
5690
5697
5721
5726
5736
5742
5753
5767
5769
5779
5780
5792
5794
5798
5817
5829
5849
5851
5858
5869
5870
5895
5906
5909
5940
5955
5957
5967
5980
5990
6001
6006
6019
6028
6030
6032
6036
6043
6045
6062
6069
6073
6083
6088
6107
6110
6116
6121
6127
6135
6138
6144
6149
6160
6163
6196
6197
6204
6205
6233
6243
6252
6260
6267
6278
6284
6290
6303
6307
6313
6318
6342
6355
6374
6383
6385
6386
6398
6399
6412
6415
6431
6436
6445
6453
6472
6483
6491
6498
6500
6509
6524
6531
6532
6548
6550
6552
6555
6567
6568
6584
6586
6625
6626
6638
6660
6663
6664
6682
6684
6705
6709
6711
6723
6748
6756
6761
6764
6766
6788
6791
6793
6812
6815
6819
6857
6860
6867
6868
6881
6899
6907
6924
6927
6930
6943
6944
6947
6949
6954
6965
6970
6971
6972
6982
6990
6991
6992
6994
7005
7033
7040
7052
7064
7070
7080
7081
7092
7094
7096
7102
7105
7123
7124
7125
7129
7144
7149
7166
7176
7201
7204
7206
7238
7241
7251
7254
7258
7259
7275
7299
7307
7318
7340
7348
7350
7352
7353
7354
7363
7374
7378
7394
7395
7398
7426
7434
7444
7447
7473
7482
7488
7495
7506
7507
7537
7541
7546
7548
7552
7553
7570
7572
7592
7594
7600
7601
7619
7620
7624
7626
7628
7634
7646
7651
7652
7671
7677
7687
7702
7714
7721
7725
7742
7746
7779
7782
7793
7809
7821
7829
7842
7848
7862
7864
7866
7875
7877
7889
7893
7904
7906
7907
7914
7916
7933
7938
7949
7954
7963
7975
7976
7980
7989
7990
7991
8000
8002
8004
8006
8017
8021
8032
8037
8040
8042
8045
8046
8050
8064
8071
8079
8094
8103
8110
8116
8145
8163
8183
8184
8196
8197
8199
8218
8220
8221
8222
8227
8252
8253
8254
8272
8291
8293
8304
8306
8312
8317
8330
8366
8376
8384
8390
8391
8419
8421
8429
8430
8437
8450
8467
8473
8511
8530
8546
8556
8566
8570
8571
8573
8581
8583
8585
8600
8602
8609
8625
8628
8637
8642
8644
8648
8660
8664
8679
8680
8684
8690
8734
8737
8745
8751
8754
8769
8771
8781
8786
8795
8796
8807
8851
8862
8866
8873
8874
8894
8900
8908
8925
8929
8936
8947
8966
8979
8980
8982
9001
9003
9012
9013
9026
9029
9033
9039
9053
9063
9065
9067
9068
9080
9082
9086
9087
9088
9091
9114
9118
9139
9145
9146
9157
9158
9173
9181
9193
9205
9210
9224
9229
9237
9241
9243
9245
9248
9250
9253
9264
9268
9270
9271
9281
9282
9284
9289
9301
9302
9315
9443
9452
9453
9456
9458
9462
9499
9500
9503
9518
9527
9549
9552
9554
9557
9566
9576
9584
9594
9614
9622
9623
9653
9683
9700
9703
9704
9718
9731
9739
9757
9769
9777
9780
9781
9798
9804
9852
9855
9856
9873
9886
9900
9911
9929
9934
9939
9941
9943
9950
9951
9958
9963
9979
9988
10006
10012
10029
10032
10037
10042
10045
10048
10061
10075
10082
10090
10105
10109
10122
10147
10164
10171
10190
10227
10229
10233
10241
10255
10259
10276
10284
10290
10305
10308
10315
10336
10337
10351
10359
10361
10365
10374
10399
10409
10413
10422
10466
10476
10481
10489
10512
10521
10559
10566
10575
10578
10580
10602
10621
10626
10630
10633
10653
10738
10744
10747
10764
10768
10778
10780
10785
10787
10795
10798
10800
10810
10811
10812
10819
10822
10829
10842
10861
10862
10900
10901
10908
10931
10934
10937
10953
10955
10956
11004
11020
11043
11045
11069
11087
11098
11106
11107
11113
11136
11163
11170
11179
11181
11188
11224
11226
11230
11235
11248
11254
11275
11281
11286
11294
11353
11354
11391
11402
11429
11435
11451
11453
11461
11466
11480
11487
11498
11499
11508
11516
11519
11531
11540
11545
11550
11551
11552
11557
11559
11573
11575
11595
11600
11617
11627
11633
11641
11646
11664
11666
11694
11709
11711
11713
11715
11735
11751
11778
11791
11800
11806
11813
11819
11825
11826
11837
11845
11862
11863
11869
11871
11876
11886
11902
11907
11912
11940
11951
11954
11961
11962
11976
11980
11983
11990
11992
11995
12008
12009
12022
12035
12068
12098
12106
12133
12139
12152
12156
12166
12195
12202
12206
12212
12213
12237
12247
12253
12255
12264
12269
12275
12288
12290
12292
12294
12311
12318
12324
12335
12345
12350
12359
12363
12377
12379
12390
12414
12432
12446
12455
12479
12481
12483
12490
12495
12506
12515
12520
12527
12529
12531
12546
12552
12554
12557
12559
12566
12596
12597
12605
12614
12623
12629
12638
12642
12654
12655
12662
12682
12696
12700
12702
12705
12714
12728
12729
12731
12747
12751
12772
12780
12786
12806
12814
12840
12854
12867
12903
12914
12915
12931
12950
12951
12954
12957
12959
12966
12983
12996
13013
13019
13037
13038
13047
13071
13077
13098
13099
13101
13147
13156
13164
13175
13187
13189
13201
13204
13205
13233
13235
13236
13243
13256
13261
13267
13268
13270
13271
13304
13359
13361
13393
13401
13416
13428
13438
13441
13448
13450
13451
13461
13501
13504
13505
13512
13520
13543
13556
13558
13574
13580
13588
13595
13602
13603
13608
13609
13610
13630
13651
13671
13680
13681
13697
13711
13715
13722
13725
13732
13738
13742
13766
13769
13776
13783
13784
13791
13798
13800
13801
13804
13820
13828
13829
13830
13833
13835
13840
13847
13865
13866
13876
13879
13892
13897
13905
13911
13932
13954
13963
13974
13991
14002
14016
14022
14033
14056
14058
14059
14061
14065
14067
14087
14092
14093
14100
14107
14110
14116
14124
14125
14152
14154
14163
14165
14171
14176
14204
14217
14227
14263
14270
14271
14280
14283
14298
14304
14314
14328
14343
14352
14362
14365
14371
14372
14397
14417
14423
14440
14442
14452
14459
14464
14478
14497
14516
14518
14546
14563
14578
14594
14607
14622
14641
14642
14646
14664
14666
14671
14706
14716
14721
14733
14743
14746
14776
14778
14780
14783
14796
14797
14802
14812
14816
14823
14834
14841
14844
14845
14846
14862
14863
14867
14880
14894
14896
14900
14905
14917
14920
14932
14965
14970
14990
14997
14999
15006
15029
15048
15056
15062
15064
15071
15081
15087
15102
15105
15149
15152
15155
15168
15171
15176
15189
15198
15208
15212
15214
15237
15246
15255
15261
15276
15284
15286
15314
15332
15334
15335
15341
15345
15347
15355
15357
15366
15381
15385
15389
15391
15414
15424
15429
15433
15449
15454
15465
15470
15483
15489
15497
15508
15535
15540
15554
15557
15558
15578
15611
15614
15625
15635
15639
15642
15662
15695
15698
15706
15714
15723
15725
15748
15751
15754
15758
15761
15798
15807
15811
15816
15827
15830
15852
15856
15858
15859
15876
15882
15885
15894
15895
15896
15923
15925
15929
15932
15946
15947
15956
15957
15962
15963
15968
15976
15981
15991
15993
15994
16000
16005
16020
16022
16028
16040
16052
16056
16071
16090
16094
16098
16105
16112
16114
16118
16129
16137
16143
16145
16158
16168
16170
16191
16194
16195
16198
16211
16224
16226
16232
16240
16242
16249
16250
16258
16261
16263
16266
16269
16273
16285
16289
16293
16298
16327
16329
16350
16355
16365
16368
16372
16377
16384
16392
16415
16417
16423
16424
16442
16459
16463
16470
16475
16480
16484
16499
16507
16521
16532
16539
16546
16549
16552
16568
16587
16589
16591
16608
16621
16622
16652
16705
16752
16754
16767
16774
16781
16801
16804
16816
16841
16854
16857
16858
16864
16879
16880
16881
16895
16907
16923
16925
16928
16930
16948
16964
16965
16968
16969
16981
16985
17001
17007
17008
17016
17022
17028
17029
17034
17038
17045
17071
17076
17084
17088
17093
17107
17123
17124
17134
17145
17179
17186
17207
17208
17211
17228
17231
17265
17267
17268
17272
17286
17287
17293
17296
17310
17311
17312
17326
17337
17339
17347
17350
17354
17365
17368
17369
17375
17379
17409
17425
17426
17427
17451
17462
17465
17484
17494
17516
17532
17533
17534
17536
17537
17550
17551
17553
17555
17564
17573
17574
17584
17585
17596
17598
17603
17605
17614
17622
17645
17665
17670
17684
17688
17699
17702
17709
17710
17712
17727
17729
17733
17741
17750
17759
17766
17785
17789
17791
17792
17808
17816
17817
17821
17856
17869
17873
17880
17883
17902
17921
17931
17934
17942
17954
17963
17967
17981
18005
18012
18019
18038
18039
18052
18079
18080
18093
18102
18108
18114
18124
18134
18137
18144
18149
18161
18173
18188
18200
18226
18227
18233
18247
18249
18256
18260
18264
18275
18279
18306
18334
18357
18359
18393
18418
18429
18437
18439
18440
18441
18445
18457
18471
18472
18474
18479
18487
18525
18528
18532
18533
18563
18594
18600
18604
18613
18623
18626
18631
18656
18677
18678
18683
18708
18714
18730
18733
18735
18749
18768
18779
18803
18805
18809
18811
18816
18817
18820
18841
18842
18866
18867
18868
18873
18891
18897
18902
18907
18911
18919
18922
18938
18943
18945
18969
18986
18987
18990
18997
19022
19057
19071
19074
19075
19081
19087
19093
19130
19178
19181
19190
19192
19196
19204
19231
19243
19244
19264
19270
19275
19288
19304
19307
19345
19352
19363
19382
19397
19402
19407
19411
19423
19424
19430
19468
19470
19472
19480
19491
19493
19498
19503
19507
19535
19537
19541
19543
19546
19555
19571
19572
19579
19607
19620
19645
19655
19671
19673
19681
19689
19704
19721
19725
19756
19774
19777
19783
19796
19817
19832
19836
19839
19843
19848
19862
19864
19882
19883
19885
19904
19905
19943
19965
19976
19977
19985
19987
19998
20004
20010
20021
20046
20047
20054
20065
20088
20097
20099
20103
20111
20114
20123
20133
20140
20146
20150
20162
20172
20174
20193
20201
20204
20206
20241
20246
20275
20300
20318
20346
20353
20362
20365
20369
20370
20388
20392
20398
20459
20486
20489
20490
20496
20511
20515
20516
20525
20528
20535
20552
20553
20554
20555
20572
20593
20594
20605
20607
20612
20625
20627
20635
20636
20643
20644
20651
20662
20667
20674
20676
20682
20683
20687
20693
20698
20701
20704
20705
20715
20730
20743
20756
20759
20768
20771
20773
20779
20789
20794
20803
20844
20852
20861
20870
20908
20915
20928
20942
20948
20960
20969
20971
20980
20981
20991
20999
21012
21030
21042
21048
21054
21055
21065
21078
21092
21124
21128
21145
21178
21215
21218
21227
21238
21258
21272
21290
21294
21297
21308
21320
21324
21325
21327
21349
21354
21367
21370
21374
21389
21394
21412
21440
21442
21445
21448
21452
21468
21469
21484
21499
21503
21504
21512
21533
21539
21546
21557
21570
21577
21601
21621
21627
21640
21651
21705
21723
21729
21737
21758
21767
21772
21773
21788
21791
21802
21829
21837
21850
21856
21864
21866
21870
21906
21917
21922
21925
21934
21935
21939
21941
21952
21960
21961
21983
21990
22006
22013
22039
22043
22046
22048
22060
22062
22069
22081
22083
22089
22109
22110
22115
22118
22154
22171
22186
22193
22198
22222
22237
22255
22283
22286
22288
22293
22295
22330
22335
22345
22373
22377
22393
22396
22398
22409
22411
22414
22430
22442
22450
22452
22454
22456
22458
22459
22461
22486
22505
22514
22516
22523
22533
22537
22540
22542
22545
22563
22587
22599
22605
22610
22614
22620
22622
22623
22624
22634
22637
22654
22672
22682
22688
22692
22712
22723
22728
22732
22733
22734
22736
22750
22763
22765
22774
22775
22776
22781
22800
22804
22813
22838
22864
22873
22880
22887
22888
22889
22890
22907
22913
22919
22948
22998
23001
23009
23010
23013
23040
23045
23046
23048
23055
23057
23059
23061
23096
23099
23109
23113
23117
23132
23141
23144
23150
23153
23156
23158
23173
23191
23193
23199
23207
23220
23229
23231
23238
23239
23279
23283
23303
23307
23321
23331
23338
23345
23346
23354
23375
23382
23386
23412
23413
23415
23433
23435
23437
23443
23452
23460
23472
23474
23502
23508
23515
23535
23549
23560
23565
23573
23576
23588
23593
23600
23607
23622
23642
23651
23658
23665
23666
23673
23679
23696
23697
23707
23724
23763
23794
23797
23809
23814
23817
23821
23863
23865
23866
23878
23880
23904
23914
23944
23950
23971
23986
23989
23992
24022
24039
24044
24052
24057
24062
24077
24085
24087
24092
24093
24094
24099
24108
24121
24124
24125
24145
24147
24151
24179
24181
24185
24190
24196
24227
24242
24245
24246
24257
24271
24280
24286
24289
24306
24340
24341
24342
24346
24359
24365
24371
24380
24393
24396
24402
24404
24409
24420
24421
24429
24437
24448
24486
24506
24516
24521
24524
24533
24547
24551
24552
24560
24566
24577
24595
24596
24605
24606
24619
24623
24624
24627
24628
24632
24636
24647
24659
24671
24674
24678
24681
24696
24711
24712
24715
24723
24746
24752
24758
24766
24782
24794
24798
24805
24832
24833
24837
24849
24862
24871
24878
24882
24935
24937
24950
24951
24959
24966
24967
24970
24980
24987
24990
25007
25023
25025
25033
25039
25048
25052
25053
25057
25058
25072
25098
25107
25108
25114
25116
25151
25153
25158
25168
25190
25200
25202
25209
25213
25217
25224
25254
25264
25275
25358
25364
25372
25378
25384
25395
25415
25439
25441
25443
25446
25472
25482
25484
25487
25497
25501
25506
25532
25540
25544
25546
25548
25559
25572
25577
25583
25587
25588
25594
25602
25616
25623
25631
25636
25640
25642
25643
25652
25666
25671
25687
25700
25717
25743
25745
25750
25757
25783
25794
25808
25830
25836
25854
25857
25862
25865
25867
25873
25875
25885
25888
25898
25899
25914
25928
25939
25951
25952
25959
25961
25963
25970
25973
25975
26008
26017
26029
26030
26048
26053
26058
26060
26070
26074
26081
26096
26104
26106
26118
26127
26135
26141
26161
26162
26165
26168
26171
26172
26186
26191
26200
26209
26211
26217
26254
26256
26262
26265
26268
26271
26291
26306
26309
26319
26320
26322
26341
26356
26362
26367
26372
26379
26386
26391
26392
26427
26446
26467
26470
26474
26492
26496
26499
26501
26504
26507
26510
26524
26526
26550
26568
26592
26595
26603
26620
26628
26642
26645
26646
26684
26703
26726
26730
26734
26743
26746
26753
26768
26809
26820
26823
26826
26831
26837
26843
26848
26865
26888
26903
26915
26923
26935
26938
26944
26948
26957
26960
26964
26972
26981
26991
26995
27010
27012
27036
27049
27059
27061
27074
27085
27088
27121
27126
27130
27132
27143
27146
27150
27155
27156
27167
27175
27180
27187
27194
27195
27198
27202
27211
27214
27227
27235
27271
27275
27302
27317
27327
27328
27347
27349
27351
27358
27361
27368
27369
27378
27393
27402
27410
27411
27419
27421
27427
27430
27442
27477
27492
27502
27507
27510
27545
27549
27566
27567
27579
27597
27604
27617
27618
27637
27647
27648
27683
27700
27708
27712
27719
27726
27751
27755
27758
27767
27776
27782
27788
27823
27833
27834
27839
27862
27878
27894
27906
27924
27938
27943
27946
27958
27987
28010
28020
28028
28044
28058
28059
28071
28073
28092
28099
28125
28143
28148
28149
28153
28169
28171
28173
28181
28220
28223
28224
28228
28235
28240
28254
28256
28272
28287
28289
28293
28311
28314
28316
28338
28350
28359
28370
28372
28382
28388
28391
28393
28419
28447
28456
28459
28466
28475
28477
28495
28496
28513
28554
28556
28569
28579
28584
28622
28638
28644
28654
28674
28679
28721
28728
28748
28766
28770
28805
28808
28813
28815
28821
28822
28841
28863
28867
28869
28894
28907
28910
28919
28927
28928
28969
28970
28975
28983
28985
28986
28998
29016
29029
29031
29036
29040
29042
29043
29046
29048
29054
29075
29084
29090
29093
29094
29100
29115
29116
29118
29127
29154
29165
29178
29190
29216
29245
29252
29255
29260
29262
29287
29291
29306
29326
29352
29357
29366
29368
29373
29384
29392
29395
29400
29419
29424
29427
29430
29436
29445
29446
29458
29460
29464
29473
29476
29490
29499
29501
29505
29506
29510
29519
29521
29525
29532
29533
29537
29538
29541
29543
29545
29560
29562
29580
29587
29595
29623
29634
29635
29647
29652
29666
29673
29676
29677
29686
29692
29714
29715
29718
29755
29765
29776
29778
29783
29788
29800
29833
29853
29859
29879
29887
29890
29928
29936
29961
29967
29988
30001
30024
30039
30046
30050
30071
30078
30104
30109
30119
30121
30122
30129
30130
30131
30132
30141
30154
30165
30181
30189
30203
30210
30211
30217
30226
30229
30239
30240
30256
30264
30271
30273
30275
30293
30304
30305
30325
30331
30335
30340
30348
30352
30360
30371
30382
30402
30422
30438
30450
30452
30468
30469
30487
30492
30504
30507
30523
30528
30530
30534
30538
30542
30543
30546
30561
30570
30571
30573
30586
30588
30604
30620
30621
30626
30649
30663
30664
30677
30678
30695
30702
30706
30709
30714
30722
30742
30762
30774
30777
30778
30780
30782
30787
30791
30792
30799
30805
30809
30817
30866
30868
30893
30911
30914
30931
30951
30954
30955
30974
30975
30985
30989
30996
31025
31027
31071
31072
31077
31084
31095
31112
31119
31127
31147
31161
31165
31166
31183
31188
31205
31211
31212
31236
31243
31269
31271
31294
31299
31302
31313
31315
31323
31324
31334
31335
31338
31343
31348
31350
31353
31356
31368
31379
31392
31414
31420
31421
31423
31436
31442
31476
31479
31480
31482
31499
31500
31509
31514
31534
31535
31540
31543
31561
31580
31585
31597
31598
31612
31616
31618
31619
31621
31646
31651
31667
31677
31679
31693
31700
31706
31714
31724
31736
31739
31744
31747
31758
31761
31781
31786
31795
31799
31815
31827
31861
31869
31891
31895
31897
31907
31958
31962
31989
31993
32008
32010
32011
32032
32089
32096
32111
32116
32121
32126
32151
32158
32166
32172
32174
32175
32178
32180
32182
32187
32194
32215
32224
32251
32259
32284
32292
32294
32313
32336
32340
32359
32376
32382
32383
32402
32403
32404
32408
32412
32419
32431
32438
32443
32451
32458
32473
32493
32494
32508
32518
32519
32528
32535
32587
32590
32593
32599
32611
32625
32630
32637
32645
32671
32683
32684
32687
32712
32726
32739
32750
32762
32769
32776
32804
32817
32825
32826
32851
32853
32855
32861
32868
32871
32881
32890
32912
32928
32934
32942
32944
32945
32946
32972
32978
32982
32988
32989
33033
33052
33071
33074
33075
33082
33083
33096
33097
33099
33134
33135
33150
33155
33184
33188
33189
33209
33210
33220
33230
33244
33245
33258
33267
33291
33298
33318
33321
33343
33355
33359
33366
33381
33407
33419
33422
33434
33438
33444
33445
33453
33466
33467
33488
33498
33499
33500
33558
33570
33576
33577
33584
33589
33599
33607
33614
33619
33625
33633
33634
33636
33648
33649
33661
33670
33678
33693
33696
33698
33702
33712
33724
33729
33733
33744
33753
33756
33761
33774
33799
33800
33804
33824
33827
33832
33834
33835
33846
33848
33850
33854
33855
33856
33859
33893
33900
33904
33915
33923
33927
33930
33941
33945
33966
33970
33980
33986
34002
34004
34008
34024
34026
34033
34056
34071
34077
34080
34081
34088
34090
34097
34111
34135
34141
34185
34189
34190
34193
34203
34211
34248
34250
34253
34256
34274
34289
34294
34300
34313
34326
34330
34336
34347
34368
34369
34385
34402
34404
34409
34411
34415
34429
34494
34497
34501
34503
34521
34530
34535
34537
34542
34549
34559
34566
34588
34589
34598
34604
34624
34626
34627
34645
34667
34709
34722
34725
34730
34733
34740
34741
34772
34784
34817
34825
34852
34857
34882
34892
34901
34915
34923
34925
34928
34953
34963
34974
35001
35007
35012
35014
35019
35020
35030
35038
35048
35058
35065
35067
35070
35096
35101
35108
35113
35133
35142
35143
35148
35153
35164
35186
35187
35190
35198
35199
35202
35208
35209
35219
35220
35228
35232
35240
35283
35301
35307
35316
35320
35325
35326
35341
35344
35345
35348
35353
35372
35375
35411
35412
35417
35421
35422
35426
35430
35436
35441
35444
35450
35482
35483
35491
35499
35508
35519
35532
35543
35552
35555
35570
35573
35582
35583
35589
35599
35602
35617
35627
35654
35659
35673
35682
35688
35710
35723
35728
35761
35763
35767
35804
35821
35828
35846
35856
35866
35882
35895
35899
35901
35905
35907
35925
35927
35937
35950
35955
35984
35994
36009
36016
36032
36049
36060
36062
36082
36083
36089
36104
36107
36115
36124
36132
36147
36157
36161
36169
36171
36173
36174
36179
36182
36202
36208
36215
36216
36221
36222
36230
36232
36234
36237
36245
36246
36254
36257
36265
36270
36279
36288
36289
36307
36331
36335
36366
36385
36389
36396
36400
36413
36426
36457
36459
36466
36476
36477
36482
36486
36493
36509
36518
36528
36538
36543
36545
36615
36640
36642
36649
36653
36657
36660
36664
36680
36696
36705
36728
36737
36738
36752
36757
36771
36772
36788
36800
36806
36827
36832
36844
36864
36865
36870
36873
36879
36884
36892
36893
36902
36924
36927
36932
36944
36951
36965
36972
36978
36992
37008
37027
37028
37034
37035
37046
37047
37052
37053
37068
37070
37075
37077
37084
37094
37118
37125
37127
37137
37150
37163
37173
37178
37185
37189
37198
37208
37211
37225
37226
37232
37244
37258
37259
37262
37266
37273
37280
37283
37292
37301
37306
37307
37314
37325
37349
37356
37367
37370
37382
37406
37416
37422
37458
37476
37479
37482
37488
37497
37509
37525
37531
37536
37547
37555
37566
37575
37576
37587
37596
37601
37621
37624
37650
37657
37672
37681
37702
37717
37722
37735
37760
37761
37782
37785
37791
37793
37794
37796
37800
37804
37824
37828
37835
37867
37901
37908
37912
37914
37916
37917
37927
37931
37941
37956
38050
38053
38062
38065
38071
38076
38079
38096
38105
38107
38114
38134
38135
38144
38147
38149
38152
38155
38158
38165
38166
38186
38223
38259
38287
38320
38338
38340
38355
38358
38372
38375
38381
38388
38392
38395
38401
38417
38421
38429
38442
38445
38472
38487
38496
38521
38526
38527
38535
38552
38557
38568
38575
38585
38596
38601
38605
38614
38630
38639
38666
38668
38673
38720
38726
38731
38739
38760
38762
38770
38785
38817
38839
38845
38847
38872
38879
38882
38891
38916
38919
38922
38931
38962
38970
38994
38995
38999
39009
39020
39024
39032
39044
39048
39062
39070
39092
39098
39107
39121
39134
39173
39201
39213
39218
39232
39237
39241
39251
39254
39256
39262
39286
39292
39310
39315
39325
39327
39345
39398
39405
39413
39421
39432
39433
39464
39466
39471
39472
39477
39490
39496
39506
39515
39535
39547
39559
39563
39569
39571
39580
39582
39595
39613
39620
39634
39636
39646
39651
39685
39690
39718
39720
39721
39725
39728
39736
39746
39753
39783
39786
39787
39788
39794
39795
39828
39869
39875
39895
39898
39922
39926
39944
39948
39954
39961
39966
39974
39984
39997
40000
40021
40029
40035
40047
40051
40056
40065
40066
40068
40088
40095
40099
40100
40124
40164
40171
40172
40184
40189
40198
40211
40218
40231
40234
40236
40259
40281
40316
40344
40361
40368
40378
40383
40396
40400
40410
40420
40423
40431
40436
40464
40474
40479
40482
40484
40486
40497
40499
40501
40512
40515
40533
40538
40553
40571
40575
40577
40578
40588
40602
40607
40608
40612
40633
40641
40646
40647
40658
40660
40667
40675
40676
40677
40682
40683
40699
40720
40731
40749
40751
40757
40762
40778
40780
40785
40786
40792
40793
40838
40842
40848
40857
40859
40882
40889
40891
40911
40924
40930
40935
40943
40980
41006
41010
41021
41025
41029
41040
41060
41065
41069
41078
41100
41101
41107
41119
41130
41149
41163
41169
41183
41199
41200
41203
41206
41209
41218
41220
41241
41245
41250
41251
41257
41274
41291
41303
41307
41323
41330
41358
41359
41389
41399
41436
41448
41454
41455
41458
41467
41468
41472
41478
41486
41490
41491
41494
41495
41551
41569
41579
41580
41595
41611
41641
41643
41669
41673
41677
41705
41728
41756
41764
41771
41773
41790
41792
41818
41823
41825
41859
41864
41865
41890
41893
41902
41912
41924
41925
41926
41955
41969
41978
41987
41999
42011
42019
42068
42069
42089
42092
42094
42095
42098
42132
42144
42154
42166
42177
42182
42185
42187
42211
42216
42219
42255
42257
42265
42299
42312
42313
42316
42325
42336
42345
42346
42348
42362
42368
42390
42395
42396
42398
42401
42414
42416
42429
42435
42465
42470
42478
42492
42502
42512
42517
42554
42561
42582
42600
42603
42627
42628
42635
42653
42657
42676
42701
42708
42711
42713
42717
42722
42724
42741
42746
42756
42777
42783
42801
42804
42816
42823
42826
42835
42863
42888
42893
42899
42905
42909
42916
42920
42921
42932
42939
42965
42969
42991
42995
42996
42998
43001
43006
43009
43030
43044
43058
43082
43086
43093
43108
43115
43123
43167
43174
43180
43225
43229
43233
43241
43243
43246
43250
43260
43268
43274
43276
43289
43327
43332
43374
43384
43398
43415
43420
43457
43473
43480
43487
43492
43493
43499
43518
43523
43534
43558
43568
43586
43590
43593
43604
43605
43610
43620
43625
43631
43632
43663
43665
43674
43679
43683
43690
43701
43714
43723
43724
43727
43728
43729
43748
43754
43764
43767
43769
43772
43778
43789
43801
43806
43816
43823
43831
43832
43834
43835
43845
43849
43867
43880
43886
43888
43893
43911
43914
43917
43920
43921
43924
43931
43943
43951
43962
43963
43977
43979
43984
43998
44004
44007
44013
44032
44033
44035
44059
44076
44078
44083
44086
44099
44100
44102
44128
44133
44136
44148
44154
44155
44184
44186
44197
44209
44212
44227
44237
44253
44267
44271
44318
44327
44329
44352
44353
44361
44365
44396
44402
44403
44413
44432
44433
44438
44439
44444
44470
44473
44474
44475
44479
44486
44492
44511
44513
44529
44540
44543
44546
44556
44575
44613
44621
44657
44658
44660
44670
44671
44672
44674
44686
44687
44695
44712
44716
44723
44726
44741
44752
44754
44756
44758
44796
44818
44828
44843
44845
44849
44855
44865
44867
44874
44890
44892
44900
44910
44919
44955
44957
44997
45008
45013
45018
45062
45076
45077
45083
45088
45118
45126
45136
45153
45158
45162
45173
45177
45190
45193
45206
45208
45222
45240
45246
45278
45285
45297
45301
45308
45312
45319
45322
45326
45339
45340
45341
45343
45348
45355
45364
45368
45392
45404
45419
45429
45439
45446
45447
45454
45456
45457
45458
45463
45474
45476
45477
45479
45496
45497
45503
45534
45590
45622
45623
45625
45629
45645
45650
45654
45659
45663
45666
45682
45699
45730
45743
45762
45769
45784
45788
45790
45801
45854
45855
45859
45861
45867
45906
45910
45912
45943
45950
45956
45959
45962
45975
45990
45996
45997
45999
46002
46009
46016
46031
46033
46057
46078
46082
46098
46108
46126
46141
46163
46166
46203
46221
46227
46234
46248
46262
46268
46278
46281
46315
46336
46365
46367
46378
46381
46382
46390
46396
46400
46401
46404
46408
46414
46417
46433
46444
46450
46452
46466
46471
46473
46485
46493
46498
46514
46519
46524
46538
46550
46557
46565
46568
46611
46617
46625
46642
46644
46647
46660
46694
46704
46708
46725
46727
46736
46737
46741
46744
46749
46757
46764
46776
46778
46804
46809
46830
46840
46854
46860
46870
46884
46896
46901
46910
46911
46915
46917
46926
46928
46940
46941
46949
46951
46960
46983
46984
46990
46992
47000
47003
47010
47016
47017
47019
47026
47031
47036
47037
47042
47053
47054
47070
47073
47092
47098
47100
47101
47111
47114
47132
47139
47149
47166
47168
47185
47191
47203
47212
47216
47220
47236
47242
47261
47268
47280
47285
47291
47311
47337
47338
47341
47352
47355
47359
47360
47362
47363
47378
47379
47391
47412
47414
47436
47453
47475
47480
47505
47513
47519
47524
47525
47549
47553
47565
47580
47629
47638
47672
47707
47708
47769
47781
47782
47811
47841
47851
47872
47886
47901
47905
47911
47916
47924
47932
47933
47934
47937
47948
47963
47985
48002
48045
48049
48067
48073
48078
48089
48095
48111
48117
48120
48125
48131
48141
48143
48149
48150
48176
48203
48220
48228
48229
48237
48240
48249
48254
48256
48257
48277
48283
48296
48297
48310
48311
48313
48314
48332
48342
48352
48390
48393
48402
48407
48409
48412
48428
48439
48445
48447
48460
48474
48475
48481
48482
48484
48498
48501
48510
48531
48547
48559
48566
48600
48604
48611
48616
48620
48661
48691
48693
48697
48737
48741
48748
48752
48756
48775
48791
48793
48795
48797
48805
48810
48821
48825
48834
48842
48872
48878
48885
48889
48900
48903
48910
48918
48930
48942
48945
48957
48962
48969
48972
48984
48987
49001
49018
49019
49022
49026
49035
49037
49058
49074
49088
49089
49094
49098
49117
49138
49147
49160
49184
49200
49205
49207
49218
49230
49254
49255
49280
49294
49299
49308
49343
49356
49364
49369
49371
49382
49395
49396
49398
49403
49409
49417
49433
49439
49476
49479
49486
49497
49509
49517
49553
49559
49562
49568
49572
49573
49576
49593
49604
49608
49630
49631
49634
49650
49682
49684
49689
49692
49699
49711
49715
49717
49718
49730
49734
49754
49755
49760
49781
49783
49804
49806
49824
49827
49828
49833
49840
49849
49858
49862
49863
49880
49891
49908
49921
49925
49928
49936
49944
49953
49955
49961
49971
49974
49983
50014
50032
50045
50053
50072
50076
50082
50087
50090
50091
50107
50131
50145
50166
50167
50185
50208
50249
50250
50255
50261
50281
50334
50345
50348
50361
50374
50376
50383
50387
50413
50414
50424
50425
50433
50438
50519
50535
50537
50550
50555
50570
50578
50579
50584
50587
50590
50609
50630
50638
50647
50669
50672
50675
50688
50714
50737
50751
50752
50762
50763
50767
50787
50808
50812
50813
50816
50842
50851
50855
50858
50865
50866
50868
50875
50901
50922
50935
50942
50948
50963
50973
50980
50992
50994
50996
51001
51004
51015
51037
51038
51047
51056
51076
51090
51101
51102
51103
51114
51127
51136
51140
51141
51148
51151
51161
51174
51179
51181
51191
51205
51213
51255
51256
51267
51271
51276
51278
51282
51288
51292
51302
51305
51318
51319
51323
51337
51339
51340
51348
51363
51369
51373
51376
51377
51384
51402
51417
51418
51421
51439
51451
51463
51466
51471
51496
51529
51567
51568
51572
51582
51596
51597
51612
51615
51633
51634
51647
51651
51658
51672
51685
51703
51746
51751
51765
51772
51777
51778
51794
51817
51825
51835
51841
51850
51855
51870
51880
51881
51885
51905
51914
51964
51966
51975
51981
51993
52024
52025
52027
52032
52033
52048
52050
52061
52079
52102
52111
52112
52113
52115
52118
52123
52154
52178
52179
52188
52198
52209
52225
52232
52270
52278
52297
52300
52317
52323
52328
52330
52334
52347
52352
52353
52363
52367
52368
52370
52375
52385
52387
52409
52411
52415
52422
52425
52431
52439
52444
52465
52484
52485
52486
52490
52530
52552
52554
52555
52562
52571
52573
52577
52579
52584
52586
52595
52596
52603
52607
52656
52657
52658
52671
52684
52685
52700
52707
52712
52717
52721
52725
52731
52737
52739
52747
52767
52779
52785
52789
52794
52796
52801
52816
52821
52836
52861
52862
52866
52867
52883
52894
52897
52923
52951
52981
52991
52992
52994
53002
53024
53036
53043
53057
53064
53065
53093
53102
53103
53108
53121
53138
53142
53145
53149
53153
53176
53178
53184
53224
53238
53285
53289
53297
53313
53324
53328
53332
53335
53348
53357
53383
53387
53389
53394
53395
53398
53399
53402
53432
53456
53475
53479
53481
53497
53500
53503
53505
53515
53529
53546
53551
53560
53561
53586
53589
53596
53601
53612
53613
53615
53648
53655
53664
53687
53690
53706
53732
53733
53744
53750
53795
53806
53813
53819
53837
53846
53868
53869
53880
53894
53914
53927
53962
53967
53984
53987
53998
54016
54020
54024
54027
54028
54034
54036
54040
54049
54066
54067
54076
54090
54102
54107
54117
54125
54133
54151
54155
54167
54176
54208
54218
54227
54230
54241
54257
54259
54260
54271
54275
54282
54288
54291
54298
54308
54316
54317
54335
54346
54354
54365
54375
54387
54401
54419
54425
54426
54432
54442
54451
54457
54458
54477
54487
54488
54493
54503
54516
54523
54532
54550
54561
54568
54571
54581
54617
54624
54633
54658
54673
54691
54700
54705
54707
54708
54711
54723
54736
54752
54755
54767
54769
54779
54782
54788
54789
54790
54813
54823
54825
54828
54837
54851
54858
54867
54876
54887
54890
54893
54900
54903
54906
54907
54908
54909
54936
54953
54954
54983
55005
55019
55022
55029
55043
55067
55090
55100
55104
55116
55142
55145
55146
55149
55158
55160
55165
55166
55186
55198
55202
55212
55219
55220
55221
55224
55229
55240
55247
55248
55254
55257
55260
55264
55267
55269
55276
55305
55318
55328
55331
55345
55360
55396
55401
55402
55410
55418
55430
55431
55432
55434
55436
55463
55464
55465
55481
55488
55492
55510
55512
55528
55532
55534
55542
55547
55555
55572
55587
55589
55597
55612
55613
55637
55678
55682
55720
55728
55734
55742
55743
55767
55779
55812
55816
55829
55838
55841
55842
55852
55854
55857
55863
55870
55872
55875
55885
55906
55913
55921
55930
55935
55945
55965
55974
55985
55996
55999
56008
56010
56013
56016
56023
56033
56040
56043
56045
56049
56078
56097
56102
56108
56130
56154
56163
56166
56167
56186
56200
56202
56214
56220
56226
56230
56235
56243
56244
56248
56250
56262
56264
56272
56274
56279
56281
56285
56290
56291
56299
56324
56371
56377
56387
56404
56408
56414
56426
56433
56436
56445
56447
56451
56456
56460
56467
56473
56479
56480
56482
56483
56492
56508
56549
56550
56554
56559
56560
56564
56565
56578
56590
56612
56635
56639
56640
56653
56656
56673
56677
56682
56699
56703
56707
56708
56734
56737
56751
56778
56783
56790
56796
56815
56824
56835
56838
56841
56863
56865
56915
56924
56943
56959
56971
56973
56977
56992
56998
57000
57001
57013
57033
57048
57052
57053
57089
57096
57100
57169
57181
57187
57188
57193
57226
57233
57254
57269
57272
57288
57298
57304
57315
57317
57318
57320
57348
57370
57386
57412
57432
57436
57443
57450
57462
57484
57499
57507
57515
57516
57522
57546
57554
57562
57567
57575
57578
57583
57588
57623
57628
57634
57639
57656
57660
57680
57692
57697
57709
57712
57715
57721
57730
57732
57741
57747
57754
57760
57761
57766
57772
57786
57787
57827
57843
57844
57858
57866
57886
57894
57896
57922
57924
57935
57946
57955
57957
57959
57972
57995
57998
58000
58001
58004
58010
58020
58029
58047
58049
58053
58059
58067
58071
58100
58115
58120
58128
58148
58152
58154
58179
58191
58201
58202
58206
58208
58210
58224
58235
58243
58245
58258
58264
58267
58283
58317
58325
58363
58364
58371
58375
58388
58390
58406
58452
58453
58454
58461
58465
58470
58475
58488
58493
58504
58526
58531
58532
58536
58538
58539
58543
58547
58552
58567
58574
58575
58593
58607
58615
58616
58617
58621
58626
58630
58636
58639
58641
58650
58654
58659
58663
58689
58696
58701
58707
58719
58749
58753
58754
58761
58770
58774
58777
58786
58796
58826
58838
58859
58882
58894
58917
58919
58927
58958
58980
59001
59003
59037
59038
59067
59073
59077
59078
59080
59114
59132
59140
59144
59165
59175
59176
59177
59207
59211
59213
59218
59229
59233
59237
59238
59240
59243
59252
59254
59264
59269
59277
59301
59319
59320
59343
59346
59365
59379
59393
59413
59421
59422
59430
59432
59434
59469
59474
59475
59476
59497
59498
59524
59530
59538
59546
59558
59571
59576
59583
59590
59598
59609
59623
59626
59627
59628
59646
59648
59659
59662
59688
59689
59690
59698
59704
59707
59709
59711
59715
59757
59773
59798
59804
59808
59811
59847
59849
59861
59872
59897
59911
59914
59944
59949
59955
59956
59972
59991
59993
