0.0000000000000000000000000000000000000000000000000000000000000000000000000000000000000000000000000000
0.0000000000000000000000000000000000000000000000000000000000000000000000000000000000000000000000000000
0.0000000000000000000000000000000000000000000000000000000000000000000000000000000000000000000000000000
0.0819379447077784456299198723172594327479600906372070312500000000000000000000000000000000000000000000
0.0000000000000000000000000000000000000000000000000000000000000000000000000000000000000000000000000000
0.0211407379291784734698378400707952096126973628997802734375000000000000000000000000000000000000000000
0.0000000000000000000000000000000000000000000000000000000000000000000000000000000000000000000000000000
0.0000000000000000000000000000000000000000000000000000000000000000000000000000000000000000000000000000
0.0211407379291784734698378400707952096126973628997802734375000000000000000000000000000000000000000000
0.0000000000000000000000000000000000000000000000000000000000000000000000000000000000000000000000000000
0.0000000000000000000000000000000000000000000000000000000000000000000000000000000000000000000000000000
0.0000000000000000000000000000000000000000000000000000000000000000000000000000000000000000000000000000
0.0000110705192073508249921967236395481393174122786149382591247558593750000000000000000000000000000000
0.0211407379291784734698378400707952096126973628997802734375000000000000000000000000000000000000000000
0.0000000000000000000000000000000000000000000000000000000000000000000000000000000000000000000000000000
0.0000000000000000000000000000000000000000000000000000000000000000000000000000000000000000000000000000
0.0000000000000000000000000000000000000000000000000000000000000000000000000000000000000000000000000000
0.0000000000000000000000000000000000000000000000000000000000000000000000000000000000000000000000000000
0.0000000000000000000000000000000000000000000000000000000000000000000000000000000000000000000000000000
0.0000000000000000000000000000000000000000000000000000000000000000000000000000000000000000000000000000
0.0000000000000000000000000000000000000000000000000000000000000000000000000000000000000000000000000000
0.0211407379291784734698378400707952096126973628997802734375000000000000000000000000000000000000000000
0.0000000000000000000000000000000000000000000000000000000000000000000000000000000000000000000000000000
0.0000000000000000000000000000000000000000000000000000000000000000000000000000000000000000000000000000
0.0000000000000000000000000000000000000000000000000000000000000000000000000000000000000000000000000000
0.0211407379291784734698378400707952096126973628997802734375000000000000000000000000000000000000000000
0.0000000000000000000000000000000000000000000000000000000000000000000000000000000000000000000000000000
0.0000000000000000000000000000000000000000000000000000000000000000000000000000000000000000000000000000
0.0000000000000000000000000000000000000000000000000000000000000000000000000000000000000000000000000000
0.0000000000000000000000000000000000000000000000000000000000000000000000000000000000000000000000000000
0.0000000000000000000000000000000000000000000000000000000000000000000000000000000000000000000000000000
0.0000000000000000000000000000000000000000000000000000000000000000000000000000000000000000000000000000
0.0000000000000000000000000000000000000000000000000000000000000000000000000000000000000000000000000000
0.0000000000000000000000000000000000000000000000000000000000000000000000000000000000000000000000000000
0.0211407379291784734698378400707952096126973628997802734375000000000000000000000000000000000000000000
0.0000000000000000000000000000000000000000000000000000000000000000000000000000000000000000000000000000
0.0000000000000000000000000000000000000000000000000000000000000000000000000000000000000000000000000000
0.0000000000000000000000000000000000000000000000000000000000000000000000000000000000000000000000000000
0.0000000000000000000000000000000000000000000000000000000000000000000000000000000000000000000000000000
0.0000000000000000000000000000000000000000000000000000000000000000000000000000000000000000000000000000
0.0211407379291784734698378400707952096126973628997802734375000000000000000000000000000000000000000000
0.0819379447077784456299198723172594327479600906372070312500000000000000000000000000000000000000000000
0.0000000000000000000000000000000000000000000000000000000000000000000000000000000000000000000000000000
0.0000000000000000000000000000000000000000000000000000000000000000000000000000000000000000000000000000
0.0000000000000000000000000000000000000000000000000000000000000000000000000000000000000000000000000000
0.0000000000000000000000000000000000000000000000000000000000000000000000000000000000000000000000000000
0.0819379447077784456299198723172594327479600906372070312500000000000000000000000000000000000000000000
0.0000000000000000000000000000000000000000000000000000000000000000000000000000000000000000000000000000
0.0000000000000000000000000000000000000000000000000000000000000000000000000000000000000000000000000000
0.0000000000000000000000000000000000000000000000000000000000000000000000000000000000000000000000000000
0.0000000000000000000000000000000000000000000000000000000000000000000000000000000000000000000000000000
0.0000000000000000000000000000000000000000000000000000000000000000000000000000000000000000000000000000
0.0000000000000000000000000000000000000000000000000000000000000000000000000000000000000000000000000000
0.0000000000000000000000000000000000000000000000000000000000000000000000000000000000000000000000000000
0.0000000000000000000000000000000000000000000000000000000000000000000000000000000000000000000000000000
0.0000000000000000000000000000000000000000000000000000000000000000000000000000000000000000000000000000
0.0211407379291784734698378400707952096126973628997802734375000000000000000000000000000000000000000000
0.0000000000000000000000000000000000000000000000000000000000000000000000000000000000000000000000000000
0.0000000000000000000000000000000000000000000000000000000000000000000000000000000000000000000000000000
0.0000000000000000000000000000000000000000000000000000000000000000000000000000000000000000000000000000
0.0000000000000000000000000000000000000000000000000000000000000000000000000000000000000000000000000000
0.0000000000000000000000000000000000000000000000000000000000000000000000000000000000000000000000000000
0.0000000000000000000000000000000000000000000000000000000000000000000000000000000000000000000000000000
0.0000000000000000000000000000000000000000000000000000000000000000000000000000000000000000000000000000
0.0000000000000000000000000000000000000000000000000000000000000000000000000000000000000000000000000000
0.0000000000000000000000000000000000000000000000000000000000000000000000000000000000000000000000000000
0.0000000000000000000000000000000000000000000000000000000000000000000000000000000000000000000000000000
0.0000000000000000000000000000000000000000000000000000000000000000000000000000000000000000000000000000
0.0000000000000000000000000000000000000000000000000000000000000000000000000000000000000000000000000000
0.0000000000000000000000000000000000000000000000000000000000000000000000000000000000000000000000000000
0.0211407379291784734698378400707952096126973628997802734375000000000000000000000000000000000000000000
0.0211407379291784734698378400707952096126973628997802734375000000000000000000000000000000000000000000
0.0211407379291784734698378400707952096126973628997802734375000000000000000000000000000000000000000000
0.0211407379291784734698378400707952096126973628997802734375000000000000000000000000000000000000000000
0.0000000000000000000000000000000000000000000000000000000000000000000000000000000000000000000000000000
0.0000000000000000000000000000000000000000000000000000000000000000000000000000000000000000000000000000
0.0000000000000000000000000000000000000000000000000000000000000000000000000000000000000000000000000000
0.0000000000000000000000000000000000000000000000000000000000000000000000000000000000000000000000000000
0.0211407379291784734698378400707952096126973628997802734375000000000000000000000000000000000000000000
0.0000000000000000000000000000000000000000000000000000000000000000000000000000000000000000000000000000
0.0000000000000000000000000000000000000000000000000000000000000000000000000000000000000000000000000000
0.0000000000000000000000000000000000000000000000000000000000000000000000000000000000000000000000000000
0.0211407379291784734698378400707952096126973628997802734375000000000000000000000000000000000000000000
0.0000000000000000000000000000000000000000000000000000000000000000000000000000000000000000000000000000
0.0000000000000000000000000000000000000000000000000000000000000000000000000000000000000000000000000000
0.0000000000000000000000000000000000000000000000000000000000000000000000000000000000000000000000000000
0.0000000000000000000000000000000000000000000000000000000000000000000000000000000000000000000000000000
0.0211407379291784734698378400707952096126973628997802734375000000000000000000000000000000000000000000
0.0000000000000000000000000000000000000000000000000000000000000000000000000000000000000000000000000000
0.0211407379291784734698378400707952096126973628997802734375000000000000000000000000000000000000000000
0.0000000000000000000000000000000000000000000000000000000000000000000000000000000000000000000000000000
0.0211407379291784734698378400707952096126973628997802734375000000000000000000000000000000000000000000
0.0211407379291784734698378400707952096126973628997802734375000000000000000000000000000000000000000000
0.0819379447077784456299198723172594327479600906372070312500000000000000000000000000000000000000000000
0.0000000000000000000000000000000000000000000000000000000000000000000000000000000000000000000000000000
0.0000000000000000000000000000000000000000000000000000000000000000000000000000000000000000000000000000
0.0000000000000000000000000000000000000000000000000000000000000000000000000000000000000000000000000000
0.0000000000000000000000000000000000000000000000000000000000000000000000000000000000000000000000000000
0.0819379447077784456299198723172594327479600906372070312500000000000000000000000000000000000000000000
0.0211407379291784734698378400707952096126973628997802734375000000000000000000000000000000000000000000
0.0000110705192073508249921967236395481393174122786149382591247558593750000000000000000000000000000000
0.0001771283073176131998751475782327702290785964578390121459960937500000000000000000000000000000000000
0.0000000000000000000000000000000000000000000000000000000000000000000000000000000000000000000000000000
0.0000000000000000000000000000000000000000000000000000000000000000000000000000000000000000000000000000
0.0000000000000000000000000000000000000000000000000000000000000000000000000000000000000000000000000000
0.0000000000000000000000000000000000000000000000000000000000000000000000000000000000000000000000000000
0.0000000000000000000000000000000000000000000000000000000000000000000000000000000000000000000000000000
0.0000000000000000000000000000000000000000000000000000000000000000000000000000000000000000000000000000
0.0211407379291784734698378400707952096126973628997802734375000000000000000000000000000000000000000000
0.0000000000000000000000000000000000000000000000000000000000000000000000000000000000000000000000000000
0.0211407379291784734698378400707952096126973628997802734375000000000000000000000000000000000000000000
0.0000000000000000000000000000000000000000000000000000000000000000000000000000000000000000000000000000
0.0819379447077784456299198723172594327479600906372070312500000000000000000000000000000000000000000000
0.0000000000000000000000000000000000000000000000000000000000000000000000000000000000000000000000000000
0.0000000000000000000000000000000000000000000000000000000000000000000000000000000000000000000000000000
0.0211407379291784734698378400707952096126973628997802734375000000000000000000000000000000000000000000
0.0000000000000000000000000000000000000000000000000000000000000000000000000000000000000000000000000000
0.0000000000000000000000000000000000000000000000000000000000000000000000000000000000000000000000000000
0.0000000000000000000000000000000000000000000000000000000000000000000000000000000000000000000000000000
0.0819379447077784456299198723172594327479600906372070312500000000000000000000000000000000000000000000
0.0000000000000000000000000000000000000000000000000000000000000000000000000000000000000000000000000000
0.0211407379291784734698378400707952096126973628997802734375000000000000000000000000000000000000000000
0.0000000000000000000000000000000000000000000000000000000000000000000000000000000000000000000000000000
0.0000000000000000000000000000000000000000000000000000000000000000000000000000000000000000000000000000
0.0211407379291784734698378400707952096126973628997802734375000000000000000000000000000000000000000000
0.0000000000000000000000000000000000000000000000000000000000000000000000000000000000000000000000000000
0.0000000000000000000000000000000000000000000000000000000000000000000000000000000000000000000000000000
0.0000000000000000000000000000000000000000000000000000000000000000000000000000000000000000000000000000
0.0211407379291784734698378400707952096126973628997802734375000000000000000000000000000000000000000000
0.0000000000000000000000000000000000000000000000000000000000000000000000000000000000000000000000000000
0.0211407379291784734698378400707952096126973628997802734375000000000000000000000000000000000000000000
0.0000000000000000000000000000000000000000000000000000000000000000000000000000000000000000000000000000
0.0211407379291784734698378400707952096126973628997802734375000000000000000000000000000000000000000000
0.0000000000000000000000000000000000000000000000000000000000000000000000000000000000000000000000000000
0.0211407379291784734698378400707952096126973628997802734375000000000000000000000000000000000000000000
0.0000000000000000000000000000000000000000000000000000000000000000000000000000000000000000000000000000
0.0000110705192073508249921967236395481393174122786149382591247558593750000000000000000000000000000000
0.0000000000000000000000000000000000000000000000000000000000000000000000000000000000000000000000000000
0.0000000000000000000000000000000000000000000000000000000000000000000000000000000000000000000000000000
0.0211407379291784734698378400707952096126973628997802734375000000000000000000000000000000000000000000
0.0000000000000000000000000000000000000000000000000000000000000000000000000000000000000000000000000000
0.0211407379291784734698378400707952096126973628997802734375000000000000000000000000000000000000000000
0.0000000000000000000000000000000000000000000000000000000000000000000000000000000000000000000000000000
0.0000000000000000000000000000000000000000000000000000000000000000000000000000000000000000000000000000
0.0000000000000000000000000000000000000000000000000000000000000000000000000000000000000000000000000000
0.0000000000000000000000000000000000000000000000000000000000000000000000000000000000000000000000000000
0.0000000000000000000000000000000000000000000000000000000000000000000000000000000000000000000000000000
0.0000000000000000000000000000000000000000000000000000000000000000000000000000000000000000000000000000
0.0211407379291784734698378400707952096126973628997802734375000000000000000000000000000000000000000000
0.0211407379291784734698378400707952096126973628997802734375000000000000000000000000000000000000000000
0.0211407379291784734698378400707952096126973628997802734375000000000000000000000000000000000000000000
0.0000000000000000000000000000000000000000000000000000000000000000000000000000000000000000000000000000
0.0000000000000000000000000000000000000000000000000000000000000000000000000000000000000000000000000000
0.0000000000000000000000000000000000000000000000000000000000000000000000000000000000000000000000000000
0.0211407379291784734698378400707952096126973628997802734375000000000000000000000000000000000000000000
0.0000000000000000000000000000000000000000000000000000000000000000000000000000000000000000000000000000
0.0000000000000000000000000000000000000000000000000000000000000000000000000000000000000000000000000000
0.0000000000000000000000000000000000000000000000000000000000000000000000000000000000000000000000000000
0.0000000000000000000000000000000000000000000000000000000000000000000000000000000000000000000000000000
0.0000000000000000000000000000000000000000000000000000000000000000000000000000000000000000000000000000
0.0000000000000000000000000000000000000000000000000000000000000000000000000000000000000000000000000000
0.0211407379291784734698378400707952096126973628997802734375000000000000000000000000000000000000000000
0.0000000000000000000000000000000000000000000000000000000000000000000000000000000000000000000000000000
0.0211407379291784734698378400707952096126973628997802734375000000000000000000000000000000000000000000
0.0000000000000000000000000000000000000000000000000000000000000000000000000000000000000000000000000000
0.0000000000000000000000000000000000000000000000000000000000000000000000000000000000000000000000000000
0.0211407379291784734698378400707952096126973628997802734375000000000000000000000000000000000000000000
0.0000000000000000000000000000000000000000000000000000000000000000000000000000000000000000000000000000
0.0000000000000000000000000000000000000000000000000000000000000000000000000000000000000000000000000000
0.0000000000000000000000000000000000000000000000000000000000000000000000000000000000000000000000000000
0.0000000000000000000000000000000000000000000000000000000000000000000000000000000000000000000000000000
0.0000000000000000000000000000000000000000000000000000000000000000000000000000000000000000000000000000
0.0000000000000000000000000000000000000000000000000000000000000000000000000000000000000000000000000000
0.0000000000000000000000000000000000000000000000000000000000000000000000000000000000000000000000000000
0.0000000000000000000000000000000000000000000000000000000000000000000000000000000000000000000000000000
0.0000000000000000000000000000000000000000000000000000000000000000000000000000000000000000000000000000
0.0000000000000000000000000000000000000000000000000000000000000000000000000000000000000000000000000000
0.0000000000000000000000000000000000000000000000000000000000000000000000000000000000000000000000000000
0.0211407379291784734698378400707952096126973628997802734375000000000000000000000000000000000000000000
0.0211407379291784734698378400707952096126973628997802734375000000000000000000000000000000000000000000
0.0819379447077784456299198723172594327479600906372070312500000000000000000000000000000000000000000000
0.0000000000000000000000000000000000000000000000000000000000000000000000000000000000000000000000000000
0.0000000000000000000000000000000000000000000000000000000000000000000000000000000000000000000000000000
0.0000000000000000000000000000000000000000000000000000000000000000000000000000000000000000000000000000
0.0000000000000000000000000000000000000000000000000000000000000000000000000000000000000000000000000000
0.0000000000000000000000000000000000000000000000000000000000000000000000000000000000000000000000000000
0.0000000000000000000000000000000000000000000000000000000000000000000000000000000000000000000000000000
0.0819379447077784456299198723172594327479600906372070312500000000000000000000000000000000000000000000
0.0000000000000000000000000000000000000000000000000000000000000000000000000000000000000000000000000000
0.0000000000000000000000000000000000000000000000000000000000000000000000000000000000000000000000000000
0.0211407379291784734698378400707952096126973628997802734375000000000000000000000000000000000000000000
0.0000000000000000000000000000000000000000000000000000000000000000000000000000000000000000000000000000
0.0000000000000000000000000000000000000000000000000000000000000000000000000000000000000000000000000000
0.0211407379291784734698378400707952096126973628997802734375000000000000000000000000000000000000000000
0.0211407379291784734698378400707952096126973628997802734375000000000000000000000000000000000000000000
0.0000000000000000000000000000000000000000000000000000000000000000000000000000000000000000000000000000
0.0819379447077784456299198723172594327479600906372070312500000000000000000000000000000000000000000000
0.0819379447077784456299198723172594327479600906372070312500000000000000000000000000000000000000000000
0.0000000000000000000000000000000000000000000000000000000000000000000000000000000000000000000000000000
0.0000000000000000000000000000000000000000000000000000000000000000000000000000000000000000000000000000
