3
4
9
26
35
46
49
61
85
89
94
103
109
110
126
166
172
192
202
203
211
217
225
230
252
270
298
300
302
308
324
333
334
353
356
363
364
372
410
411
447
456
475
476
478
479
488
492
502
514
522
524
525
529
531
535
553
563
581
609
611
643
644
646
648
655
672
678
680
707
713
726
728
732
735
742
745
747
757
769
787
789
797
828
833
834
839
848
851
857
861
862
875
884
904
906
912
917
934
950
956
966
969
976
977
982
994
1012
1018
1033
1039
1047
1085
1142
1150
1156
1165
1169
1180
1181
1198
1219
1222
1240
1256
1259
1261
1274
1278
1287
1313
1323
1350
1357
1360
1376
1380
1414
1423
1452
1474
1477
1478
1487
1522
1535
1537
1545
1549
1552
1572
1575
1577
1590
1591
1607
1610
1626
1627
1633
1645
1646
1647
1650
1661
1665
1686
1694
1755
1760
1764
1782
1790
1795
1798
1800
1817
1818
1834
1836
1837
1849
1855
1927
1946
1948
1959
1960
1964
1966
1974
1982
1984
1999
2021
2043
2050
2053
2060
2068
2083
2101
2102
2103
2115
2119
2149
2155
2171
2172
2181
2183
2194
2197
2199
2221
2231
2240
2261
2270
2271
2287
2298
2359
2366
2376
2385
2388
2405
2412
2416
2422
2429
2436
2443
2452
2457
2468
2469
2470
2477
2484
2493
2494
2506
2522
2524
2534
2545
2572
2584
2600
2601
2603
2609
2632
2633
2662
2668
2672
2692
2721
2726
2733
2742
2757
2767
2769
2771
2779
2808
2846
2847
2849
2856
2860
2877
2886
2887
2896
2900
2909
2917
2920
2921
2922
2926
2929
2931
2940
2944
2945
2957
2964
2968
2999
3005
3010
3012
3015
3021
3030
3035
3037
3042
3051
3085
3100
3105
3108
3109
3111
3115
3117
3118
3149
3152
3153
3156
3162
3165
3167
3172
3190
3199
3211
3220
3226
3229
3262
3263
3284
3300
3306
3311
3312
3318
3325
3332
3339
3352
3358
3366
3370
3379
3422
3436
3437
3448
3454
3472
3478
3479
3490
3498
3499
3505
3506
3519
3527
3532
3534
3540
3563
3582
3588
3592
3616
3652
3660
3666
3677
3680
3682
3697
3711
3721
3722
3725
3732
3740
3746
3750
3759
3768
3794
3809
3817
3822
3838
3846
3852
3854
3858
3903
3906
3912
3920
3936
3938
3948
3978
3980
3982
4000
4005
4011
4021
4026
4048
4060
4061
4063
4065
4076
4085
4086
4105
4123
4139
4144
4161
4167
4173
4177
4181
4189
4195
4203
4209
4213
4219
4221
4246
4247
4255
4271
4284
4296
4300
4304
4322
4330
4332
4344
4347
4349
4350
4359
4374
4381
4387
4399
4405
4407
4410
4430
4439
4445
4458
4459
4461
4485
4494
4512
4543
4555
4557
4568
4599
4604
4608
4629
4631
4660
4670
4680
4684
4686
4705
4740
4745
4747
4751
4754
4772
4773
4783
4784
4789
4793
4796
4805
4816
4818
4820
4838
4858
4868
4874
4887
4891
4910
4913
4921
4955
4969
4983
4990
5001
5003
5014
5055
5059
5081
5115
5132
5139
5148
5163
5174
5179
5186
5187
5194
5207
5208
5217
5224
5225
5231
5239
5241
5268
5285
5292
5297
5300
5305
5306
5313
5316
5321
5332
5368
5370
5380
5404
5415
5420
5427
5437
5446
5453
5456
5463
5479
5505
5508
5511
5519
5520
5524
5546
5551
5552
5558
5566
5572
5588
5603
5610
5637
5641
5652
5679
5712
5713
5778
5781
5782
5788
5807
5809
5834
5839
5845
5850
5861
5864
5868
5876
5882
5886
5904
5912
5914
5928
5936
5938
5963
5979
6020
6044
6091
6143
6157
6168
6173
6175
6177
6186
6191
6212
6226
6235
6240
6249
6269
6297
6326
6331
6333
6341
6358
6365
6372
6380
6392
6397
6400
6409
6411
6417
6432
6442
6467
6470
6473
6476
6479
6486
6496
6530
6534
6574
6600
6608
6615
6621
6624
6627
6635
6639
6648
6656
6671
6688
6716
6726
6740
6759
6768
6775
6797
6805
6835
6839
6849
6851
6852
6858
6859
6865
6870
6876
6888
6889
6891
6893
6912
6938
6941
6945
6959
6966
6969
6989
7007
7012
7017
7018
7028
7038
7043
7045
7046
7062
7063
7072
7083
7084
7113
7131
7173
7178
7188
7198
7226
7234
7256
7260
7267
7270
7308
7326
7329
7365
7366
7386
7423
7436
7446
7466
7474
7485
7498
7517
7518
7522
7533
7535
7536
7543
7567
7577
7593
7596
7610
7660
7664
7696
7707
7710
7713
7728
7738
7743
7747
7774
7777
7784
7790
7804
7810
7816
7826
7846
7857
7884
7896
7897
7902
7911
7915
7918
7924
7927
7929
7930
7948
7952
7987
8014
8034
8036
8062
8067
8077
8099
8100
8109
8135
8154
8171
8177
8182
8185
8190
8191
8207
8208
8211
8226
8237
8241
8243
8259
8260
8262
8269
8284
8321
8329
8337
8338
8339
8350
8365
8369
8373
8385
8388
8393
8398
8399
8403
8404
8406
8408
8412
8417
8422
8427
8434
8438
8442
8472
8483
8513
8532
8538
8549
8550
8553
8554
8558
8563
8564
8568
8577
8588
8593
8604
8607
8651
8665
8677
8697
8716
8723
8738
8739
8756
8758
8759
8767
8777
8780
8784
8788
8789
8797
8813
8820
8824
8860
8861
8867
8880
8885
8890
8898
8913
8920
8930
8938
8944
8951
8956
8976
8983
9005
9019
9023
9034
9049
9060
9074
9077
9099
9102
9103
9113
9124
9129
9142
9159
9182
9183
9187
9202
9208
9215
9216
9226
9249
9260
9286
9292
9297
9299
9316
9324
9332
9339
9353
9375
9398
9410
9414
9420
9430
9457
9476
9483
9485
9486
9496
9504
9512
9513
9520
9522
9531
9537
9542
9559
9574
9587
9591
9598
9600
9632
9659
9661
9662
9673
9674
9694
9720
9725
9743
9761
9772
9775
9784
9788
9790
9794
9802
9803
9809
9816
9823
9833
9840
9868
9881
9897
9908
9910
9917
9919
9942
9947
9968
9985
9994
10007
10035
10043
10056
10060
10077
10098
10100
10126
10128
10136
10140
10160
10162
10166
10172
10179
10184
10192
10193
10198
10202
10204
10212
10222
10279
10283
10299
10310
10319
10326
10342
10343
10349
10354
10360
10376
10377
10387
10396
10401
10411
10423
10427
10429
10434
10444
10445
10447
10472
10502
10503
10529
10534
10544
10548
10549
10557
10564
10570
10596
10603
10618
10640
10654
10672
10676
10678
10681
10698
10705
10706
10723
10727
10728
10731
10752
10754
10763
10786
10793
10817
10836
10843
10852
10866
10883
10914
10918
10968
10985
11010
11019
11036
11041
11059
11066
11074
11077
11111
11117
11135
11147
11160
11186
11214
11225
11228
11246
11260
11262
11265
11290
11293
11312
11347
11367
11371
11375
11376
11382
11384
11387
11399
11416
11419
11420
11436
11437
11450
11460
11472
11476
11477
11503
11510
11517
11520
11524
11529
11543
11560
11576
11601
11603
11606
11623
11660
11665
11676
11687
11689
11704
11712
11719
11729
11731
11744
11747
11758
11759
11786
11797
11807
11811
11823
11835
11851
11857
11861
11868
11873
11879
11881
11882
11888
11889
11890
11900
11904
11905
11910
11917
11923
11927
11936
11966
11989
12010
12014
12041
12064
12065
12077
12087
12091
12104
12108
12111
12122
12125
12127
12170
12177
12191
12196
12210
12211
12214
12251
12270
12274
12300
12312
12319
12328
12330
12347
12351
12353
12366
12382
12384
12386
12401
12410
12423
12424
12448
12451
12460
12461
12480
12484
12507
12522
12532
12547
12553
12564
12568
12587
12607
12609
12613
12647
12652
12706
12712
12718
12730
12756
12801
12803
12807
12812
12830
12845
12851
12856
12858
12863
12865
12879
12883
12885
12886
12894
12895
12910
12917
12926
12927
12934
12941
12943
12948
12953
12958
12990
12999
13034
13040
13042
13046
13051
13053
13063
13093
13106
13110
13112
13125
13130
13152
13161
13162
13183
13190
13214
13218
13232
13265
13282
13329
13336
13343
13352
13356
13372
13381
13403
13407
13431
13454
13459
13481
13489
13491
13493
13500
13503
13518
13524
13534
13553
13563
13570
13571
13572
13577
13581
13612
13614
13622
13642
13644
13649
13652
13653
13667
13668
13677
13685
13691
13707
13737
13739
13746
13754
13772
13809
13818
13821
13851
13858
13861
13875
13880
13884
13894
13903
13906
13928
13930
13947
13979
13998
14017
14030
14039
14042
14049
14077
14080
14081
14084
14095
14102
14106
14115
14117
14126
14129
14132
14133
14149
14177
14199
14210
14230
14251
14252
14257
14261
14262
14276
14282
14299
14324
14332
14336
14342
14359
14367
14369
14379
14381
14385
14400
14408
14424
14439
14443
14444
14445
14446
14465
14482
14493
14495
14512
14517
14527
14529
14543
14549
14550
14551
14553
14560
14575
14584
14592
14608
14616
14620
14649
14655
14658
14662
14672
14673
14681
14687
14693
14700
14711
14724
14735
14744
14745
14759
14760
14762
14813
14830
14831
14836
14848
14853
14876
14899
14938
14944
14957
14964
14980
14993
14994
15010
15019
15028
15051
15052
15053
15067
15070
15073
15074
15078
15103
15106
15140
15148
15170
15179
15182
15186
15192
15194
15197
15206
15215
15227
15235
15239
15247
15263
15264
15273
15282
15285
15298
15316
15320
15324
15352
15364
15365
15375
15380
15392
15405
15406
15412
15438
15440
15444
15446
15448
15456
15459
15461
15466
15474
15493
15498
15503
15513
15539
15543
15564
15573
15582
15617
15619
15636
15637
15649
15655
15670
15679
15684
15709
15724
15728
15730
15735
15741
15742
15746
15768
15777
15782
15784
15787
15789
15803
15822
15831
15845
15847
15851
15853
15860
15872
15910
15914
15926
15931
15933
15935
15971
15982
15984
15988
15997
16015
16018
16023
16037
16039
16042
16070
16073
16078
16079
16084
16101
16102
16107
16113
16119
16132
16141
16152
16174
16213
16219
16222
16230
16247
16268
16274
16291
16305
16311
16314
16320
16324
16346
16380
16385
16388
16404
16414
16427
16430
16438
16451
16455
16466
16489
16493
16503
16512
16518
16519
16527
16543
16577
16582
16585
16590
16593
16606
16643
16645
16654
16656
16660
16682
16683
16695
16702
16707
16720
16725
16728
16730
16773
16784
16792
16795
16800
16823
16825
16835
16837
16840
16863
16870
16893
16900
16903
16917
16918
16922
16931
16936
16939
16943
16944
16954
16960
16972
16987
16993
17012
17014
17043
17046
17080
17090
17095
17099
17100
17108
17117
17140
17149
17150
17159
17167
17180
17189
17204
17225
17238
17243
17244
17245
17253
17263
17266
17269
17278
17290
17295
17307
17316
17336
17345
17351
17353
17378
17386
17394
17401
17402
17415
17438
17442
17444
17453
17458
17459
17468
17478
17480
17489
17499
17523
17526
17535
17547
17559
17560
17565
17570
17571
17579
17589
17629
17631
17636
17644
17648
17656
17680
17696
17701
17704
17715
17725
17738
17744
17754
17757
17774
17776
17779
17788
17823
17833
17835
17841
17851
17855
17865
17886
17895
17913
17922
17933
17945
17953
17965
17975
17982
17988
17991
18010
18013
18017
18033
18044
18061
18089
18096
18097
18131
18159
18177
18204
18217
18219
18220
18221
18231
18242
18262
18277
18281
18283
18284
18289
18299
18303
18317
18343
18348
18349
18353
18355
18362
18378
18389
18400
18407
18421
18422
18438
18455
18456
18458
18464
18488
18490
18492
18495
18499
18500
18506
18513
18515
18517
18526
18562
18567
18576
18584
18586
18590
18599
18605
18616
18618
18634
18635
18664
18691
18697
18698
18709
18721
18722
18738
18740
18741
18758
18765
18778
18780
18784
18785
18801
18808
18832
18839
18876
18883
18890
18899
18908
18925
18937
18942
18950
18952
18960
18978
18982
18991
19054
19068
19079
19080
19096
19105
19113
19116
19142
19154
19165
19171
19172
19175
19176
19177
19180
19185
19208
19218
19234
19246
19247
19271
19281
19284
19295
19300
19306
19311
19319
19325
19326
19327
19332
19338
19351
19357
19362
19375
19380
19387
19399
19404
19412
19418
19421
19435
19457
19466
19476
19481
19519
19527
19540
19552
19561
19567
19600
19601
19623
19627
19631
19656
19660
19664
19667
19670
19678
19691
19694
19696
19716
19739
19757
19760
19765
19770
19775
19786
19787
19791
19793
19806
19808
19842
19871
19874
19893
19894
19900
19901
19911
19913
19914
19929
19930
19932
19948
19951
19961
19975
19978
19979
19993
19997
19999
20009
20016
20019
20024
20025
20027
20041
20060
20100
20105
20122
20134
20151
20152
20156
20175
20177
20179
20180
20186
20192
20207
20211
20216
20229
20233
20235
20242
20251
20256
20259
20281
20297
20310
20329
20332
20340
20367
20385
20390
20402
20414
20465
20471
20493
20499
20510
20514
20533
20541
20545
20580
20582
20590
20596
20609
20614
20622
20645
20646
20649
20653
20661
20706
20709
20716
20726
20731
20746
20755
20778
20780
20797
20805
20809
20814
20819
20822
20824
20846
20853
20858
20859
20877
20885
20902
20914
20920
20930
20936
20940
20944
20961
20962
20967
20983
20988
20989
21000
21016
21018
21026
21027
21034
21044
21049
21057
21058
21060
21070
21075
21084
21088
21130
21131
21140
21144
21155
21166
21169
21175
21179
21182
21187
21188
21195
21197
21210
21212
21216
21243
21246
21247
21251
21286
21300
21306
21315
21316
21322
21326
21331
21334
21341
21346
21347
21350
21406
21417
21420
21425
21436
21453
21454
21483
21500
21506
21514
21519
21522
21526
21530
21550
21565
21569
21574
21589
21591
21593
21596
21617
21622
21623
21633
21644
21661
21664
21670
21673
21694
21710
21715
21721
21735
21739
21755
21770
21784
21793
21803
21805
21826
21843
21872
21884
21886
21887
21918
21926
21927
21930
21937
21940
21958
21965
21976
21994
22001
22004
22009
22022
22025
22032
22033
22037
22057
22058
22078
22082
22094
22098
22106
22146
22147
22172
22195
22200
22205
22245
22247
22251
22263
22271
22285
22303
22308
22309
22314
22320
22331
22336
22338
22341
22355
22358
22365
22371
22374
22395
22407
22419
22435
22436
22438
22441
22448
22476
22478
22488
22495
22564
22565
22575
22580
22597
22601
22621
22627
22631
22635
22636
22640
22646
22653
22656
22658
22695
22705
22727
22730
22748
22766
22773
22779
22780
22809
22827
22847
22881
22882
22884
22891
22896
22901
22909
22926
22934
22974
22975
22979
22980
22983
22989
22995
23002
23036
23060
23063
23070
23094
23101
23111
23115
23119
23133
23138
23140
23147
23161
23168
23169
23180
23219
23223
23237
23243
23256
23258
23270
23271
23280
23288
23296
23301
23306
23310
23315
23322
23330
23349
23352
23353
23356
23357
23363
23365
23366
23381
23383
23388
23390
23406
23428
23434
23451
23462
23465
23475
23513
23523
23532
23543
23552
23558
23562
23596
23612
23623
23661
23682
23686
23711
23719
23730
23744
23747
23766
23777
23816
23828
23829
23839
23840
23864
23868
23881
23884
23890
23897
23915
23919
23920
23946
23947
23965
23996
24001
24006
24032
24034
24059
24067
24069
24115
24130
24132
24138
24141
24150
24153
24162
24164
24170
24212
24215
24220
24222
24236
24239
24241
24244
24261
24262
24276
24285
24292
24295
24311
24326
24336
24345
24347
24350
24367
24376
24379
24384
24385
24387
24394
24401
24406
24419
24426
24433
24478
24483
24488
24502
24509
24518
24523
24537
24540
24543
24553
24554
24556
24581
24587
24599
24601
24614
24616
24626
24629
24634
24656
24663
24676
24692
24694
24704
24716
24718
24724
24725
24738
24741
24742
24760
24784
24791
24816
24818
24825
24829
24840
24848
24858
24872
24873
24875
24880
24886
24895
24928
24939
24940
24946
24965
24971
24974
24975
24977
24981
24988
24998
25004
25018
25020
25032
25040
25080
25097
25104
25120
25139
25148
25167
25174
25179
25191
25204
25228
25230
25234
25253
25268
25283
25285
25291
25302
25328
25342
25350
25383
25409
25410
25422
25423
25424
25447
25451
25461
25469
25474
25475
25479
25507
25508
25543
25551
25564
25569
25573
25582
25590
25599
25603
25604
25609
25615
25637
25639
25665
25680
25681
25711
25722
25724
25730
25731
25735
25749
25751
25754
25772
25786
25802
25803
25806
25829
25840
25847
25848
25872
25897
25900
25922
25997
26005
26025
26027
26033
26047
26049
26051
26062
26063
26067
26069
26076
26101
26117
26128
26129
26131
26132
26142
26155
26156
26166
26176
26188
26197
26202
26210
26212
26213
26216
26230
26238
26244
26247
26260
26276
26288
26340
26346
26358
26377
26381
26388
26415
26423
26437
26454
26459
26477
26478
26485
26505
26511
26540
26547
26561
26567
26571
26627
26629
26654
26659
26664
26665
26669
26701
26720
26724
26728
26729
26762
26776
26792
26803
26805
26806
26808
26816
26832
26847
26852
26870
26873
26877
26895
26900
26925
26933
26937
26940
26962
26983
26993
26997
27005
27008
27011
27015
27058
27060
27095
27101
27103
27105
27114
27128
27142
27153
27160
27164
27173
27178
27183
27186
27204
27239
27255
27282
27284
27288
27293
27294
27299
27306
27311
27315
27319
27320
27331
27333
27334
27336
27339
27340
27341
27344
27355
27371
27401
27409
27422
27423
27434
27444
27454
27455
27472
27476
27503
27508
27516
27518
27519
27521
27522
27538
27542
27544
27564
27572
27584
27585
27600
27608
27614
27633
27636
27656
27666
27673
27675
27706
27709
27710
27714
27717
27721
27771
27814
27819
27822
27844
27865
27912
27937
27967
27970
27977
28000
28005
28016
28024
28025
28026
28030
28033
28042
28057
28061
28070
28072
28077
28080
28087
28094
28121
28124
28127
28139
28142
28144
28147
28167
28186
28187
28196
28203
28204
28212
28237
28250
28260
28263
28265
28267
28284
28297
28310
28329
28330
28332
28346
28353
28362
28368
28375
28384
28386
28394
28395
28413
28416
28417
28448
28449
28469
28476
28485
28487
28488
28498
28524
28546
28572
28574
28580
28610
28613
28615
28621
28623
28646
28656
28671
28686
28691
28702
28708
28712
28732
28741
28753
28760
28762
28763
28785
28797
28820
28827
28828
28830
28846
28866
28875
28895
28896
28898
28915
28916
28925
28935
28936
28937
28939
28947
28953
28974
28978
28993
28994
29030
29033
29039
29044
29059
29076
29083
29086
29087
29109
29112
29114
29117
29139
29148
29163
29172
29177
29187
29188
29214
29222
29234
29267
29270
29285
29299
29318
29332
29340
29359
29375
29382
29391
29406
29407
29409
29413
29416
29423
29429
29432
29444
29447
29450
29479
29493
29509
29516
29520
29522
29534
29549
29566
29570
29589
29592
29610
29630
29637
29649
29650
29668
29684
29695
29712
29722
29735
29744
29750
29767
29770
29772
29775
29782
29793
29803
29804
29805
29826
29843
29850
29857
29869
29873
29902
29907
29912
29939
29941
29947
29964
29981
29983
30000
30090
30094
30095
30100
30105
30127
30150
30160
30169
30177
30190
30207
30214
30225
30228
30232
30234
30255
30279
30282
30317
30327
30333
30375
30412
30421
30427
30428
30446
30453
30459
30463
30466
30476
30491
30502
30520
30529
30532
30552
30569
30584
30592
30615
30619
30623
30635
30643
30661
30701
30705
30716
30718
30728
30756
30763
30764
30783
30797
30798
30822
30823
30825
30838
30845
30846
30862
30865
30892
30895
30913
30916
30953
30968
30972
30982
30983
30999
31009
31013
31033
31035
31037
31039
31053
31055
31068
31069
31085
31093
31120
31138
31142
31148
31153
31230
31233
31235
31251
31254
31261
31287
31297
31308
31321
31326
31341
31345
31349
31357
31370
31376
31380
31387
31401
31403
31405
31431
31434
31447
31448
31464
31466
31472
31474
31496
31508
31511
31518
31520
31527
31549
31551
31560
31600
31603
31623
31655
31666
31686
31689
31702
31720
31740
31749
31750
31751
31756
31762
31767
31770
31803
31805
31823
31824
31843
31859
31865
31871
31888
31903
31905
31911
31920
31928
31929
31930
31933
31940
31942
31946
31950
31954
31964
31972
31978
31983
31991
31994
32007
32016
32048
32051
32055
32057
32065
32067
32071
32090
32093
32098
32118
32143
32144
32159
32165
32177
32179
32186
32191
32192
32193
32196
32199
32217
32222
32229
32234
32254
32266
32267
32270
32280
32285
32288
32289
32311
32318
32333
32352
32354
32365
32389
32398
32407
32420
32424
32428
32434
32441
32449
32467
32468
32475
32483
32485
32486
32495
32498
32517
32520
32522
32531
32556
32588
32616
32620
32624
32629
32640
32643
32688
32705
32707
32737
32740
32741
32747
32749
32766
32782
32799
32806
32818
32822
32824
32830
32833
32834
32848
32850
32900
32902
32907
32913
32917
32918
32922
32923
32927
32930
32960
32964
32965
32967
32983
32994
33015
33036
33037
33039
33047
33048
33053
33067
33069
33081
33087
33103
33110
33116
33137
33143
33146
33154
33169
33173
33183
33190
33206
33208
33223
33225
33235
33240
33259
33262
33265
33274
33283
33287
33293
33313
33324
33353
33360
33365
33369
33388
33393
33396
33443
33450
33457
33464
33482
33494
33496
33497
33501
33513
33523
33524
33527
33529
33536
33542
33545
33583
33592
33604
33621
33657
33663
33690
33691
33719
33736
33764
33775
33776
33778
33791
33793
33797
33814
33816
33820
33842
33862
33867
33879
33881
33906
33912
33914
33955
33959
33968
33977
33979
33987
34019
34028
34029
34035
34037
34039
34040
34041
34070
34092
34100
34104
34108
34119
34124
34143
34144
34155
34157
34166
34177
34195
34210
34220
34223
34237
34244
34263
34276
34312
34320
34337
34344
34345
34357
34366
34370
34377
34383
34384
34387
34391
34394
34405
34416
34435
34438
34439
34448
34450
34467
34471
34476
34483
34486
34513
34524
34528
34536
34548
34558
34580
34583
34590
34599
34611
34621
34644
34651
34652
34655
34676
34690
34698
34711
34719
34743
34756
34764
34771
34779
34780
34781
34793
34799
34837
34864
34867
34869
34895
34897
34905
34914
34934
34939
34954
34957
34980
34987
34992
35013
35055
35062
35071
35072
35077
35100
35111
35121
35160
35167
35175
35185
35194
35207
35211
35224
35235
35237
35238
35261
35264
35267
35284
35285
35291
35302
35305
35312
35321
35330
35332
35342
35355
35362
35365
35377
35380
35381
35382
35395
35406
35423
35448
35454
35470
35471
35473
35477
35479
35485
35494
35498
35511
35525
35529
35536
35545
35551
35565
35567
35568
35569
35576
35580
35585
35588
35613
35625
35630
35634
35649
35650
35656
35661
35662
35669
35685
35705
35720
35752
35772
35787
35794
35817
35825
35853
35855
35860
35879
35885
35887
35893
35896
35898
35910
35914
35918
35928
35932
35956
35960
35991
35995
36006
36022
36025
36038
36053
36068
36077
36084
36111
36126
36139
36141
36158
36186
36194
36203
36227
36253
36266
36274
36276
36282
36291
36305
36312
36314
36315
36330
36353
36356
36361
36370
36383
36387
36391
36401
36406
36408
36414
36418
36422
36432
36447
36449
36470
36475
36496
36506
36520
36525
36526
36541
36542
36548
36557
36559
36571
36573
36576
36584
36586
36591
36596
36605
36610
36626
36632
36636
36648
36662
36695
36701
36703
36722
36733
36741
36742
36745
36779
36781
36785
36796
36797
36803
36813
36816
36837
36878
36910
36912
36916
36917
36919
36920
36926
36935
36947
36994
37000
37013
37022
37023
37045
37054
37064
37081
37085
37091
37100
37115
37117
37132
37134
37141
37162
37170
37179
37195
37199
37204
37209
37221
37267
37271
37298
37315
37321
37326
37334
37343
37383
37386
37428
37429
37437
37451
37453
37478
37501
37518
37528
37529
37533
37535
37550
37561
37570
37583
37597
37604
37607
37622
37631
37654
37659
37671
37674
37678
37680
37687
37688
37689
37693
37701
37715
37726
37728
37736
37743
37751
37754
37758
37768
37772
37774
37776
37779
37789
37797
37801
37810
37817
37818
37822
37823
37830
37861
37864
37881
37895
37897
37918
37937
37966
37971
37973
37999
38005
38023
38027
38033
38037
38051
38058
38063
38068
38085
38095
38102
38115
38126
38127
38131
38136
38157
38172
38177
38187
38197
38239
38241
38245
38256
38266
38267
38293
38312
38313
38321
38327
38330
38336
38346
38350
38357
38362
38383
38384
38385
38397
38399
38408
38424
38434
38435
38446
38461
38488
38497
38502
38507
38523
38566
38602
38628
38631
38651
38662
38669
38692
38696
38710
38723
38738
38740
38741
38747
38748
38753
38764
38765
38769
38772
38777
38782
38784
38803
38807
38822
38828
38835
38842
38846
38849
38861
38875
38887
38905
38907
38908
38909
38913
38915
38945
38966
38969
38974
38989
38991
39011
39016
39019
39021
39036
39041
39047
39058
39060
39073
39077
39089
39090
39096
39128
39144
39146
39158
39190
39199
39202
39226
39245
39246
39258
39274
39281
39295
39298
39304
39306
39309
39336
39341
39349
39350
39357
39359
39374
39408
39428
39442
39450
39458
39462
39505
39508
39509
39516
39531
39540
39541
39549
39552
39562
39567
39594
39598
39599
39606
39608
39609
39611
39631
39644
39655
39660
39662
39666
39668
39688
39713
39723
39735
39744
39749
39754
39764
39771
39792
39814
39816
39822
39823
39827
39830
39833
39845
39883
39894
39900
39902
39916
39921
39924
39928
39937
39943
39945
39987
39996
40004
40063
40064
40076
40091
40092
40098
40102
40114
40115
40116
40121
40127
40128
40134
40136
40157
40158
40161
40166
40193
40206
40214
40226
40232
40237
40241
40244
40270
40283
40284
40290
40301
40306
40317
40323
40324
40326
40327
40347
40350
40365
40369
40372
40375
40382
40391
40392
40393
40428
40432
40490
40505
40518
40521
40526
40530
40535
40536
40554
40558
40570
40581
40586
40595
40606
40611
40614
40632
40636
40642
40661
40662
40663
40664
40669
40679
40685
40688
40691
40697
40712
40748
40753
40755
40781
40788
40797
40805
40815
40853
40856
40869
40875
40877
40883
40885
40890
40905
40921
40938
40957
40959
40964
40983
40990
40996
41003
41007
41009
41063
41064
41068
41071
41074
41087
41093
41097
41104
41106
41118
41151
41171
41177
41212
41219
41224
41230
41233
41239
41248
41264
41273
41290
41293
41296
41298
41316
41322
41326
41344
41347
41372
41377
41381
41386
41405
41410
41417
41418
41426
41434
41462
41480
41488
41492
41511
41513
41515
41516
41534
41542
41543
41554
41565
41571
41574
41578
41599
41601
41616
41634
41646
41678
41681
41684
41689
41701
41713
41718
41727
41742
41752
41759
41765
41774
41779
41789
41803
41813
41845
41846
41869
41875
41878
41889
41895
41941
41947
41949
41954
41957
41983
41988
41994
42004
42021
42029
42052
42055
42056
42063
42066
42079
42080
42087
42088
42125
42128
42141
42142
42153
42158
42183
42201
42212
42223
42230
42247
42269
42276
42284
42287
42296
42298
42317
42319
42331
42338
42341
42347
42359
42367
42384
42393
42399
42404
42407
42421
42431
42434
42442
42474
42496
42500
42501
42509
42511
42518
42522
42537
42546
42566
42570
42573
42579
42585
42597
42611
42617
42619
42645
42647
42668
42681
42688
42692
42694
42697
42698
42712
42714
42734
42738
42760
42770
42771
42773
42781
42787
42788
42789
42793
42799
42824
42828
42836
42871
42879
42894
42895
42910
42934
42941
42948
42953
42958
42966
42970
42977
42982
42999
43015
43018
43036
43060
43064
43068
43075
43079
43089
43122
43124
43152
43153
43187
43188
43194
43208
43210
43218
43235
43248
43253
43255
43267
43269
43277
43296
43302
43303
43331
43334
43337
43343
43352
43357
43367
43400
43402
43405
43418
43426
43439
43440
43441
43452
43455
43466
43502
43508
43515
43522
43526
43550
43576
43585
43591
43595
43600
43643
43659
43666
43671
43673
43678
43681
43700
43722
43733
43743
43753
43758
43783
43792
43798
43808
43810
43824
43826
43830
43869
43876
43894
43897
43899
43922
43929
43935
43937
43939
43964
43965
43967
43982
43996
44002
44012
44017
44028
44031
44048
44056
44057
44060
44062
44066
44130
44162
44164
44170
44176
44177
44181
44188
44200
44208
44210
44224
44226
44235
44242
44245
44246
44248
44259
44266
44288
44293
44299
44302
44303
44313
44337
44342
44343
44357
44358
44371
44382
44384
44401
44407
44411
44437
44443
44458
44459
44463
44506
44535
44549
44550
44573
44578
44593
44615
44664
44668
44690
44692
44698
44701
44704
44707
44708
44717
44722
44737
44749
44760
44762
44770
44787
44800
44804
44813
44817
44841
44847
44858
44878
44879
44886
44902
44908
44918
44933
44935
44953
44972
44974
44991
45019
45020
45093
45103
45132
45144
45146
45172
45183
45188
45195
45227
45236
45245
45255
45263
45266
45267
45273
45289
45310
45313
45317
45346
45356
45369
45373
45399
45400
45403
45407
45409
45417
45420
45422
45435
45436
45443
45444
45448
45449
45466
45467
45478
45492
45504
45513
45525
45535
45540
45549
45553
45568
45573
45582
45596
45605
45606
45651
45670
45677
45680
45687
45691
45713
45716
45725
45734
45754
45763
45766
45771
45772
45786
45821
45826
45834
45839
45848
45864
45874
45880
45884
45917
45922
45925
45949
45965
45978
46001
46008
46027
46029
46045
46051
46052
46061
46076
46093
46095
46100
46102
46103
46110
46116
46120
46123
46128
46133
46137
46138
46165
46173
46179
46180
46182
46185
46194
46205
46208
46211
46214
46215
46249
46253
46256
46257
46269
46274
46285
46296
46299
46301
46304
46339
46344
46350
46352
46356
46362
46363
46364
46420
46421
46430
46439
46441
46445
46453
46472
46474
46482
46503
46505
46516
46545
46551
46554
46572
46573
46576
46592
46594
46596
46603
46612
46620
46632
46638
46651
46661
46682
46695
46700
46707
46717
46719
46752
46753
46796
46806
46810
46828
46832
46836
46841
46843
46846
46857
46877
46889
46934
46942
46952
46974
46981
46982
46987
47035
47040
47058
47061
47071
47110
47112
47120
47125
47128
47135
47136
47150
47157
47176
47181
47182
47202
47223
47224
47225
47232
47244
47251
47253
47274
47275
47278
47292
47313
47327
47358
47361
47375
47384
47386
47428
47437
47449
47470
47494
47545
47569
47571
47573
47577
47584
47586
47589
47598
47601
47607
47636
47655
47657
47659
47663
47666
47674
47688
47694
47696
47704
47728
47766
47776
47794
47823
47831
47861
47881
47890
47902
47914
47917
47920
47939
47942
47943
47944
47947
47961
47962
47967
47972
47978
47979
47992
47998
48011
48036
48053
48055
48063
48105
48107
48109
48112
48119
48135
48139
48140
48153
48162
48164
48189
48227
48230
48244
48247
48250
48261
48265
48281
48316
48334
48347
48351
48410
48411
48423
48429
48430
48434
48450
48451
48454
48461
48476
48483
48487
48496
48506
48509
48517
48548
48553
48555
48558
48560
48561
48565
48567
48569
48580
48589
48607
48621
48633
48636
48646
48648
48663
48666
48675
48680
48681
48707
48708
48712
48719
48722
48730
48747
48763
48778
48792
48799
48808
48811
48824
48830
48838
48841
48844
48847
48858
48861
48866
48886
48892
48896
48906
48939
48940
48941
48943
48951
48960
48967
48968
48996
49059
49061
49070
49072
49091
49096
49104
49119
49132
49135
49137
49145
49158
49191
49198
49201
49211
49216
49224
49235
49236
49239
49246
49249
49261
49291
49350
49360
49361
49362
49421
49435
49438
49441
49444
49456
49463
49467
49484
49494
49501
49522
49530
49538
49541
49546
49563
49567
49571
49582
49591
49595
49612
49620
49623
49627
49645
49647
49648
49654
49659
49664
49675
49701
49703
49712
49724
49733
49737
49738
49741
49751
49756
49777
49785
49793
49809
49825
49835
49869
49870
49873
49877
49890
49917
49934
49948
49951
49957
49960
49964
49973
49977
49984
49990
50000
50002
50009
50012
50039
50040
50041
50055
50061
50067
50073
50075
50084
50096
50097
50099
50101
50102
50119
50127
50150
50153
50155
50157
50160
50194
50200
50219
50224
50226
50228
50230
50246
50282
50336
50367
50372
50375
50441
50443
50449
50450
50455
50461
50488
50498
50504
50509
50513
50515
50524
50527
50530
50533
50546
50549
50568
50603
50606
50619
50620
50628
50641
50651
50658
50659
50671
50673
50679
50682
50685
50692
50702
50715
50720
50730
50739
50744
50748
50757
50764
50771
50774
50796
50804
50835
50837
50897
50899
50913
50921
50925
50928
50945
50969
50978
50983
50989
50999
51007
51028
51049
51064
51068
51070
51078
51083
51110
51119
51131
51143
51155
51158
51194
51200
51201
51207
51226
51235
51245
51247
51252
51260
51265
51266
51274
51277
51289
51303
51311
51324
51334
51342
51351
51357
51368
51378
51379
51405
51423
51430
51431
51432
51441
51450
51453
51455
51456
51458
51470
51472
51479
51491
51494
51506
51519
51526
51545
51560
51562
51565
51625
51627
51631
51640
51644
51671
51678
51695
51709
51715
51722
51724
51730
51731
51762
51770
51798
51808
51809
51828
51844
51856
51864
51876
51879
51883
51898
51899
51916
51918
51926
51947
51994
52003
52009
52038
52057
52065
52071
52075
52076
52078
52096
52105
52153
52160
52176
52180
52181
52190
52204
52212
52214
52219
52223
52241
52258
52259
52261
52272
52286
52306
52332
52344
52348
52357
52358
52372
52398
52404
52459
52461
52504
52520
52522
52524
52525
52545
52558
52563
52564
52580
52582
52620
52630
52636
52644
52646
52649
52663
52723
52728
52738
52764
52775
52790
52804
52805
52809
52814
52819
52820
52824
52828
52831
52835
52841
52847
52849
52853
52873
52874
52884
52899
52920
52924
52931
52947
52999
53011
53013
53015
53019
53044
53054
53055
53062
53079
53089
53098
53110
53136
53151
53154
53175
53185
53189
53191
53206
53209
53232
53235
53244
53246
53260
53267
53270
53276
53300
53304
53307
53317
53319
53337
53340
53341
53349
53379
53401
53404
53413
53417
53436
53445
53448
53449
53450
53472
53486
53488
53518
53550
53580
53592
53602
53605
53606
53619
53627
53637
53654
53662
53681
53684
53686
53697
53720
53737
53753
53757
53758
53766
53772
53775
53781
53794
53803
53807
53842
53850
53876
53896
53907
53908
53912
53921
53931
53935
53936
53949
53953
53978
53992
53995
54021
54031
54035
54046
54061
54070
54073
54114
54121
54131
54134
54136
54148
54150
54153
54163
54173
54174
54175
54177
54190
54219
54221
54228
54234
54247
54268
54306
54307
54322
54337
54348
54358
54407
54430
54441
54460
54461
54466
54469
54474
54483
54485
54502
54507
54521
54526
54530
54531
54546
54583
54595
54609
54627
54628
54630
54670
54680
54685
54687
54690
54702
54703
54731
54759
54776
54804
54805
54814
54821
54860
54871
54879
54886
54896
54905
54926
54935
54940
54944
54952
54958
54959
54960
54968
54978
54982
55007
55009
55023
55024
55035
55051
55066
55077
55087
55099
55103
55107
55113
55115
55117
55119
55133
55134
55137
55147
55152
55156
55176
55189
55196
55197
55203
55208
55230
55239
55242
55243
55252
55277
55278
55294
55297
55303
55304
55310
55317
55334
55342
55347
55354
55361
55371
55375
55376
55379
55411
55413
55419
55421
55445
55471
55484
55486
55487
55506
55509
55522
55538
55558
55561
55577
55581
55625
55631
55661
55669
55679
55680
55701
55704
55710
55711
55725
55735
55752
55753
55771
55772
55789
55805
55807
55808
55813
55835
55840
55847
55850
55853
55886
55888
55904
55905
55911
55925
55929
55949
55951
55968
55976
55986
55989
55990
56018
56026
56030
56064
56066
56070
56100
56109
56112
56117
56140
56141
56146
56164
56165
56190
56192
56206
56211
56229
56240
56268
56269
56277
56287
56296
56297
56301
56314
56315
56316
56326
56327
56330
56348
56366
56379
56384
56385
56398
56413
56417
56424
56437
56438
56450
56457
56465
56505
56519
56522
56524
56527
56530
56532
56542
56543
56553
56561
56569
56574
56579
56589
56596
56600
56601
56605
56608
56613
56620
56637
56649
56658
56660
56666
56670
56676
56681
56693
56698
56700
56704
56706
56733
56743
56749
56754
56756
56774
56780
56785
56814
56823
56825
56851
56855
56881
56906
56910
56920
56964
56970
56994
57009
57010
57027
57030
57046
57066
57074
57087
57093
57103
57114
57117
57118
57136
57142
57146
57157
57160
57166
57177
57180
57191
57200
57253
57256
57259
57262
57266
57285
57301
57303
57316
57319
57346
57364
57365
57371
57373
57378
57389
57390
57392
57397
57403
57406
57408
57409
57433
57434
57435
57446
57448
57453
57480
57501
57503
57538
57540
57556
57557
57559
57571
57596
57615
57624
57626
57635
57658
57670
57679
57689
57707
57713
57714
57720
57734
57744
57755
57764
57768
57770
57781
57797
57798
57800
57810
57817
57822
57828
57840
57848
57850
57871
57879
57882
57889
57901
57905
57914
57916
57919
57930
57932
57940
57953
57973
57990
58022
58025
58060
58063
58069
58084
58091
58094
58098
58114
58134
58138
58141
58144
58164
58186
58203
58209
58226
58236
58279
58291
58322
58324
58327
58332
58353
58381
58391
58395
58403
58450
58456
58466
58467
58471
58479
58492
58522
58546
58554
58557
58578
58605
58618
58623
58640
58642
58664
58673
58681
58691
58693
58699
58700
58702
58714
58726
58737
58751
58752
58756
58776
58785
58787
58795
58825
58827
58840
58845
58863
58867
58872
58886
58898
58903
58907
58915
58932
58937
58944
58945
58946
58962
58964
58971
58974
58977
58994
59000
59002
59035
59049
59137
59149
59158
59170
59172
59179
59187
59197
59198
59258
59266
59273
59278
59297
59298
59310
59315
59323
59337
59339
59340
59341
59347
59362
59363
59409
59429
59446
59456
59458
59464
59472
59493
59501
59518
59548
59561
59573
59575
59580
59585
59586
59625
59650
59655
59656
59669
59674
59678
59684
59722
59727
59734
59744
59766
59771
59783
59793
59801
59821
59832
59833
59842
59864
59882
59902
59909
59918
59924
59925
59936
59954
59981
59996
