4
19
22
33
43
45
48
54
57
62
80
87
110
116
133
139
153
154
162
167
170
172
176
183
195
219
226
227
247
264
267
280
282
304
313
314
319
322
346
350
362
374
383
389
409
419
423
424
434
441
460
471
482
487
501
503
514
520
525
529
542
550
560
566
580
582
583
595
600
601
602
621
626
631
641
686
704
707
727
741
744
755
764
782
788
793
800
806
812
821
827
864
887
900
902
925
929
930
932
940
974
980
1005
1016
1027
1036
1038
1056
1061
1062
1066
1076
1103
1108
1112
1116
1122
1138
1142
1147
1167
1169
1173
1177
1194
1221
1235
1250
1256
1274
1282
1284
1286
1291
1305
1307
1316
1333
1352
1355
1360
1364
1370
1383
1396
1399
1401
1410
1416
1421
1426
1441
1455
1459
1462
1465
1500
1507
1518
1522
1546
1552
1555
1560
1569
1574
1591
1610
1612
1620
1622
1623
1632
1643
1659
1674
1684
1695
1720
1728
1732
1733
1736
1740
1748
1751
1766
1794
1811
1820
1850
1855
1882
1884
1895
1903
1905
1912
1925
1937
1940
1949
1950
1960
1962
1968
1984
2006
2009
2033
2041
2047
2060
2099
2116
2119
2137
2140
2141
2199
2216
2219
2221
2247
2253
2267
2271
2274
2284
2286
2288
2299
2312
2331
2351
2370
2371
2385
2398
2434
2453
2460
2465
2471
2494
2509
2514
2520
2521
2553
2559
2562
2579
2595
2600
2613
2640
2643
2649
2696
2697
2703
2712
2722
2728
2763
2764
2766
2779
2787
2793
2795
2797
2798
2804
2815
2821
2860
2911
2923
2924
2931
2934
2953
2956
2973
2989
2997
3000
3020
3022
3030
3044
3055
3063
3069
3076
3083
3084
3090
3099
3104
3121
3135
3146
3164
3169
3173
3174
3186
3190
3193
3202
3205
3227
3232
3238
3256
3257
3263
3265
3277
3284
3292
3296
3302
3310
3311
3316
3322
3346
3348
3355
3359
3371
3382
3389
3398
3414
3447
3465
3483
3488
3506
3508
3510
3511
3519
3528
3533
3566
3594
3598
3614
3621
3636
3645
3649
3653
3663
3696
3704
3742
3745
3746
3760
3773
3781
3784
3785
3786
3787
3796
3815
3818
3825
3827
3834
3852
3867
3874
3883
3904
3912
3913
3925
3927
3935
3967
3970
3977
3982
3987
3991
3998
4025
4026
4032
4045
4050
4060
4065
4085
4091
4092
4093
4095
4117
4118
4122
4124
4127
4158
4161
4202
4206
4209
4219
4222
4229
4244
4260
4277
4291
4306
4307
4313
4315
4320
4323
4329
4345
4350
4362
4377
4378
4399
4425
4456
4459
4466
4483
4503
4508
4523
4544
4555
4568
4578
4589
4594
4606
4611
4627
4630
4663
4667
4671
4678
4689
4690
4693
4695
4720
4747
4754
4769
4771
4788
4811
4816
4821
4826
4830
4831
4879
4894
4895
4901
4902
4912
4916
4929
4932
4936
4949
4968
4969
4973
4975
4979
4983
4989
4996
5008
5017
5024
5044
5045
5062
5063
5093
5106
5125
5130
5137
5142
5165
5171
5172
5185
5201
5208
5209
5212
5224
5229
5233
5261
5276
5282
5289
5316
5339
5341
5350
5358
5362
5371
5386
5390
5391
5402
5404
5411
5426
5440
5454
5457
5459
5492
5501
5503
5514
5518
5522
5523
5532
5538
5539
5544
5558
5559
5572
5589
5592
5595
5600
5607
5614
5645
5658
5664
5672
5701
5705
5718
5726
5740
5745
5746
5765
5794
5797
5803
5806
5817
5829
5836
5860
5865
5868
5869
5874
5878
5892
5893
5898
5901
5918
5937
5940
5943
5946
5964
5979
5992
5999
6010
6019
6036
6041
6042
6051
6061
6073
6074
6078
6084
6088
6089
6092
6100
6121
6127
6145
6149
6155
6156
6162
6166
6174
6191
6205
6225
6234
6262
6263
6272
6285
6294
6295
6301
6306
6314
6334
6345
6368
6376
6382
6383
6438
6439
6459
6460
6479
6491
6514
6518
6535
6542
6564
6577
6589
6599
6625
6641
6643
6661
6668
6679
6694
6699
6717
6727
6734
6741
6748
6751
6765
6769
6779
6787
6790
6813
6820
6821
6838
6842
6846
6850
6872
6886
6893
6918
6922
6934
6950
6964
6969
6982
6993
7006
7010
7013
7016
7023
7053
7056
7061
7069
7070
7071
7083
7087
7098
7108
7110
7116
7118
7129
7131
7148
7155
7157
7171
7180
7194
7198
7200
7201
7208
7217
7233
7240
7241
7245
7251
7252
7256
7258
7264
7269
7274
7312
7333
7335
7348
7365
7367
7381
7407
7416
7430
7447
7468
7470
7474
7478
7505
7511
7518
7528
7529
7538
7541
7545
7550
7602
7620
7623
7627
7632
7667
7680
7683
7690
7693
7702
7704
7713
7714
7727
7733
7742
7750
7755
7756
7773
7774
7791
7798
7805
7811
7812
7822
7853
7873
7886
7890
7893
7904
7922
7936
7940
7946
7947
7949
7952
7977
8005
8012
8015
8030
8035
8036
8059
8060
8066
8085
8111
8127
8141
8155
8165
8185
8199
8216
8220
8231
8271
8276
8287
8301
8308
8315
8316
8318
8321
8322
8329
8356
8358
8363
8393
8404
8408
8409
8416
8424
8439
8440
8448
8468
8486
8487
8492
8503
8510
8514
8518
8525
8546
8547
8555
8558
8563
8581
8585
8586
8592
8601
8608
8620
8626
8630
8641
8654
8669
8671
8674
8702
8714
8721
8736
8745
8750
8751
8769
8776
8802
8837
8842
8847
8851
8899
8902
8932
8953
8968
8971
8979
8998
8999
9002
9041
9051
9061
9066
9070
9114
9118
9119
9128
9129
9132
9150
9167
9176
9191
9215
9225
9229
9238
9247
9265
9275
9294
9304
9306
9308
9311
9343
9346
9347
9357
9372
9390
9407
9425
9428
9437
9447
9448
9469
9481
9483
9503
9504
9532
9603
9614
9630
9631
9633
9642
9654
9655
9673
9683
9708
9713
9728
9729
9731
9751
9752
9754
9758
9771
9784
9791
9810
9825
9827
9835
9838
9846
9870
9876
9889
9893
9896
9933
9938
9941
9949
9950
9968
9991
9998
10003
10004
10023
10028
10038
10043
10047
10055
10059
10070
10088
10094
10102
10105
10109
10112
10117
10132
10142
10143
10166
10183
10184
10186
10193
10198
10208
10219
10232
10235
10249
10284
10305
10306
10333
10341
10361
10374
10376
10381
10382
10387
10410
10414
10428
10438
10443
10445
10449
10464
10476
10478
10480
10501
10507
10516
10524
10529
10539
10576
10577
10588
10597
10613
10614
10621
10623
10646
10658
10660
10681
10685
10706
10717
10721
10722
10752
10761
10772
10774
10780
10784
10794
10799
10808
10810
10819
10820
10823
10839
10848
10857
10860
10867
10883
10906
10929
10942
10944
10951
10955
10970
10977
11001
11015
11068
11072
11074
11078
11089
11090
11096
11102
11103
11123
11139
11150
11151
11169
11175
11177
11186
11190
11194
11196
11202
11205
11208
11212
11215
11223
11224
11225
11245
11246
11252
11276
11280
11293
11300
11313
11329
11333
11353
11366
11367
11373
11376
11385
11388
11392
11401
11415
11416
11423
11442
11452
11464
11465
11474
11485
11515
11527
11536
11538
11550
11557
11580
11582
11593
11603
11616
11617
11626
11628
11633
11647
11668
11669
11688
11698
11745
11746
11762
11775
11814
11816
11820
11825
11830
11840
11847
11853
11862
11867
11884
11891
11897
11900
11903
11906
11909
11912
11918
11924
11925
11926
11931
11934
11947
11957
11970
11979
11980
11990
11991
11992
12003
12006
12029
12050
12051
12059
12061
12074
12080
12096
12120
12127
12131
12160
12162
12171
12172
12179
12200
12202
12203
12237
12240
12246
12257
12272
12277
12280
12294
12297
12301
12305
12315
12320
12342
12344
12355
12361
12368
12369
12389
12406
12417
12422
12425
12429
12432
12440
12442
12443
12475
12480
12496
12515
12529
12531
12535
12562
12563
12570
12600
12607
12614
12624
12629
12646
12651
12661
12669
12674
12696
12708
12721
12738
12739
12751
12767
12768
12773
12789
12825
12832
12833
12840
12846
12852
12868
12884
12889
12894
12900
12903
12910
12914
12925
12945
12946
12965
12989
12996
12999
13002
13012
13028
13032
13034
13041
13045
13049
13050
13057
13063
13072
13086
13088
13096
13108
13111
13115
13116
13130
13153
13173
13178
13189
13194
13209
13235
13247
13266
13269
13270
13278
13289
13304
13308
13323
13326
13356
13358
13359
13361
13362
13395
13409
13414
13425
13428
13429
13435
13437
13439
13456
13461
13462
13465
13472
13480
13499
13526
13530
13557
13563
13572
13573
13616
13617
13646
13652
13666
13668
13672
13678
13687
13692
13695
13698
13717
13720
13739
13742
13752
13757
13763
13768
13791
13797
13801
13805
13806
13851
13871
13887
13890
13891
13893
13897
13904
13932
13936
13945
13949
13982
13996
13997
13998
14010
14015
14037
14042
14057
14058
14077
14082
14116
14117
14120
14127
14142
14146
14151
14164
14182
14208
14216
14217
14222
14239
14240
14249
14281
14289
14306
14317
14324
14331
14332
14336
14358
14364
14407
14409
14434
14436
14442
14443
14456
14459
14476
14479
14484
14493
14497
14502
14504
14541
14547
14554
14579
14580
14598
14607
14627
14647
14662
14680
14681
14696
14699
14716
14726
14735
14743
14744
14762
14773
14787
14790
14796
14815
14818
14822
14827
14842
14843
14844
14875
14884
14886
14888
14895
14915
14922
14928
14931
14934
14943
14950
14956
14974
14977
14982
14984
14985
14988
15018
15029
15049
15063
15072
15079
15089
15112
15117
15124
15128
15131
15146
15151
15162
15165
15167
15170
15171
15176
15194
15195
15212
15222
15235
15239
15244
15253
15268
15302
15312
15323
15349
15354
15357
15360
15367
15369
15373
15387
15395
15413
15414
15433
15489
15498
15503
15512
15517
15541
15553
15560
15562
15584
15593
15601
15602
15609
15644
15653
15654
15658
15659
15666
15670
15693
15709
15710
15725
15728
15741
15745
15746
15750
15755
15827
15832
15837
15844
15852
15858
15860
15881
15894
15899
15902
15912
15913
15944
15972
15987
15991
16005
16006
16008
16020
16034
16035
16039
16053
16055
16067
16082
16103
16106
16117
16132
16137
16147
16149
16152
16173
16175
16181
16185
16193
16201
16250
16253
16256
16261
16270
16280
16303
16319
16330
16333
16341
16342
16360
16368
16388
16409
16413
16421
16422
16445
16451
16459
16463
16470
16476
16477
16480
16481
16488
16515
16522
16548
16561
16568
16570
16580
16581
16588
16602
16617
16622
16628
16673
16702
16704
16727
16731
16734
16751
16753
16770
16775
16776
16778
16799
16801
16804
16806
16814
16815
16816
16827
16829
16837
16839
16846
16853
16854
16859
16878
16881
16884
16918
16919
16934
16953
16967
16968
16973
16981
16992
17002
17019
17081
17092
17095
17102
17107
17119
17142
17147
17165
17166
17167
17181
17186
17190
17195
17211
17226
17234
17235
17283
17296
17297
17310
17311
17317
17319
17323
17342
17346
17347
17363
17377
17384
17398
17410
17427
17445
17447
17455
17463
17475
17501
17517
17529
17531
17550
17551
17562
17570
17571
17591
17597
17612
17622
17626
17644
17649
17656
17666
17671
17674
17689
17692
17698
17702
17707
17708
17720
17723
17737
17758
17785
17792
17793
17798
17817
17824
17826
17827
17831
17848
17858
17860
17861
17888
17896
17903
17921
17939
17958
17959
17972
17978
17983
17987
17989
17994
18009
18015
18021
18027
18043
18051
18057
18060
18082
18091
18106
18111
18118
18131
18138
18143
18146
18153
18156
18166
18175
18187
18193
18211
18228
18241
18251
18277
18296
18350
18355
18371
18374
18377
18382
18387
18401
18405
18437
18441
18448
18458
18475
18500
18506
18510
18529
18531
18552
18554
18558
18561
18562
18579
18598
18610
18624
18628
18633
18653
18666
18668
18669
18677
18680
18688
18694
18697
18722
18728
18731
18733
18738
18744
18746
18747
18755
18756
18777
18786
18797
18807
18813
18820
18859
18860
18874
18883
18885
18916
18935
18944
18959
18960
18973
18976
18984
18985
18996
19007
19024
19030
19042
19045
19047
19077
19085
19098
19109
19120
19126
19140
19143
19144
19147
19163
19178
19185
19190
19212
19220
19231
19239
19244
19254
19255
19256
19268
19269
19295
19300
19310
19315
19322
19340
19359
19393
19395
19403
19412
19417
19428
19437
19457
19477
19494
19512
19513
19537
19539
19546
19558
19560
19576
19577
19578
19586
19594
19596
19597
19616
19619
19629
19641
19644
19667
19687
19690
19696
19707
19715
19718
19728
19729
19743
19747
19748
19757
19766
19778
19781
19785
19806
19814
19823
19824
19832
19835
19860
19885
19887
19907
19910
19913
19933
19934
19938
19953
19971
19992
19995
20001
20026
20031
20043
20049
20050
20054
20073
20075
20084
20086
20111
20112
20115
20119
20126
20129
20130
20138
20159
20164
20170
20184
20188
20193
20196
20202
20206
20207
20216
20223
20228
20229
20241
20254
20264
20267
20270
20282
20290
20307
20308
20316
20330
20333
20341
20345
20351
20358
20360
20366
20376
20389
20402
20410
20421
20434
20444
20445
20450
20457
20462
20466
20495
20505
20508
20513
20518
20519
20546
20554
20562
20567
20571
20573
20594
20623
20636
20638
20641
20644
20667
20676
20677
20683
20684
20688
20689
20692
20698
20700
20702
20709
20710
20734
20735
20750
20763
20767
20773
20778
20787
20788
20792
20818
20820
20825
20826
20830
20861
20862
20864
20871
20873
20879
20893
20900
20901
20915
20918
20920
20925
20943
20964
20985
20997
21020
21032
21036
21047
21065
21067
21083
21087
21091
21108
21138
21145
21158
21162
21165
21167
21172
21192
21193
21213
21218
21224
21267
21277
21290
21297
21300
21302
21336
21344
21351
21356
21369
21371
21377
21378
21422
21423
21445
21449
21471
21495
21510
21516
21540
21551
21562
21571
21591
21592
21595
21616
21631
21639
21645
21646
21657
21669
21686
21718
21724
21748
21756
21757
21774
21775
21786
21787
21800
21827
21835
21840
21842
21859
21869
21870
21872
21876
21879
21892
21897
21957
21969
21981
21987
21997
22041
22050
22072
22078
22080
22081
22086
22088
22108
22110
22116
22117
22127
22138
22140
22148
22159
22165
22174
22195
22216
22223
22227
22230
22243
22246
22263
22268
22283
22296
22299
22305
22312
22319
22321
22332
22334
22338
22340
22359
22369
22381
22390
22406
22423
22433
22437
22450
22458
22483
22485
22501
22503
22505
22514
22521
22523
22537
22549
22552
22576
22597
22629
22640
22655
22672
22678
22684
22687
22692
22699
22719
22725
22762
22765
22772
22782
22795
22799
22804
22821
22841
22842
22854
22855
22865
22875
22890
22895
22898
22915
22925
22927
22947
22948
22954
22959
22961
22967
23016
23027
23042
23057
23061
23062
23084
23086
23090
23100
23102
23111
23128
23156
23159
23166
23170
23212
23217
23218
23224
23234
23257
23262
23266
23275
23278
23285
23301
23311
23314
23329
23349
23365
23366
23374
23420
23423
23431
23446
23447
23463
23467
23480
23502
23511
23512
23519
23539
23542
23548
23552
23555
23574
23575
23611
23617
23619
23624
23635
23638
23673
23681
23682
23710
23719
23723
23732
23738
23744
23745
23748
23771
23772
23791
23807
23814
23816
23838
23853
23863
23864
23867
23868
23876
23880
23901
23919
23938
23944
23945
23950
23976
23989
23990
23991
23998
24006
24009
24021
24025
24029
24053
24054
24057
24062
24071
24082
24092
24153
24156
24157
24164
24176
24178
24185
24193
24194
24197
24199
24210
24211
24230
24237
24243
24258
24270
24285
24300
24305
24313
24319
24337
24379
24387
24398
24401
24413
24454
24455
24459
24468
24478
24482
24489
24494
24496
24497
24507
24508
24538
24549
24553
24556
24566
24588
24594
24596
24613
24617
24620
24636
24643
24659
24684
24694
24695
24701
24704
24717
24736
24741
24756
24759
24775
24780
24817
24821
24825
24843
24860
24891
24898
24911
24914
24916
24919
24936
24942
24946
24947
24949
24956
24967
24983
24991
24998
25019
25044
25046
25063
25083
25099
25113
25119
25134
25168
25212
25215
25216
25224
25233
25237
25239
25247
25248
25258
25263
25267
25277
25280
25282
25298
25303
25323
25343
25345
25371
25375
25376
25385
25392
25446
25460
25463
25472
25478
25493
25497
25501
25502
25515
25532
25534
25562
25565
25577
25585
25589
25618
25625
25633
25634
25637
25640
25643
25648
25652
25664
25667
25698
25699
25706
25761
25801
25810
25821
25828
25834
25837
25852
25874
25881
25900
25905
25909
25933
25965
25969
26025
26045
26060
26064
26082
26108
26110
26116
26155
26167
26173
26177
26179
26185
26199
26212
26214
26215
26220
26223
26226
26233
26247
26254
26259
26275
26276
26278
26282
26302
26314
26316
26332
26346
26349
26353
26359
26361
26363
26380
26389
26400
26405
26416
26424
26426
26428
26440
26462
26486
26512
26513
26518
26525
26527
26536
26558
26566
26571
26586
26594
26597
26612
26631
26640
26643
26655
26663
26682
26683
26703
26730
26748
26758
26764
26795
26806
26815
26818
26822
26828
26833
26834
26837
26839
26844
26845
26846
26861
26870
26885
26902
26906
26921
26941
26949
26950
26954
26970
26973
26977
26997
27004
27007
27015
27016
27037
27066
27074
27087
27094
27105
27107
27110
27112
27116
27128
27130
27163
27174
27189
27191
27196
27213
27226
27230
27231
27234
27237
27260
27277
27295
27304
27325
27334
27342
27344
27361
27368
27370
27383
27389
27391
27397
27430
27450
27460
27465
27479
27503
27511
27519
27521
27562
27565
27566
27581
27601
27605
27615
27654
27661
27679
27688
27692
27698
27710
27725
27731
27732
27734
27748
27766
27771
27773
27774
27779
27780
27783
27808
27815
27839
27846
27848
27863
27876
27884
27902
27904
27908
27909
27926
27929
27932
27949
27953
27966
27968
27979
27993
28005
28007
28016
28047
28051
28055
28058
28062
28087
28088
28092
28113
28114
28136
28149
28157
28168
28176
28183
28192
28194
28195
28197
28205
28213
28215
28239
28240
28246
28260
28279
28283
28288
28308
28319
28328
28329
28330
28338
28346
28354
28360
28368
28383
28422
28424
28434
28445
28446
28448
28460
28463
28473
28481
28523
28530
28538
28553
28564
28574
28582
28587
28592
28597
28598
28601
28602
28604
28618
28625
28636
28646
28665
28676
28677
28685
28689
28713
28715
28722
28737
28750
28753
28754
28761
28765
28774
28789
28796
28808
28833
28838
28853
28873
28889
28892
28908
28911
28922
28927
28928
28941
28960
28984
29001
29003
29009
29010
29012
29018
29031
29036
29042
29072
29078
29084
29091
29093
29108
29110
29111
29113
29124
29134
29137
29141
29154
29165
29168
29170
29179
29180
29193
29195
29201
29213
29234
29236
29286
29292
29301
29302
29305
29318
29328
29332
29349
29369
29371
29379
29390
29400
29406
29419
29426
29445
29456
29465
29470
29472
29475
29492
29502
29513
29536
29552
29565
29580
29619
29655
29660
29663
29672
29693
29724
29738
29743
29752
29778
29802
29808
29821
29822
29841
29846
29847
29848
29856
29857
29861
29868
29874
29878
29905
29923
29935
29938
29947
29953
29956
29959
29973
29975
29978
29980
29993
29996
30003
30009
30010
30022
30069
30085
30095
30096
30099
30103
30110
30135
30138
30144
30151
30181
30184
30205
30208
30221
30237
30257
30263
30277
30296
30307
30319
30328
30334
30342
30360
30363
30385
30389
30394
30395
30406
30419
30422
30437
30438
30446
30452
30453
30469
30470
30497
30498
30500
30517
30520
30532
30537
30551
30562
30583
30598
30603
30607
30620
30623
30627
30633
30636
30660
30686
30693
30694
30695
30696
30698
30704
30712
30735
30745
30750
30753
30756
30765
30776
30778
30782
30783
30804
30805
30808
30814
30825
30834
30836
30837
30838
30845
30877
30887
30893
30899
30910
30922
30925
30942
30944
30977
30987
31004
31014
31018
31027
31041
31057
31065
31072
31077
31088
31094
31097
31107
31115
31120
31128
31130
31131
31132
31141
31161
31170
31184
31210
31213
31215
31218
31225
31226
31242
31244
31248
31256
31261
31262
31295
31299
31309
31325
31336
31337
31351
31353
31358
31364
31376
31394
31400
31407
31417
31426
31443
31452
31456
31480
31524
31532
31551
31561
31565
31566
31573
31593
31605
31621
31652
31653
31659
31675
31676
31681
31693
31697
31700
31707
31733
31737
31744
31747
31767
31786
31798
31809
31818
31820
31822
31828
31833
31834
31840
31841
31842
31848
31854
31866
31876
31878
31888
31893
31896
31902
31917
31918
31919
31922
31923
31934
31939
31942
31965
31986
31987
32014
32016
32021
32029
32033
32041
32047
32050
32051
32064
32066
32067
32079
32089
32100
32109
32123
32128
32149
32152
32162
32163
32177
32196
32201
32235
32239
32249
32251
32256
32260
32271
32304
32311
32312
32316
32331
32342
32350
32351
32356
32360
32366
32374
32377
32380
32396
32403
32410
32417
32433
32443
32451
32457
32469
32483
32491
32532
32552
32555
32571
32593
32594
32618
32648
32668
32672
32676
32679
32706
32713
32714
32715
32729
32732
32745
32749
32759
32767
32771
32777
32803
32821
32848
32857
32860
32878
32882
32891
32898
32904
32908
32909
32910
32916
32930
32959
32963
32967
32970
32972
32973
33014
33021
33041
33052
33061
33098
33119
33126
33129
33130
33141
33144
33147
33156
33171
33174
33182
33187
33199
33211
33215
33226
33232
33236
33249
33252
33255
33256
33275
33278
33286
33291
33300
33308
33313
33329
33336
33340
33353
33358
33366
33372
33375
33380
33402
33422
33443
33461
33472
33483
33531
33544
33576
33585
33592
33597
33606
33610
33625
33642
33653
33682
33699
33701
33712
33721
33730
33738
33744
33746
33756
33757
33762
33764
33768
33784
33785
33791
33793
33806
33822
33855
33859
33860
33862
33873
33891
33899
33907
33931
33961
33976
33981
33990
33999
34013
34019
34023
34031
34044
34052
34063
34066
34072
34103
34104
34123
34126
34147
34163
34176
34184
34196
34211
34224
34227
34248
34254
34258
34280
34292
34300
34301
34321
34330
34332
34335
34339
34341
34347
34377
34399
34404
34419
34439
34449
34458
34459
34476
34482
34489
34491
34496
34504
34517
34531
34538
34541
34544
34548
34549
34551
34560
34569
34591
34592
34598
34600
34603
34608
34615
34637
34638
34640
34651
34665
34668
34677
34688
34693
34694
34715
34729
34739
34743
34753
34761
34764
34786
34790
34797
34801
34818
34822
34834
34838
34853
34856
34865
34878
34885
34886
34892
34903
34920
34940
34942
34957
34962
34969
34975
34983
35002
35004
35013
35016
35019
35024
35046
35049
35054
35059
35065
35070
35080
35084
35105
35118
35125
35127
35135
35160
35174
35176
35182
35188
35189
35191
35194
35218
35219
35233
35239
35245
35276
35283
35292
35296
35325
35330
35341
35358
35368
35374
35380
35384
35387
35393
35405
35421
35440
35441
35444
35455
35464
35475
35479
35503
35506
35523
35524
35532
35543
35580
35586
35592
35598
35603
35605
35621
35623
35641
35647
35666
35672
35676
35677
35693
35695
35715
35724
35730
35732
35735
35741
35755
35759
35760
35763
35789
35804
35807
35812
35824
35836
35854
35877
35878
35892
35893
35894
35941
35956
35991
35996
36000
36004
36007
36013
36024
36029
36031
36035
36043
36044
36050
36058
36062
36074
36080
36083
36085
36104
36132
36134
36148
36161
36162
36172
36181
36186
36194
36196
36201
36203
36211
36225
36249
36255
36261
36282
36298
36306
36319
36328
36335
36348
36349
36360
36378
36392
36401
36402
36418
36420
36438
36459
36464
36474
36477
36481
36499
36501
36507
36510
36521
36526
36538
36550
36567
36582
36587
36606
36607
36630
36655
36666
36670
36678
36679
36720
36735
36751
36757
36773
36777
36779
36782
36793
36807
36808
36827
36830
36832
36847
36860
36863
36870
36880
36886
36906
36916
36920
36922
36924
36930
36934
36935
36945
36960
36963
36971
36973
36988
36991
36993
37009
37023
37025
37029
37046
37048
37060
37062
37077
37080
37088
37094
37097
37108
37111
37115
37123
37126
37127
37136
37150
37211
37233
37247
37259
37265
37268
37283
37301
37306
37318
37321
37331
37333
37338
37352
37356
37359
37369
37376
37391
37400
37424
37430
37449
37453
37466
37474
37498
37520
37534
37538
37541
37553
37566
37575
37586
37593
37607
37611
37622
37630
37637
37641
37651
37654
37664
37681
37682
37688
37702
37737
37748
37754
37757
37764
37773
37779
37781
37796
37802
37810
37824
37866
37867
37873
37877
37879
37887
37906
37919
37932
37934
37935
37951
37965
37976
38003
38005
38006
38020
38030
38031
38046
38048
38055
38064
38082
38118
38121
38137
38153
38154
38182
38183
38198
38204
38205
38206
38230
38233
38247
38248
38265
38292
38293
38309
38312
38333
38344
38348
38353
38355
38369
38388
38395
38419
38443
38456
38457
38467
38470
38493
38541
38552
38562
38597
38600
38611
38623
38625
38632
38646
38647
38673
38674
38680
38690
38701
38704
38727
38740
38747
38748
38760
38767
38768
38775
38795
38809
38829
38877
38880
38887
38899
38905
38910
38917
38930
38947
38950
38960
38969
38992
38995
38999
39000
39016
39030
39034
39042
39064
39073
39096
39111
39134
39139
39148
39157
39163
39166
39172
39174
39179
39181
39192
39195
39199
39227
39234
39259
39287
39293
39319
39330
39331
39333
39351
39373
39377
39406
39423
39425
39428
39447
39448
39464
39472
39481
39501
39521
39532
39537
39538
39569
39571
39576
39578
39593
39598
39613
39614
39621
39633
39640
39642
39648
39660
39692
39694
39697
39702
39724
39732
39733
39750
39753
39754
39762
39768
39775
39779
39781
39787
39795
39802
39822
39834
39842
39866
39869
39889
39895
39910
39911
39927
39932
39942
39953
39973
39974
39993
39997
39998
40006
40026
40028
40047
40050
40063
40065
40073
40102
40113
40126
40128
40134
40136
40145
40153
40174
40177
40197
40215
40235
40250
40251
40264
40269
40270
40283
40292
40293
40297
40299
40302
40317
40325
40328
40330
40341
40371
40372
40391
40439
40440
40446
40448
40455
40477
40485
40487
40499
40508
40522
40523
40528
40531
40583
40584
40628
40631
40634
40647
40656
40666
40667
40685
40709
40753
40755
40762
40764
40772
40781
40786
40799
40800
40804
40809
40839
40848
40854
40855
40857
40876
40938
40943
40977
40978
40984
40994
40995
40997
41005
41008
41011
41014
41021
41033
41042
41043
41065
41070
41074
41081
41084
41090
41097
41102
41114
41116
41128
41132
41135
41155
41162
41177
41199
41215
41219
41227
41239
41254
41270
41274
41279
41281
41295
41302
41306
41311
41326
41329
41334
41349
41364
41369
41375
41377
41395
41397
41403
41422
41431
41433
41434
41480
41483
41501
41502
41503
41510
41563
41583
41589
41594
41599
41603
41605
41613
41644
41645
41665
41681
41684
41701
41702
41706
41738
41753
41761
41763
41768
41771
41783
41787
41791
41792
41817
41827
41855
41875
41903
41905
41918
41924
41932
41942
41948
41962
41979
41982
41983
42013
42017
42020
42035
42048
42052
42069
42079
42086
42088
42090
42106
42109
42118
42119
42124
42129
42144
42152
42165
42173
42192
42209
42214
42222
42228
42231
42246
42256
42258
42285
42289
42293
42298
42306
42311
42318
42339
42344
42356
42360
42367
42400
42426
42437
42438
42457
42458
42459
42497
42500
42503
42512
42516
42524
42529
42536
42542
42550
42551
42564
42566
42597
42628
42640
42642
42643
42651
42668
42696
42715
42718
42721
42727
42728
42743
42757
42773
42788
42802
42808
42815
42826
42838
42845
42851
42853
42855
42860
42870
42879
42882
42890
42903
42924
42943
42946
42963
42991
42993
43000
43001
43028
43034
43037
43057
43058
43084
43086
43093
43094
43107
43114
43120
43138
43146
43158
43167
43174
43183
43185
43193
43207
43211
43223
43248
43253
43259
43282
43310
43324
43325
43343
43358
43365
43380
43383
43385
43392
43405
43416
43419
43421
43425
43478
43489
43502
43512
43526
43543
43544
43550
43551
43565
43596
43611
43634
43660
43663
43667
43670
43693
43710
43718
43726
43729
43734
43738
43750
43751
43765
43767
43777
43785
43786
43792
43810
43814
43825
43830
43845
43862
43863
43864
43870
43888
43891
43896
43912
43916
43918
43920
43950
43959
43966
43970
43982
43992
43999
44001
44008
44016
44022
44025
44026
44028
44044
44045
44048
44071
44074
44081
44083
44084
44085
44097
44104
44107
44116
44129
44154
44177
44182
44187
44214
44223
44228
44230
44234
44236
44244
44261
44285
44328
44340
44351
44357
44361
44375
44376
44384
44400
44402
44403
44407
44421
44423
44438
44450
44469
44486
44489
44509
44537
44547
44550
44553
44559
44586
44592
44597
44600
44607
44618
44641
44645
44670
44687
44721
44741
44746
44762
44769
44770
44776
44778
44780
44822
44824
44825
44851
44854
44855
44863
44878
44882
44884
44890
44892
44895
44910
44915
44926
44931
44946
44947
44948
44962
44973
44982
44985
44992
44995
45007
45034
45044
45062
45065
45071
45074
45084
45086
45094
45119
45120
45123
45142
45144
45163
45174
45176
45178
45183
45201
45227
45232
45236
45242
45244
45247
45248
45301
45304
45315
45322
45323
45343
45345
45352
45355
45369
45370
45380
45381
45388
45415
45421
45431
45450
45461
45465
45471
45487
45516
45525
45537
45555
45575
45587
45603
45605
45621
45625
45632
45639
45645
45654
45666
45671
45688
45689
45700
45708
45719
45739
45756
45762
45784
45785
45787
45793
45800
45810
45824
45828
45841
45864
45869
45873
45879
45888
45892
45917
45922
45925
45937
45939
45944
45969
45980
46000
46014
46017
46020
46023
46030
46053
46064
46066
46071
46087
46089
46100
46123
46137
46146
46148
46161
46168
46176
46179
46193
46206
46238
46243
46261
46263
46284
46287
46298
46301
46308
46316
46318
46336
46353
46355
46362
46373
46413
46423
46435
46441
46444
46474
46490
46497
46511
46537
46545
46569
46572
46578
46581
46602
46609
46616
46645
46651
46659
46660
46662
46665
46673
46698
46701
46706
46714
46721
46742
46755
46762
46773
46778
46784
46800
46802
46828
46839
46866
46870
46885
46889
46907
46909
46929
46958
46961
46970
46972
46973
46985
46987
47009
47010
47017
47040
47048
47056
47082
47091
47103
47105
47111
47117
47120
47125
47126
47148
47165
47178
47184
47185
47191
47196
47227
47237
47244
47257
47261
47264
47292
47323
47332
47341
47345
47353
47355
47390
47398
47403
47427
47445
47456
47457
47459
47489
47491
47517
47540
47556
47568
47588
47617
47619
47637
47645
47657
47659
47664
47679
47703
47712
47745
47755
47762
47766
47778
47783
47788
47810
47813
47833
47836
47849
47853
47863
47865
47870
47874
47878
47885
47894
47897
47899
47909
47918
47933
47958
47974
47975
47987
47993
48030
48036
48039
48042
48055
48057
48072
48077
48078
48082
48089
48097
48130
48148
48154
48157
48159
48160
48171
48182
48186
48205
48222
48224
48225
48234
48244
48255
48257
48265
48272
48290
48291
48297
48304
48326
48330
48344
48347
48381
48384
48388
48405
48413
48444
48457
48477
48484
48495
48504
48513
48524
48530
48548
48566
48569
48580
48584
48589
48597
48603
48616
48618
48633
48634
48654
48657
48708
48713
48718
48747
48758
48766
48771
48773
48775
48787
48789
48795
48802
48803
48804
48816
48818
48843
48858
48882
48887
48888
48891
48892
48894
48924
48927
48938
48940
48964
48968
48980
48987
48996
49003
49007
49010
49030
49033
49039
49096
49112
49121
49128
49130
49143
49163
49177
49182
49204
49213
49219
49223
49226
49227
49261
49262
49272
49313
49319
49333
49335
49371
49383
49388
49442
49447
49462
49464
49466
49468
49469
49492
49495
49506
49511
49541
49544
49547
49549
49562
49564
49565
49574
49599
49608
49619
49634
49640
49656
49663
49679
49690
49696
49703
49710
49714
49734
49740
49747
49752
49764
49767
49793
49798
49801
49833
49836
49844
49854
49870
49871
49880
49898
49904
49925
49944
49945
49956
49973
49983
49984
50003
50020
50029
50030
50041
50052
50053
50078
50079
50084
50099
50102
50110
50124
50128
50132
50144
50145
50150
50163
50169
50174
50177
50186
50189
50204
50209
50217
50226
50228
50239
50245
50248
50269
50285
50304
50309
50310
50318
50329
50333
50358
50373
50384
50386
50391
50408
50414
50436
50439
50445
50462
50467
50473
50484
50490
50498
50504
50519
50522
50537
50544
50557
50558
50562
50578
50593
50626
50645
50659
50663
50686
50698
50701
50703
50710
50724
50746
50747
50752
50754
50758
50767
50784
50787
50798
50806
50807
50816
50832
50845
50851
50854
50859
50882
50896
50908
50927
50950
50967
50979
50997
51000
51012
51020
51022
51032
51042
51082
51093
51099
51132
51140
51145
51156
51165
51192
51200
51209
51239
51240
51248
51253
51267
51271
51280
51281
51284
51289
51297
51316
51318
51329
51334
51413
51430
51442
51455
51470
51472
51483
51512
51516
51521
51527
51531
51545
51552
51570
51574
51577
51581
51582
51584
51590
51592
51595
51597
51609
51632
51644
51647
51654
51667
51708
51713
51716
51730
51757
51761
51770
51783
51796
51807
51812
51820
51827
51840
51842
51843
51863
51910
51913
51919
51938
51942
51945
51956
51981
51982
51985
52009
52018
52026
52030
52034
52055
52060
52061
52093
52094
52117
52123
52127
52139
52141
52148
52151
52184
52203
52214
52230
52232
52236
52239
52258
52270
52286
52311
52324
52328
52333
52335
52340
52341
52355
52357
52367
52372
52383
52406
52416
52427
52447
52462
52467
52478
52500
52506
52535
52538
52546
52553
52555
52556
52559
52570
52576
52577
52595
52605
52618
52635
52638
52646
52651
52653
52668
52672
52709
52712
52714
52718
52733
52743
52761
52763
52770
52772
52800
52805
52814
52827
52843
52845
52846
52883
52903
52904
52910
52923
52929
52943
52948
52958
52977
52989
53010
53020
53022
53044
53045
53055
53059
53070
53108
53126
53142
53146
53149
53151
53154
53158
53166
53190
53196
53202
53204
53211
53216
53217
53238
53247
53250
53251
53265
53267
53279
53280
53317
53324
53342
53349
53351
53369
53370
53379
53386
53393
53396
53397
53434
53435
53438
53442
53456
53489
53505
53511
53530
53532
53538
53544
53550
53561
53592
53597
53616
53622
53623
53645
53661
53676
53680
53682
53683
53698
53703
53723
53729
53735
53736
53745
53752
53764
53778
53784
53801
53807
53810
53821
53831
53841
53845
53847
53853
53868
53882
53895
53935
53950
53951
53964
53976
53996
53998
54021
54026
54031
54036
54038
54039
54050
54055
54064
54069
54076
54081
54085
54098
54119
54134
54138
54139
54144
54146
54154
54166
54170
54244
54251
54257
54261
54266
54269
54275
54278
54300
54307
54311
54312
54321
54334
54335
54369
54386
54389
54414
54449
54451
54467
54504
54508
54509
54517
54546
54548
54571
54578
54580
54584
54592
54599
54601
54627
54647
54666
54667
54677
54679
54698
54701
54713
54738
54743
54763
54766
54793
54843
54850
54860
54874
54882
54895
54905
54935
54944
54955
54961
54962
54965
54989
54993
55007
55009
55013
55037
55063
55072
55092
55096
55097
55102
55114
55120
55125
55126
55131
55159
55200
55201
55207
55224
55235
55240
55243
55247
55265
55295
55296
55313
55333
55347
55364
55369
55370
55375
55401
55402
55435
55441
55454
55464
55465
55473
55477
55493
55496
55510
55539
55563
55568
55569
55570
55571
55573
55595
55599
55600
55612
55633
55642
55648
55652
55679
55691
55701
55702
55730
55756
55763
55778
55780
55783
55792
55803
55813
55814
55824
55834
55835
55849
55850
55856
55884
55889
55921
55938
55949
55957
55970
55978
55992
56003
56018
56021
56041
56051
56062
56075
56078
56085
56087
56092
56102
56109
56118
56133
56135
56152
56156
56157
56166
56178
56201
56205
56212
56216
56230
56237
56238
56242
56245
56257
56270
56271
56279
56292
56300
56303
56304
56317
56327
56339
56341
56345
56348
56401
56408
56413
56425
56426
56431
56442
56443
56458
56464
56466
56494
56507
56597
56599
56607
56618
56622
56627
56633
56634
56654
56681
56684
56690
56702
56703
56708
56726
56742
56753
56760
56773
56774
56788
56792
56800
56801
56807
56823
56829
56839
56850
56856
56859
56861
56877
56883
56884
56889
56905
56906
56930
56933
56944
56948
56957
56959
56982
56996
57006
57008
57018
57030
57033
57039
57044
57047
57050
57052
57055
57072
57079
57085
57100
57129
57144
57145
57147
57148
57152
57159
57175
57187
57206
57219
57236
57238
57239
57246
57258
57259
57267
57274
57275
57281
57290
57294
57295
57299
57309
57374
57406
57415
57416
57421
57423
57428
57430
57432
57440
57444
57445
57449
57452
57469
57476
57483
57487
57525
57531
57539
57545
57551
57554
57563
57567
57582
57590
57623
57638
57657
57667
57670
57674
57688
57699
57714
57729
57732
57753
57759
57782
57786
57794
57796
57799
57833
57834
57854
57880
57895
57896
57913
57975
57986
58004
58006
58013
58034
58054
58069
58075
58076
58081
58088
58096
58111
58112
58127
58129
58132
58159
58169
58179
58187
58213
58222
58236
58242
58243
58245
58263
58264
58274
58284
58294
58331
58332
58338
58344
58348
58351
58363
58366
58369
58372
58395
58401
58407
58413
58422
58426
58437
58469
58470
58484
58499
58509
58519
58529
58542
58566
58577
58596
58608
58637
58639
58641
58680
58696
58698
58699
58703
58717
58735
58746
58761
58791
58792
58796
58804
58818
58828
58838
58850
58852
58854
58859
58898
58914
58918
58920
58921
58927
58958
58961
58968
58978
58979
59003
59006
59021
59024
59027
59050
59058
59075
59079
59080
59084
59108
59109
59111
59113
59127
59131
59135
59145
59147
59164
59174
59184
59191
59194
59205
59211
59214
59221
59235
59236
59243
59258
59287
59295
59314
59325
59341
59344
59349
59362
59371
59381
59385
59397
59409
59435
59443
59449
59455
59458
59464
59486
59496
59506
59514
59518
59532
59562
59564
59566
59579
59604
59633
59634
59644
59650
59656
59668
59695
59719
59741
59748
59749
59756
59761
59765
59771
59776
59782
59788
59794
59804
59814
59829
59835
59857
59858
59887
59888
59890
59899
59910
59917
59927
59939
59942
59948
59969
59973
59984
59990
59992
