1
21
34
37
51
56
63
68
69
70
75
81
88
95
108
114
121
156
169
189
192
206
209
210
216
229
232
234
246
249
283
293
296
320
326
331
359
394
399
427
435
440
451
453
458
462
464
489
517
519
524
526
527
577
596
603
612
633
639
656
662
666
667
668
669
689
702
709
712
733
745
776
781
787
790
799
811
818
822
825
849
859
860
869
872
889
903
927
937
943
952
957
961
965
979
984
989
997
1000
1015
1018
1028
1029
1040
1046
1049
1078
1090
1093
1102
1107
1128
1137
1152
1168
1195
1209
1268
1304
1310
1346
1349
1359
1363
1367
1368
1372
1377
1387
1403
1423
1443
1454
1471
1479
1489
1495
1497
1501
1502
1512
1517
1571
1578
1590
1596
1600
1605
1606
1625
1626
1645
1664
1678
1709
1712
1723
1725
1729
1742
1769
1775
1796
1797
1798
1828
1837
1844
1857
1868
1876
1877
1897
1904
1907
1916
1926
1930
1956
1969
1995
1999
2014
2051
2058
2065
2066
2079
2081
2082
2084
2100
2101
2112
2121
2134
2144
2147
2158
2160
2191
2192
2195
2218
2245
2257
2258
2269
2298
2309
2310
2325
2327
2333
2340
2352
2353
2373
2396
2403
2404
2411
2429
2435
2436
2438
2440
2467
2473
2483
2493
2500
2525
2526
2528
2532
2538
2539
2557
2581
2582
2584
2586
2597
2606
2615
2617
2624
2629
2642
2653
2709
2718
2729
2736
2745
2746
2765
2770
2782
2806
2817
2826
2830
2839
2854
2864
2873
2882
2897
2899
2904
2914
2919
2935
2944
2952
2955
2974
2975
2979
2996
3001
3012
3013
3015
3016
3021
3023
3024
3035
3067
3106
3107
3122
3128
3131
3143
3150
3160
3175
3195
3198
3213
3228
3231
3241
3247
3248
3258
3259
3262
3269
3286
3309
3320
3328
3337
3367
3369
3376
3391
3396
3409
3410
3429
3434
3441
3443
3461
3490
3492
3514
3516
3529
3534
3541
3562
3565
3568
3572
3585
3590
3602
3603
3658
3660
3661
3667
3673
3677
3691
3693
3695
3698
3702
3709
3715
3720
3734
3743
3748
3749
3770
3776
3777
3778
3806
3809
3829
3849
3876
3881
3882
3884
3888
3896
3906
3929
3937
3943
3953
3964
4002
4008
4009
4023
4044
4047
4067
4077
4082
4098
4106
4108
4115
4123
4142
4145
4154
4159
4181
4201
4216
4218
4220
4226
4230
4239
4245
4265
4270
4279
4284
4286
4288
4289
4310
4316
4321
4325
4340
4343
4347
4356
4374
4389
4415
4444
4453
4455
4465
4485
4488
4496
4500
4505
4521
4527
4532
4535
4556
4563
4565
4597
4607
4608
4624
4629
4642
4653
4655
4656
4682
4686
4688
4712
4713
4718
4729
4738
4744
4748
4749
4756
4774
4776
4793
4804
4818
4849
4852
4854
4855
4859
4870
4889
4892
4906
4911
4918
4926
4931
4962
4985
4994
5007
5010
5015
5019
5048
5052
5053
5072
5074
5082
5083
5096
5108
5114
5115
5120
5131
5133
5136
5144
5147
5154
5167
5192
5194
5196
5202
5203
5217
5228
5244
5246
5249
5254
5266
5268
5272
5275
5285
5286
5288
5298
5317
5319
5321
5327
5330
5340
5342
5346
5353
5368
5373
5398
5412
5461
5462
5464
5465
5468
5469
5470
5475
5487
5488
5497
5498
5502
5505
5512
5525
5541
5560
5577
5583
5585
5604
5608
5612
5615
5622
5627
5641
5646
5662
5665
5674
5690
5692
5694
5697
5698
5711
5730
5739
5747
5767
5773
5795
5801
5808
5809
5818
5844
5861
5881
5883
5884
5888
5905
5921
5927
5929
5938
5978
5981
6001
6008
6023
6034
6045
6065
6076
6094
6096
6097
6103
6113
6117
6133
6137
6146
6179
6207
6227
6228
6245
6279
6292
6296
6302
6316
6320
6326
6330
6331
6332
6337
6341
6357
6367
6394
6400
6406
6409
6421
6422
6441
6444
6446
6461
6468
6496
6502
6517
6533
6538
6591
6593
6603
6607
6611
6614
6615
6619
6629
6630
6645
6648
6663
6676
6681
6683
6684
6700
6704
6708
6723
6724
6730
6737
6738
6757
6758
6763
6768
6791
6802
6819
6823
6832
6847
6875
6883
6913
6917
6923
6928
6935
6958
6960
6961
6967
6968
6970
6972
6973
6979
6991
7003
7004
7012
7025
7037
7038
7050
7052
7055
7062
7066
7084
7127
7128
7130
7135
7158
7164
7181
7183
7203
7219
7239
7243
7247
7254
7267
7271
7272
7281
7286
7293
7305
7318
7320
7325
7329
7338
7355
7358
7364
7371
7372
7373
7378
7386
7391
7409
7415
7427
7440
7443
7451
7458
7462
7465
7466
7471
7485
7499
7515
7548
7552
7557
7575
7578
7585
7589
7597
7617
7629
7648
7649
7664
7669
7685
7686
7687
7691
7707
7708
7709
7710
7728
7753
7813
7816
7830
7846
7855
7858
7874
7875
7882
7892
7905
7911
7925
7930
7932
7934
7935
7944
7948
7954
7964
7969
7978
7981
7985
8000
8003
8019
8021
8028
8046
8050
8088
8089
8093
8096
8098
8108
8110
8113
8129
8134
8147
8157
8158
8159
8172
8180
8187
8193
8223
8233
8242
8244
8247
8250
8253
8262
8272
8273
8274
8278
8284
8288
8289
8294
8304
8309
8323
8335
8343
8349
8354
8355
8368
8369
8387
8449
8469
8489
8496
8509
8527
8531
8533
8540
8545
8612
8653
8682
8687
8695
8703
8723
8724
8739
8749
8754
8756
8763
8785
8788
8809
8812
8813
8838
8855
8877
8885
8894
8897
8901
8912
8917
8926
8935
8961
8969
8982
9003
9005
9027
9032
9034
9035
9038
9047
9048
9055
9056
9067
9083
9101
9131
9142
9151
9158
9166
9194
9195
9196
9197
9209
9222
9257
9269
9287
9296
9297
9310
9313
9322
9402
9406
9422
9439
9440
9441
9451
9452
9455
9456
9458
9459
9463
9468
9473
9476
9478
9485
9505
9506
9523
9524
9530
9544
9552
9555
9666
9671
9675
9677
9687
9688
9691
9695
9698
9699
9703
9707
9710
9717
9720
9726
9742
9744
9750
9753
9773
9790
9806
9820
9823
9834
9840
9857
9865
9868
9869
9874
9881
9890
9914
9922
9934
9963
9965
9966
9971
9978
9983
9985
9986
9994
10005
10010
10022
10025
10026
10045
10069
10071
10080
10083
10107
10108
10111
10119
10120
10121
10128
10140
10167
10168
10173
10176
10188
10195
10203
10204
10221
10230
10231
10237
10240
10242
10245
10254
10259
10261
10265
10272
10276
10283
10323
10326
10334
10336
10340
10343
10348
10352
10363
10384
10392
10407
10425
10427
10439
10456
10469
10479
10488
10523
10530
10542
10563
10564
10575
10579
10599
10612
10625
10664
10689
10691
10700
10705
10732
10747
10750
10755
10773
10781
10801
10806
10821
10840
10844
10849
10859
10861
10874
10908
10909
10914
10916
10919
10924
10925
10938
10974
10975
10992
11003
11014
11019
11022
11026
11027
11029
11036
11041
11045
11052
11060
11071
11077
11091
11105
11116
11118
11144
11162
11172
11187
11189
11192
11217
11222
11231
11240
11242
11259
11267
11269
11281
11304
11315
11318
11320
11335
11340
11354
11361
11362
11379
11383
11391
11403
11409
11422
11428
11451
11453
11462
11501
11514
11526
11532
11541
11562
11565
11574
11577
11588
11597
11605
11612
11620
11636
11639
11654
11657
11661
11675
11683
11694
11701
11712
11724
11729
11732
11739
11742
11754
11758
11777
11779
11780
11792
11794
11807
11833
11834
11845
11846
11848
11860
11887
11888
11911
11914
11920
11933
11948
11969
11973
11974
11993
12008
12009
12011
12020
12038
12057
12095
12103
12107
12115
12123
12140
12142
12144
12150
12168
12180
12184
12193
12195
12217
12219
12239
12248
12259
12264
12266
12276
12313
12321
12324
12325
12337
12339
12341
12351
12357
12360
12374
12380
12419
12451
12456
12457
12470
12477
12497
12504
12516
12553
12555
12568
12573
12575
12584
12597
12605
12635
12652
12653
12662
12665
12666
12670
12686
12690
12691
12703
12716
12723
12732
12741
12748
12764
12765
12776
12785
12796
12799
12801
12837
12839
12869
12872
12880
12888
12897
12907
12926
12927
12947
12983
12992
13005
13013
13029
13030
13033
13044
13066
13075
13076
13077
13078
13081
13083
13090
13097
13117
13126
13135
13155
13175
13184
13191
13196
13197
13203
13211
13214
13215
13216
13230
13231
13233
13238
13240
13250
13265
13268
13280
13286
13311
13314
13335
13344
13347
13366
13371
13372
13377
13397
13408
13411
13450
13454
13459
13464
13467
13483
13492
13497
13521
13544
13545
13547
13582
13583
13587
13596
13609
13623
13625
13641
13674
13719
13726
13729
13730
13734
13738
13751
13764
13769
13777
13798
13799
13807
13808
13816
13822
13826
13830
13833
13853
13854
13855
13872
13873
13874
13880
13889
13896
13911
13913
13916
13918
13921
13926
13962
13989
14011
14012
14019
14034
14039
14052
14059
14089
14092
14102
14110
14131
14148
14153
14157
14158
14161
14165
14169
14202
14211
14229
14258
14269
14276
14282
14291
14311
14319
14323
14325
14328
14329
14334
14356
14384
14393
14402
14412
14419
14425
14430
14445
14461
14472
14491
14498
14511
14513
14518
14525
14530
14545
14557
14559
14564
14574
14589
14613
14629
14644
14649
14668
14675
14677
14693
14703
14705
14712
14717
14722
14729
14746
14749
14752
14775
14817
14840
14857
14877
14890
14897
14919
14937
14944
14949
14955
14959
14965
14971
14991
15015
15017
15028
15042
15046
15060
15064
15065
15103
15108
15119
15120
15130
15133
15142
15150
15156
15160
15191
15198
15208
15220
15237
15242
15246
15249
15275
15288
15291
15311
15318
15319
15325
15329
15330
15344
15382
15383
15407
15442
15445
15454
15480
15492
15504
15505
15508
15516
15520
15524
15530
15542
15559
15564
15566
15567
15580
15582
15583
15590
15600
15607
15619
15621
15628
15636
15637
15648
15661
15662
15663
15667
15675
15692
15694
15695
15700
15711
15734
15753
15759
15761
15765
15770
15777
15779
15798
15814
15825
15828
15854
15863
15864
15866
15868
15882
15883
15887
15890
15897
15901
15904
15910
15926
15928
15934
15939
15946
15955
15958
15965
15971
15992
15993
16031
16043
16045
16049
16081
16083
16085
16118
16119
16122
16136
16144
16151
16163
16192
16215
16217
16221
16227
16238
16244
16285
16286
16305
16306
16318
16323
16326
16352
16354
16355
16363
16396
16402
16412
16415
16428
16429
16439
16454
16460
16474
16484
16485
16498
16516
16518
16519
16520
16521
16523
16540
16543
16563
16585
16595
16598
16606
16607
16618
16619
16634
16640
16665
16679
16705
16749
16758
16761
16787
16803
16817
16866
16868
16877
16887
16888
16903
16905
16921
16924
16928
16935
16941
16943
16961
16975
16987
16997
17003
17009
17025
17048
17050
17051
17061
17064
17106
17108
17122
17123
17124
17134
17149
17169
17174
17187
17200
17210
17214
17223
17232
17236
17245
17285
17293
17304
17314
17322
17335
17349
17360
17365
17368
17376
17379
17381
17389
17392
17411
17449
17452
17454
17458
17462
17466
17476
17479
17485
17503
17508
17519
17534
17535
17537
17539
17549
17561
17581
17585
17603
17606
17611
17620
17625
17633
17648
17655
17693
17709
17725
17726
17738
17741
17743
17749
17754
17755
17761
17770
17779
17783
17797
17828
17832
17839
17871
17877
17881
17905
17910
17923
17930
17932
17941
17956
17968
17977
18000
18022
18028
18041
18042
18055
18064
18073
18093
18102
18112
18113
18124
18159
18178
18208
18212
18219
18222
18247
18253
18263
18273
18278
18284
18290
18295
18301
18319
18324
18337
18357
18386
18412
18424
18443
18461
18462
18464
18486
18505
18507
18509
18515
18538
18543
18563
18564
18572
18575
18578
18581
18586
18590
18603
18606
18641
18650
18658
18665
18698
18703
18712
18725
18737
18743
18750
18759
18766
18779
18794
18825
18830
18832
18837
18852
18858
18868
18875
18878
18880
18881
18889
18892
18893
18896
18909
18914
18921
18923
18926
18936
18956
18970
18989
19006
19009
19012
19027
19038
19049
19060
19061
19072
19080
19082
19104
19117
19119
19127
19133
19156
19160
19166
19171
19179
19180
19186
19189
19203
19209
19216
19225
19240
19241
19258
19261
19292
19297
19303
19308
19325
19361
19369
19376
19399
19407
19419
19454
19459
19480
19485
19490
19491
19492
19535
19542
19543
19544
19547
19550
19554
19565
19567
19583
19584
19588
19604
19612
19628
19638
19645
19646
19649
19661
19664
19669
19682
19689
19709
19714
19726
19732
19738
19744
19760
19769
19772
19786
19787
19796
19798
19801
19811
19818
19822
19828
19845
19856
19857
19859
19861
19871
19872
19899
19900
19901
19902
19908
19915
19930
19935
19969
19974
19979
19985
20010
20060
20085
20088
20095
20114
20117
20123
20128
20139
20161
20174
20175
20205
20215
20225
20238
20244
20283
20284
20292
20321
20334
20349
20357
20369
20371
20385
20388
20391
20392
20407
20418
20420
20463
20471
20478
20481
20482
20483
20501
20510
20531
20533
20537
20548
20549
20551
20568
20577
20584
20591
20602
20608
20609
20622
20625
20627
20632
20642
20645
20658
20661
20662
20681
20713
20719
20724
20727
20731
20751
20762
20814
20816
20840
20843
20846
20863
20877
20886
20895
20911
20928
20929
20934
20947
20953
20955
20958
20968
20979
20983
21028
21029
21064
21066
21069
21078
21082
21097
21132
21137
21139
21141
21142
21191
21199
21203
21215
21216
21242
21245
21256
21260
21266
21271
21273
21279
21299
21308
21314
21319
21343
21350
21353
21355
21358
21372
21380
21382
21403
21413
21469
21497
21506
21508
21513
21521
21523
21526
21533
21534
21542
21546
21553
21560
21573
21576
21586
21600
21602
21608
21612
21614
21620
21628
21635
21640
21653
21658
21680
21681
21697
21703
21716
21721
21735
21736
21747
21759
21766
21768
21769
21780
21789
21803
21848
21874
21898
21903
21907
21909
21910
21932
21933
21945
21953
21960
21971
21975
21985
22008
22013
22023
22040
22043
22046
22048
22063
22079
22111
22125
22143
22144
22152
22196
22202
22208
22209
22213
22215
22224
22225
22245
22254
22265
22270
22294
22297
22306
22317
22337
22344
22352
22353
22362
22364
22366
22373
22375
22378
22388
22405
22426
22429
22430
22436
22440
22441
22444
22445
22448
22453
22465
22473
22487
22510
22511
22517
22529
22569
22583
22589
22592
22601
22603
22605
22624
22634
22636
22637
22646
22652
22657
22658
22669
22691
22706
22707
22710
22717
22744
22752
22757
22764
22787
22816
22829
22857
22860
22874
22877
22882
22897
22910
22912
22917
22932
22938
22949
22978
22981
22987
23013
23023
23032
23044
23058
23060
23067
23088
23093
23095
23108
23113
23120
23124
23131
23136
23154
23172
23210
23226
23250
23273
23277
23279
23289
23293
23297
23305
23315
23331
23351
23362
23367
23378
23380
23389
23395
23396
23401
23412
23454
23464
23499
23506
23521
23541
23557
23579
23589
23598
23601
23606
23613
23627
23643
23662
23679
23709
23721
23728
23739
23741
23753
23754
23773
23776
23786
23793
23809
23813
23821
23823
23828
23845
23856
23875
23882
23884
23891
23914
23935
23940
23943
23971
23988
24034
24069
24072
24075
24078
24081
24085
24098
24103
24105
24114
24121
24125
24138
24148
24151
24188
24189
24204
24212
24221
24225
24265
24268
24276
24289
24320
24343
24345
24346
24348
24367
24388
24389
24393
24399
24419
24429
24444
24445
24463
24476
24480
24495
24510
24525
24529
24537
24541
24559
24605
24615
24627
24640
24645
24653
24661
24676
24681
24689
24693
24696
24698
24706
24715
24749
24755
24776
24777
24807
24828
24840
24846
24858
24861
24870
24872
24877
24883
24887
24892
24893
24913
24922
24940
24962
24980
24985
24988
24993
25003
25005
25022
25024
25039
25051
25065
25073
25082
25085
25092
25101
25112
25137
25159
25166
25167
25181
25206
25243
25252
25278
25290
25304
25312
25325
25329
25344
25366
25383
25386
25389
25390
25395
25399
25408
25420
25427
25456
25461
25499
25512
25518
25529
25542
25547
25567
25576
25584
25601
25626
25629
25676
25690
25694
25701
25708
25714
25725
25729
25743
25750
25754
25757
25762
25773
25783
25797
25814
25818
25823
25836
25839
25855
25892
25899
25914
25919
25928
25932
25942
25952
25953
25957
25978
25980
25987
26007
26015
26038
26040
26044
26055
26058
26070
26095
26103
26139
26176
26178
26183
26184
26197
26210
26211
26219
26241
26256
26260
26261
26262
26277
26292
26298
26300
26308
26315
26323
26336
26338
26339
26343
26366
26371
26408
26415
26422
26427
26436
26438
26457
26475
26477
26501
26507
26508
26526
26545
26565
26589
26608
26619
26620
26623
26639
26645
26649
26656
26665
26685
26686
26712
26713
26722
26728
26731
26753
26784
26799
26820
26832
26836
26840
26843
26853
26859
26881
26903
26923
26930
26937
26955
26979
26980
26990
26992
26999
27028
27035
27050
27069
27082
27089
27092
27109
27114
27137
27145
27148
27153
27170
27200
27206
27209
27246
27247
27257
27280
27283
27289
27290
27305
27307
27318
27322
27326
27327
27328
27332
27343
27380
27395
27401
27407
27411
27414
27427
27429
27436
27440
27445
27446
27462
27466
27473
27477
27484
27492
27512
27544
27547
27550
27567
27580
27583
27590
27603
27609
27631
27637
27638
27658
27659
27663
27670
27697
27712
27720
27749
27788
27806
27811
27820
27822
27829
27841
27854
27859
27865
27873
27893
27894
27900
27910
27911
27931
27936
27951
27956
27985
27990
28002
28024
28030
28041
28044
28048
28072
28076
28079
28089
28101
28102
28105
28108
28122
28125
28131
28151
28160
28165
28186
28202
28203
28221
28230
28242
28257
28272
28274
28291
28295
28305
28317
28323
28325
28357
28365
28385
28402
28403
28408
28412
28414
28423
28428
28451
28456
28457
28466
28486
28489
28505
28510
28516
28519
28540
28546
28565
28593
28607
28612
28627
28628
28647
28667
28671
28673
28690
28692
28714
28725
28740
28746
28755
28763
28771
28772
28809
28816
28821
28824
28835
28840
28855
28860
28864
28895
28896
28903
28910
28923
28945
28946
28965
28968
28971
28973
28992
28993
29006
29034
29039
29044
29050
29052
29055
29056
29067
29074
29101
29102
29128
29133
29148
29151
29177
29181
29187
29190
29199
29203
29205
29211
29230
29243
29248
29250
29262
29297
29336
29341
29345
29364
29368
29374
29378
29386
29388
29394
29395
29405
29409
29414
29420
29421
29438
29446
29468
29471
29474
29477
29478
29482
29488
29490
29497
29498
29540
29541
29559
29560
29562
29564
29570
29579
29614
29621
29623
29676
29677
29684
29695
29704
29706
29709
29713
29718
29732
29736
29750
29755
29772
29789
29805
29809
29834
29860
29862
29869
29873
29881
29887
29895
29903
29907
29918
29925
29926
29934
29937
29974
29984
29985
29992
29994
30034
30037
30044
30051
30053
30055
30058
30071
30080
30087
30088
30097
30101
30119
30123
30127
30141
30149
30156
30160
30163
30170
30187
30196
30207
30212
30220
30222
30223
30235
30240
30246
30255
30275
30293
30300
30320
30331
30340
30352
30370
30373
30382
30384
30388
30391
30413
30418
30424
30425
30434
30439
30455
30473
30480
30484
30496
30548
30555
30565
30578
30585
30586
30605
30618
30624
30625
30651
30653
30665
30668
30678
30699
30700
30706
30707
30709
30734
30748
30751
30787
30790
30800
30807
30827
30849
30871
30891
30918
30923
30926
30929
30932
30939
30943
30948
30955
30965
30981
30992
31015
31020
31043
31052
31058
31059
31079
31089
31095
31109
31116
31117
31127
31138
31145
31154
31165
31171
31172
31180
31194
31195
31197
31202
31234
31243
31263
31277
31288
31310
31314
31320
31356
31361
31367
31369
31389
31392
31393
31410
31430
31445
31463
31466
31470
31476
31488
31490
31502
31505
31509
31518
31535
31545
31553
31563
31567
31575
31581
31604
31625
31628
31639
31656
31657
31661
31677
31683
31695
31769
31778
31785
31808
31830
31855
31857
31865
31881
31895
31904
31937
31969
31989
31995
32009
32036
32062
32086
32092
32097
32098
32131
32144
32151
32165
32184
32207
32210
32221
32237
32245
32268
32273
32293
32298
32313
32333
32336
32383
32388
32399
32423
32427
32454
32459
32460
32461
32463
32489
32493
32494
32514
32520
32526
32531
32541
32550
32557
32564
32568
32574
32575
32605
32609
32616
32621
32625
32627
32633
32666
32678
32682
32690
32693
32708
32723
32727
32746
32766
32770
32778
32781
32785
32789
32800
32810
32833
32834
32841
32843
32846
32858
32865
32867
32869
32880
32899
32905
32925
32946
32951
32952
32953
32966
33003
33020
33023
33042
33043
33066
33078
33079
33087
33111
33112
33136
33142
33145
33148
33154
33157
33163
33172
33173
33175
33192
33203
33214
33219
33228
33230
33237
33238
33244
33246
33253
33254
33257
33292
33293
33327
33330
33332
33350
33363
33367
33378
33381
33389
33390
33392
33403
33442
33446
33464
33465
33478
33482
33492
33496
33501
33504
33512
33522
33534
33536
33538
33578
33608
33640
33641
33645
33647
33657
33661
33665
33669
33670
33673
33677
33687
33696
33703
33723
33732
33739
33776
33780
33789
33803
33823
33831
33835
33843
33844
33847
33848
33864
33874
33904
33914
33921
33933
33940
33945
33947
33957
33963
33978
33983
34014
34016
34025
34035
34036
34045
34051
34054
34057
34064
34070
34073
34084
34086
34097
34099
34152
34172
34177
34178
34197
34213
34237
34238
34244
34246
34251
34283
34296
34299
34302
34305
34345
34352
34355
34356
34358
34369
34381
34392
34394
34401
34403
34416
34421
34440
34451
34457
34471
34480
34486
34498
34502
34508
34511
34514
34518
34519
34523
34552
34553
34555
34562
34580
34582
34586
34623
34634
34639
34653
34656
34662
34706
34708
34709
34714
34730
34731
34737
34771
34773
34775
34803
34813
34839
34844
34847
34854
34867
34887
34904
34909
34919
34943
34958
34977
34985
34989
34999
35012
35017
35028
35039
35050
35056
35060
35063
35064
35067
35074
35087
35107
35157
35175
35185
35192
35209
35243
35261
35262
35275
35282
35294
35302
35311
35320
35327
35343
35348
35400
35408
35409
35417
35423
35431
35432
35449
35463
35465
35473
35481
35485
35488
35502
35505
35516
35525
35612
35620
35632
35639
35646
35651
35655
35659
35663
35667
35671
35680
35681
35694
35700
35708
35712
35717
35720
35739
35742
35746
35757
35775
35778
35782
35793
35800
35815
35816
35821
35823
35853
35857
35869
35896
35905
35923
35936
35943
35959
35963
35971
35972
35973
35982
35986
35994
36019
36022
36040
36055
36066
36084
36090
36102
36107
36109
36116
36138
36146
36163
36168
36183
36198
36213
36220
36223
36241
36244
36251
36260
36269
36272
36277
36290
36305
36312
36318
36331
36351
36362
36371
36376
36391
36393
36406
36412
36431
36440
36447
36467
36468
36476
36484
36506
36519
36524
36533
36549
36560
36562
36564
36569
36586
36589
36617
36620
36621
36628
36646
36649
36667
36683
36689
36692
36712
36734
36737
36749
36764
36780
36783
36789
36797
36809
36824
36829
36842
36848
36849
36869
36871
36874
36882
36894
36919
36929
36937
36948
36953
36975
36994
37006
37033
37043
37047
37052
37059
37063
37079
37092
37099
37113
37125
37141
37153
37158
37162
37189
37220
37224
37234
37252
37261
37269
37287
37299
37303
37313
37323
37335
37377
37382
37385
37408
37411
37415
37425
37432
37441
37452
37495
37497
37510
37511
37529
37543
37554
37559
37571
37619
37642
37647
37653
37663
37677
37678
37686
37697
37705
37708
37714
37723
37738
37739
37744
37752
37758
37759
37761
37780
37787
37790
37814
37822
37825
37837
37841
37844
37854
37856
37883
37901
37917
37921
37937
37946
37950
37954
37968
37970
37977
37980
37981
38008
38025
38035
38042
38043
38054
38057
38062
38091
38099
38100
38102
38103
38110
38126
38128
38138
38139
38155
38157
38161
38162
38177
38179
38211
38212
38228
38231
38232
38289
38297
38310
38315
38332
38335
38352
38364
38380
38404
38411
38429
38440
38446
38461
38473
38483
38488
38494
38497
38501
38504
38523
38540
38543
38559
38573
38574
38579
38590
38596
38599
38605
38614
38644
38660
38662
38663
38686
38691
38693
38696
38703
38706
38722
38729
38744
38746
38749
38766
38802
38808
38816
38835
38850
38865
38873
38889
38893
38903
38908
38914
38926
38939
38946
38949
38987
38993
39023
39028
39029
39039
39044
39050
39054
39055
39075
39115
39119
39155
39175
39193
39194
39202
39207
39209
39213
39220
39224
39233
39236
39258
39263
39277
39279
39295
39306
39309
39321
39322
39326
39334
39346
39347
39360
39363
39407
39422
39446
39457
39463
39474
39483
39494
39498
39503
39504
39527
39531
39564
39570
39581
39600
39603
39606
39612
39615
39620
39623
39624
39628
39631
39639
39641
39654
39656
39664
39683
39685
39701
39710
39714
39715
39735
39746
39755
39758
39765
39788
39800
39801
39811
39817
39823
39839
39848
39854
39856
39859
39861
39874
39890
39897
39898
39906
39934
39935
39944
39955
39956
39960
39968
39975
39992
40002
40003
40038
40039
40040
40042
40043
40074
40075
40082
40091
40103
40108
40115
40122
40132
40150
40162
40171
40173
40179
40180
40188
40199
40200
40208
40217
40218
40228
40237
40240
40241
40246
40249
40256
40260
40262
40266
40277
40284
40286
40303
40312
40313
40320
40322
40329
40335
40336
40340
40389
40390
40396
40400
40412
40414
40418
40421
40428
40441
40454
40456
40457
40479
40486
40494
40507
40521
40544
40563
40565
40581
40582
40586
40611
40612
40613
40614
40630
40633
40637
40649
40653
40654
40690
40732
40746
40778
40780
40797
40801
40803
40812
40817
40820
40821
40825
40829
40830
40833
40843
40844
40859
40877
40888
40895
40896
40915
40922
40965
40969
40970
40979
40989
41012
41027
41030
41038
41041
41051
41052
41056
41069
41100
41101
41108
41117
41122
41126
41137
41138
41156
41158
41187
41191
41211
41245
41252
41259
41265
41285
41286
41288
41291
41296
41315
41318
41320
41325
41331
41338
41341
41350
41352
41353
41357
41358
41362
41365
41368
41371
41374
41376
41383
41384
41388
41401
41412
41425
41427
41432
41435
41443
41445
41447
41465
41490
41506
41534
41553
41556
41557
41562
41570
41588
41606
41609
41614
41616
41617
41620
41627
41634
41635
41643
41646
41647
41667
41683
41696
41729
41744
41756
41770
41789
41795
41806
41810
41811
41819
41837
41856
41857
41868
41877
41880
41896
41907
41922
41927
41952
41987
41989
41999
42005
42008
42010
42031
42038
42045
42050
42053
42074
42081
42084
42089
42091
42098
42100
42111
42131
42136
42153
42180
42183
42185
42217
42224
42227
42230
42243
42245
42250
42262
42270
42275
42277
42294
42324
42342
42349
42358
42362
42369
42374
42376
42384
42389
42402
42403
42433
42444
42448
42456
42483
42487
42488
42499
42525
42552
42559
42579
42599
42605
42608
42610
42612
42614
42623
42632
42634
42637
42649
42658
42664
42674
42703
42720
42732
42752
42759
42764
42776
42783
42795
42797
42801
42817
42818
42835
42848
42862
42865
42871
42877
42896
42913
42915
42925
42945
42965
42980
42981
42985
42989
43011
43013
43020
43045
43050
43059
43081
43083
43092
43102
43129
43134
43149
43169
43170
43186
43188
43195
43216
43229
43236
43237
43243
43247
43251
43258
43265
43266
43273
43276
43283
43309
43311
43318
43347
43356
43366
43387
43404
43414
43418
43422
43423
43443
43445
43463
43465
43468
43472
43527
43536
43554
43561
43593
43602
43610
43613
43631
43643
43662
43665
43685
43701
43706
43712
43727
43728
43742
43778
43811
43827
43834
43847
43884
43913
43915
43919
43932
43939
43941
43951
43961
43963
43965
43976
43981
43997
44000
44029
44030
44040
44096
44103
44121
44127
44130
44159
44161
44175
44184
44199
44205
44208
44225
44243
44263
44266
44268
44276
44278
44313
44314
44325
44326
44333
44335
44344
44358
44363
44372
44399
44404
44411
44413
44445
44448
44449
44451
44471
44474
44491
44513
44518
44531
44534
44548
44551
44558
44560
44578
44583
44589
44598
44599
44603
44606
44614
44619
44629
44656
44660
44675
44692
44696
44704
44720
44723
44730
44743
44744
44750
44766
44768
44777
44788
44796
44811
44815
44826
44838
44844
44846
44859
44862
44867
44871
44872
44883
44893
44897
44917
44933
44951
44955
44958
44979
45021
45035
45042
45058
45061
45068
45083
45112
45115
45124
45126
45128
45129
45145
45146
45152
45162
45165
45189
45190
45213
45218
45230
45235
45255
45269
45276
45277
45288
45303
45307
45349
45354
45359
45371
45372
45384
45401
45402
45408
45417
45418
45422
45426
45434
45442
45455
45475
45476
45494
45503
45504
45511
45513
45515
45522
45540
45544
45557
45589
45596
45608
45611
45617
45669
45676
45682
45695
45701
45721
45722
45741
45748
45760
45766
45769
45812
45817
45823
45830
45833
45840
45853
45857
45905
45908
45942
45952
45953
45960
45966
45975
45997
46007
46010
46039
46040
46041
46054
46069
46090
46111
46114
46124
46125
46139
46140
46144
46166
46169
46183
46192
46227
46235
46273
46289
46292
46294
46303
46314
46328
46339
46344
46375
46391
46398
46410
46412
46421
46430
46436
46438
46439
46446
46447
46459
46479
46484
46488
46494
46516
46535
46557
46560
46562
46571
46582
46596
46603
46604
46617
46625
46627
46643
46653
46654
46655
46661
46683
46703
46723
46726
46746
46748
46751
46763
46772
46775
46785
46796
46797
46810
46812
46818
46822
46826
46837
46860
46868
46871
46892
46896
46905
46917
46919
46926
46931
46944
46947
46952
46962
46963
46964
46975
46980
46989
46992
47000
47005
47030
47031
47042
47046
47069
47072
47073
47078
47079
47087
47096
47112
47124
47135
47139
47141
47150
47156
47166
47167
47172
47186
47189
47190
47197
47205
47235
47241
47247
47267
47271
47275
47289
47302
47324
47335
47339
47344
47346
47370
47371
47372
47386
47389
47393
47396
47405
47406
47407
47419
47422
47447
47466
47470
47471
47473
47476
47479
47480
47482
47488
47513
47552
47555
47572
47579
47581
47599
47616
47626
47639
47647
47662
47676
47685
47693
47696
47704
47714
47722
47736
47739
47740
47752
47756
47774
47786
47791
47797
47812
47815
47816
47822
47835
47855
47860
47887
47902
47914
47917
47923
47953
47957
47976
47997
48012
48023
48025
48026
48059
48111
48112
48121
48128
48136
48142
48167
48168
48173
48176
48180
48185
48187
48196
48200
48207
48210
48218
48227
48263
48267
48268
48274
48287
48295
48299
48322
48337
48350
48359
48364
48371
48403
48412
48414
48416
48419
48421
48434
48438
48439
48459
48479
48488
48511
48521
48523
48526
48529
48532
48542
48547
48554
48574
48578
48601
48602
48604
48607
48612
48613
48627
48631
48638
48641
48661
48670
48676
48677
48715
48716
48719
48727
48729
48742
48755
48765
48772
48780
48790
48791
48807
48815
48830
48834
48863
48897
48911
48920
48947
48960
48963
48969
49011
49013
49027
49029
49059
49065
49075
49085
49086
49097
49111
49124
49146
49150
49151
49171
49185
49197
49199
49200
49208
49214
49218
49220
49221
49224
49229
49232
49235
49243
49244
49253
49263
49268
49278
49280
49281
49304
49306
49310
49311
49322
49331
49336
49351
49354
49370
49374
49381
49387
49389
49394
49408
49419
49429
49443
49459
49463
49471
49478
49497
49518
49528
49530
49533
49535
49575
49576
49583
49594
49596
49598
49605
49621
49622
49639
49657
49685
49695
49713
49716
49720
49737
49739
49750
49770
49774
49780
49800
49815
49835
49848
49853
49867
49872
49883
49889
49894
49903
49924
49939
49949
49952
49953
49954
49974
49976
49987
49989
49996
50024
50026
50032
50042
50057
50061
50070
50072
50081
50101
50123
50127
50151
50156
50157
50173
50179
50185
50192
50197
50200
50205
50208
50235
50240
50256
50257
50281
50291
50298
50311
50324
50328
50331
50344
50353
50354
50357
50385
50390
50407
50423
50424
50434
50444
50480
50485
50492
50497
50518
50521
50523
50526
50539
50542
50555
50559
50566
50586
50617
50628
50629
50630
50637
50638
50642
50643
50654
50684
50696
50723
50727
50729
50750
50769
50774
50808
50813
50814
50820
50825
50828
50839
50852
50862
50876
50909
50924
50929
50930
50944
50949
50968
50974
50990
51006
51017
51019
51021
51029
51041
51044
51045
51052
51057
51059
51061
51108
51121
51122
51127
51147
51148
51150
51167
51168
51186
51226
51235
51259
51265
51286
51290
51299
51301
51303
51308
51310
51314
51327
51331
51336
51348
51352
51365
51375
51395
51404
51415
51422
51434
51460
51464
51466
51478
51479
51490
51491
51520
51533
51546
51573
51585
51587
51618
51623
51627
51629
51638
51649
51665
51669
51680
51699
51737
51753
51758
51774
51777
51789
51797
51799
51809
51815
51818
51824
51826
51828
51831
51834
51865
51866
51883
51884
51889
51892
51917
51922
51925
51949
51960
51968
51978
51980
51992
51997
51999
52021
52028
52036
52045
52047
52048
52064
52069
52079
52085
52095
52105
52113
52114
52126
52130
52133
52135
52154
52182
52185
52202
52204
52205
52221
52226
52228
52238
52245
52247
52276
52288
52289
52294
52305
52312
52313
52318
52320
52336
52354
52393
52396
52397
52409
52428
52429
52438
52449
52470
52508
52519
52520
52526
52554
52558
52593
52596
52597
52599
52609
52613
52617
52621
52625
52628
52629
52639
52649
52655
52673
52691
52696
52698
52716
52720
52728
52766
52793
52797
52799
52804
52809
52813
52817
52831
52832
52836
52847
52865
52885
52921
52928
52930
52934
52941
52955
52978
52993
52995
53014
53027
53030
53038
53073
53077
53085
53089
53101
53116
53117
53118
53124
53135
53173
53185
53189
53195
53207
53212
53219
53243
53255
53256
53257
53285
53290
53293
53297
53298
53299
53319
53328
53344
53350
53353
53354
53355
53360
53374
53380
53381
53387
53399
53401
53403
53404
53407
53424
53429
53432
53444
53454
53460
53469
53487
53502
53503
53509
53524
53533
53535
53536
53537
53555
53562
53573
53575
53632
53657
53665
53670
53678
53684
53685
53692
53705
53722
53734
53747
53751
53758
53785
53788
53800
53814
53851
53857
53861
53880
53881
53894
53897
53916
53917
53924
53928
53932
53936
53937
53939
53940
53959
53982
53994
54004
54010
54012
54080
54083
54089
54097
54100
54101
54102
54104
54108
54121
54141
54209
54214
54221
54229
54232
54235
54246
54272
54284
54290
54303
54313
54320
54323
54328
54349
54351
54354
54356
54368
54371
54391
54392
54404
54411
54421
54433
54445
54459
54464
54474
54475
54486
54491
54512
54515
54535
54595
54597
54600
54608
54613
54620
54642
54649
54689
54690
54703
54711
54728
54755
54764
54783
54786
54800
54804
54808
54810
54812
54817
54822
54832
54833
54835
54836
54844
54853
54864
54865
54873
54900
54922
54927
54939
54941
54942
54943
54948
54967
54980
54982
54985
54999
55006
55023
55027
55029
55045
55048
55056
55061
55065
55083
55095
55105
55110
55115
55130
55152
55177
55217
55227
55242
55246
55251
55253
55254
55259
55262
55275
55277
55278
55288
55290
55297
55302
55315
55345
55348
55354
55355
55361
55366
55398
55400
55408
55410
55432
55457
55474
55479
55481
55484
55487
55501
55503
55521
55541
55556
55576
55582
55588
55593
55617
55622
55624
55631
55646
55651
55656
55661
55663
55664
55666
55680
55682
55714
55721
55727
55728
55745
55747
55752
55765
55785
55805
55817
55822
55830
55837
55859
55873
55879
55890
55892
55907
55911
55917
55922
55967
55986
55993
56005
56023
56050
56101
56103
56124
56129
56137
56140
56158
56159
56161
56163
56174
56176
56181
56217
56219
56236
56239
56248
56256
56259
56318
56332
56347
56352
56353
56364
56388
56389
56397
56415
56418
56419
56424
56427
56429
56436
56444
56450
56454
56457
56459
56460
56469
56480
56489
56509
56512
56522
56530
56533
56544
56556
56570
56573
56580
56601
56606
56608
56609
56625
56626
56635
56651
56662
56664
56674
56680
56686
56694
56704
56707
56709
56715
56724
56735
56755
56766
56775
56777
56778
56781
56803
56835
56857
56868
56869
56876
56908
56909
56914
56929
56940
56941
56942
56947
56949
56950
56968
56969
56984
56989
57000
57003
57020
57034
57041
57042
57061
57064
57067
57068
57073
57091
57092
57115
57117
57120
57154
57161
57162
57176
57186
57201
57202
57214
57221
57241
57252
57261
57288
57296
57298
57315
57326
57337
57349
57356
57359
57364
57384
57390
57393
57395
57397
57407
57408
57420
57435
57451
57471
57486
57491
57494
57507
57542
57543
57558
57575
57596
57601
57620
57629
57634
57641
57642
57645
57646
57650
57659
57671
57682
57685
57686
57693
57695
57700
57705
57707
57720
57727
57730
57746
57757
57769
57784
57795
57798
57810
57822
57827
57840
57843
57847
57855
57887
57907
57912
57916
57917
57961
57962
57963
57977
57995
58002
58012
58014
58015
58035
58036
58038
58053
58062
58073
58074
58089
58102
58108
58110
58116
58119
58146
58160
58170
58180
58206
58223
58247
58256
58257
58265
58275
58306
58313
58316
58350
58353
58356
58360
58362
58376
58386
58396
58408
58457
58458
58461
58462
58477
58482
58489
58492
58500
58510
58521
58523
58532
58553
58560
58584
58594
58609
58616
58617
58645
58647
58655
58658
58659
58665
58668
58694
58726
58738
58743
58754
58765
58768
58769
58782
58784
58809
58819
58824
58829
58858
58861
58864
58880
58882
58897
58916
58934
58943
58952
58967
58970
58973
58982
59017
59023
59037
59043
59051
59059
59078
59087
59095
59103
59130
59142
59143
59148
59154
59155
59165
59173
59175
59187
59195
59197
59203
59212
59218
59225
59234
59241
59244
59249
59256
59267
59272
59288
59296
59313
59319
59331
59336
59337
59352
59353
59363
59372
59418
59420
59421
59433
59439
59450
59452
59457
59477
59497
59510
59536
59541
59547
59557
59558
59585
59594
59595
59605
59613
59615
59626
59639
59651
59653
59659
59667
59680
59681
59689
59696
59704
59712
59723
59730
59755
59762
59784
59786
59787
59795
59847
59859
59868
59869
59878
59898
59901
59911
59918
59929
59934
59940
59944
59952
59987
