9
26
53
58
60
61
64
89
115
118
120
127
131
142
146
150
163
164
166
191
194
217
222
223
237
257
271
272
275
289
292
297
329
336
338
347
354
357
363
369
372
373
380
402
412
413
438
442
481
505
531
544
564
569
576
578
585
589
590
605
606
616
647
655
661
663
677
680
682
692
697
700
706
717
718
729
742
746
749
754
797
804
826
828
834
842
844
847
848
850
851
855
877
882
894
897
906
926
945
967
987
988
990
991
1004
1006
1008
1010
1030
1037
1060
1073
1079
1083
1094
1098
1099
1110
1133
1160
1163
1164
1171
1172
1176
1180
1187
1196
1198
1203
1212
1215
1220
1227
1232
1248
1253
1258
1261
1271
1273
1275
1280
1308
1345
1373
1379
1380
1386
1408
1411
1424
1431
1440
1445
1446
1448
1460
1461
1473
1477
1487
1498
1508
1511
1528
1537
1541
1545
1554
1565
1568
1576
1580
1604
1613
1628
1630
1633
1646
1653
1660
1663
1667
1672
1685
1689
1692
1693
1704
1705
1707
1724
1738
1743
1744
1762
1764
1765
1767
1771
1812
1818
1827
1840
1842
1845
1854
1865
1885
1889
1911
1922
1927
1928
1932
1934
1967
1973
1976
1979
1992
2003
2013
2031
2032
2034
2036
2046
2050
2052
2071
2072
2089
2095
2106
2109
2129
2157
2164
2169
2176
2181
2185
2190
2204
2206
2208
2217
2220
2222
2224
2235
2236
2240
2254
2256
2264
2277
2289
2290
2294
2317
2323
2334
2338
2341
2360
2361
2390
2392
2406
2407
2416
2420
2424
2439
2441
2443
2449
2451
2452
2458
2466
2484
2485
2490
2524
2542
2546
2560
2578
2589
2596
2608
2647
2665
2686
2689
2715
2724
2732
2742
2754
2772
2773
2799
2800
2801
2808
2809
2819
2827
2829
2832
2856
2859
2874
2893
2896
2902
2913
2922
2943
2962
2963
2965
2983
2990
2992
3009
3018
3039
3052
3056
3061
3071
3072
3074
3088
3091
3092
3100
3110
3117
3125
3138
3157
3182
3183
3184
3194
3203
3218
3222
3235
3239
3240
3260
3261
3278
3280
3290
3312
3315
3334
3340
3350
3351
3352
3360
3370
3388
3399
3416
3417
3436
3437
3439
3450
3455
3457
3458
3459
3475
3477
3484
3496
3503
3504
3543
3547
3548
3573
3608
3611
3624
3625
3631
3639
3652
3666
3668
3686
3690
3694
3697
3701
3708
3716
3724
3732
3739
3753
3761
3783
3801
3817
3828
3831
3837
3838
3844
3857
3862
3877
3903
3905
3910
3911
3945
3946
3957
3978
3984
3990
4003
4035
4038
4055
4075
4088
4099
4102
4125
4132
4133
4135
4146
4169
4172
4174
4178
4180
4195
4197
4205
4224
4237
4240
4252
4264
4274
4283
4292
4297
4301
4318
4336
4346
4361
4379
4382
4386
4406
4410
4417
4423
4433
4436
4438
4439
4447
4454
4460
4464
4467
4473
4493
4494
4498
4513
4515
4522
4538
4539
4540
4549
4564
4567
4593
4613
4619
4626
4633
4636
4641
4668
4703
4707
4730
4737
4746
4757
4758
4768
4779
4780
4782
4787
4789
4796
4798
4802
4822
4833
4834
4838
4839
4861
4874
4877
4890
4896
4910
4919
4939
4946
4952
4954
4959
5002
5003
5021
5032
5033
5038
5046
5047
5060
5064
5069
5077
5085
5091
5101
5105
5111
5117
5118
5122
5124
5134
5138
5139
5155
5161
5175
5195
5198
5265
5278
5287
5293
5295
5313
5322
5324
5331
5356
5361
5366
5381
5401
5406
5410
5444
5450
5482
5513
5549
5562
5575
5580
5581
5623
5636
5639
5673
5689
5703
5708
5720
5734
5735
5755
5764
5777
5792
5796
5805
5807
5813
5822
5835
5839
5851
5854
5863
5880
5891
5899
5936
5944
5945
5954
5960
5969
5982
5989
6009
6025
6028
6035
6037
6049
6067
6095
6101
6107
6120
6154
6160
6169
6184
6189
6193
6210
6215
6218
6220
6235
6253
6256
6258
6260
6268
6271
6281
6283
6308
6312
6323
6329
6336
6351
6424
6429
6448
6449
6454
6462
6469
6483
6484
6490
6519
6536
6548
6552
6553
6556
6560
6588
6596
6598
6621
6652
6653
6654
6656
6658
6669
6672
6674
6689
6714
6716
6729
6733
6753
6759
6761
6778
6794
6797
6798
6804
6807
6810
6812
6817
6833
6853
6859
6861
6865
6879
6881
6887
6890
6901
6916
6941
6949
6955
6971
6990
6995
6996
7002
7009
7011
7036
7045
7090
7100
7120
7124
7143
7145
7152
7166
7178
7186
7191
7204
7211
7227
7248
7280
7282
7285
7296
7299
7319
7327
7343
7350
7357
7366
7383
7399
7417
7426
7442
7464
7487
7489
7502
7517
7526
7551
7560
7573
7579
7596
7611
7637
7647
7652
7657
7677
7699
7703
7705
7722
7723
7725
7726
7734
7749
7751
7765
7779
7804
7817
7818
7826
7843
7854
7863
7864
7883
7903
7909
7914
7937
7955
7958
7965
7974
7984
7999
8006
8037
8041
8061
8081
8086
8117
8174
8179
8207
8208
8212
8215
8235
8239
8240
8243
8261
8266
8281
8298
8325
8333
8341
8344
8351
8364
8370
8380
8399
8400
8415
8438
8457
8458
8477
8484
8495
8508
8515
8534
8539
8553
8560
8567
8570
8579
8580
8583
8587
8600
8603
8622
8634
8644
8650
8657
8673
8677
8696
8711
8737
8747
8755
8768
8775
8787
8796
8821
8825
8832
8840
8854
8857
8872
8874
8875
8887
8890
8896
8906
8914
8925
8930
8943
8944
8950
8956
8962
8964
8973
8995
8996
9025
9026
9029
9030
9040
9046
9071
9082
9091
9100
9109
9116
9137
9139
9145
9147
9148
9149
9172
9182
9189
9190
9216
9245
9267
9282
9291
9321
9337
9348
9353
9362
9370
9375
9385
9388
9391
9392
9410
9431
9436
9442
9449
9461
9465
9484
9493
9496
9513
9536
9541
9547
9558
9566
9586
9597
9632
9640
9667
9701
9704
9709
9714
9718
9741
9746
9761
9765
9781
9795
9821
9867
9872
9880
9883
9887
9902
9920
9931
9940
9976
9980
9984
9993
10013
10017
10018
10033
10049
10060
10103
10104
10114
10133
10150
10153
10159
10172
10175
10177
10187
10196
10209
10212
10216
10225
10227
10233
10236
10241
10252
10262
10269
10301
10303
10310
10311
10313
10320
10331
10338
10350
10351
10370
10371
10391
10396
10403
10433
10437
10459
10460
10462
10467
10489
10491
10494
10521
10525
10531
10549
10558
10560
10571
10587
10589
10594
10607
10618
10626
10631
10633
10634
10636
10639
10641
10642
10643
10679
10683
10690
10693
10695
10704
10713
10724
10733
10736
10737
10758
10768
10778
10809
10812
10845
10850
10854
10858
10869
10870
10888
10894
10899
10912
10918
10923
10928
10937
10952
10964
10967
10990
10997
10999
11000
11008
11009
11016
11024
11040
11044
11046
11073
11085
11111
11113
11124
11126
11127
11131
11153
11167
11184
11206
11207
11209
11227
11255
11256
11264
11283
11302
11303
11314
11323
11330
11331
11345
11369
11378
11381
11389
11408
11414
11419
11424
11434
11447
11459
11460
11463
11468
11471
11494
11495
11496
11547
11567
11578
11584
11585
11598
11624
11627
11629
11641
11646
11649
11652
11653
11658
11670
11685
11692
11709
11713
11740
11744
11764
11767
11770
11783
11799
11801
11815
11818
11824
11852
11861
11879
11886
11893
11913
11916
11930
11953
11955
11956
11962
11965
11967
11988
12001
12030
12033
12034
12036
12052
12055
12058
12064
12069
12070
12075
12097
12098
12105
12121
12122
12125
12136
12169
12187
12192
12194
12205
12224
12227
12247
12256
12267
12279
12285
12306
12316
12322
12328
12332
12343
12384
12385
12396
12398
12418
12427
12438
12455
12458
12460
12465
12472
12485
12495
12505
12511
12525
12530
12538
12543
12564
12577
12581
12595
12610
12615
12616
12618
12639
12644
12654
12655
12675
12687
12711
12726
12731
12736
12749
12752
12755
12760
12763
12779
12786
12788
12790
12795
12817
12820
12827
12830
12867
12870
12873
12912
12915
12922
12935
12948
12955
12966
12968
12969
12973
12976
12991
12997
13008
13009
13052
13069
13071
13073
13104
13125
13128
13132
13143
13163
13183
13221
13223
13236
13241
13251
13252
13263
13267
13271
13277
13291
13302
13339
13340
13350
13363
13367
13385
13418
13419
13426
13441
13443
13446
13451
13463
13471
13473
13500
13507
13520
13541
13548
13553
13558
13564
13589
13634
13640
13650
13653
13664
13683
13688
13714
13765
13766
13817
13823
13824
13832
13841
13848
13850
13852
13856
13861
13864
13868
13870
13878
13901
13902
13908
13927
13942
13943
13968
13969
13971
13973
13981
13985
13986
13987
14018
14027
14036
14064
14066
14067
14086
14103
14105
14132
14134
14140
14156
14175
14176
14185
14187
14188
14193
14194
14198
14206
14207
14220
14225
14234
14241
14247
14257
14259
14260
14272
14274
14285
14290
14294
14296
14301
14326
14335
14341
14349
14351
14390
14397
14411
14415
14424
14426
14432
14433
14440
14449
14460
14467
14469
14482
14495
14496
14501
14520
14528
14537
14538
14539
14542
14546
14565
14572
14578
14587
14592
14602
14616
14620
14621
14637
14650
14652
14654
14657
14666
14683
14695
14700
14702
14715
14720
14739
14740
14769
14774
14785
14788
14793
14865
14871
14882
14885
14904
14905
14927
14939
14947
14957
14966
14972
14981
14990
15000
15007
15011
15023
15027
15035
15038
15058
15059
15078
15092
15100
15161
15179
15180
15184
15186
15207
15214
15219
15259
15265
15274
15294
15298
15310
15313
15347
15352
15359
15376
15394
15400
15405
15416
15420
15426
15429
15432
15456
15479
15514
15521
15525
15543
15551
15556
15563
15568
15576
15604
15615
15617
15622
15657
15665
15668
15682
15683
15686
15703
15729
15735
15752
15783
15784
15787
15821
15822
15841
15871
15876
15891
15927
15931
15942
15943
15970
16009
16037
16048
16051
16062
16068
16093
16094
16098
16127
16155
16168
16169
16180
16188
16195
16206
16214
16216
16225
16240
16251
16255
16279
16290
16293
16302
16312
16313
16314
16331
16338
16359
16366
16387
16389
16391
16397
16399
16423
16431
16434
16438
16443
16448
16450
16466
16526
16531
16541
16542
16544
16566
16571
16572
16578
16593
16600
16605
16612
16625
16652
16680
16706
16719
16723
16738
16747
16784
16807
16818
16850
16851
16863
16865
16874
16875
16886
16899
16912
16913
16929
16942
16947
16969
16977
16982
16985
16995
16996
17014
17015
17018
17020
17057
17067
17074
17076
17086
17091
17141
17157
17158
17182
17198
17203
17215
17218
17231
17238
17256
17276
17281
17299
17300
17313
17321
17325
17326
17357
17390
17393
17399
17406
17412
17415
17417
17428
17444
17450
17451
17469
17474
17478
17492
17498
17502
17511
17518
17523
17536
17565
17568
17573
17576
17577
17590
17592
17604
17613
17640
17678
17694
17701
17710
17717
17730
17733
17736
17740
17744
17746
17767
17769
17774
17791
17801
17822
17823
17837
17840
17842
17844
17862
17865
17868
17870
17873
17883
17891
17898
17913
17916
17922
17926
17931
17934
17940
17944
17954
17970
17976
17991
18008
18011
18026
18031
18056
18062
18071
18081
18088
18092
18101
18121
18133
18136
18139
18145
18180
18184
18185
18190
18200
18202
18203
18223
18233
18245
18246
18279
18283
18294
18297
18306
18308
18327
18332
18345
18362
18365
18385
18398
18420
18436
18438
18445
18455
18460
18473
18483
18484
18487
18490
18496
18504
18512
18519
18551
18560
18570
18582
18589
18592
18596
18601
18604
18607
18617
18636
18637
18638
18654
18686
18708
18717
18724
18726
18745
18767
18768
18787
18831
18846
18854
18866
18867
18877
18888
18898
18905
18913
18917
18937
18941
18954
18981
18988
18990
18999
19008
19026
19032
19033
19034
19044
19055
19076
19088
19107
19111
19112
19113
19121
19123
19138
19154
19161
19192
19202
19204
19217
19223
19233
19249
19252
19281
19286
19287
19294
19299
19311
19357
19375
19378
19380
19389
19401
19404
19406
19414
19427
19447
19467
19469
19478
19484
19498
19499
19514
19520
19521
19522
19531
19561
19564
19573
19599
19608
19621
19632
19634
19657
19666
19672
19677
19686
19697
19700
19727
19730
19789
19794
19795
19810
19813
19819
19827
19840
19853
19882
19922
19923
19936
19943
19952
19957
19961
19975
19981
19983
19998
20008
20011
20040
20053
20056
20059
20063
20069
20082
20110
20118
20144
20149
20169
20172
20176
20180
20182
20183
20197
20208
20211
20230
20234
20236
20250
20251
20258
20276
20287
20293
20294
20297
20303
20338
20346
20350
20368
20379
20396
20399
20415
20425
20429
20447
20460
20464
20467
20468
20484
20490
20496
20525
20527
20529
20574
20585
20599
20617
20620
20634
20650
20651
20652
20653
20665
20680
20696
20714
20717
20726
20730
20741
20768
20776
20794
20809
20813
20835
20836
20851
20894
20897
20907
20908
20924
20932
20950
20956
20962
20965
20972
20976
20995
20999
21017
21022
21037
21057
21072
21076
21077
21096
21107
21119
21130
21131
21134
21140
21152
21163
21181
21185
21186
21223
21232
21235
21246
21262
21263
21269
21270
21296
21304
21307
21326
21327
21330
21339
21363
21374
21393
21417
21430
21431
21440
21442
21448
21461
21472
21480
21490
21491
21499
21500
21503
21517
21541
21561
21581
21590
21599
21619
21627
21642
21644
21648
21655
21661
21664
21691
21723
21729
21731
21738
21743
21745
21746
21770
21776
21777
21788
21792
21797
21807
21814
21817
21822
21828
21830
21837
21846
21849
21858
21867
21875
21882
21886
21887
21888
21906
21916
21922
21924
21931
21935
21936
21940
21951
21965
21968
21973
21988
21992
21994
21999
22012
22016
22028
22031
22034
22051
22064
22071
22085
22096
22098
22105
22106
22161
22176
22184
22189
22197
22233
22242
22253
22262
22273
22276
22285
22295
22311
22327
22331
22355
22361
22367
22372
22376
22394
22400
22402
22403
22409
22418
22432
22456
22461
22472
22479
22480
22482
22488
22495
22504
22525
22531
22535
22544
22547
22553
22563
22564
22572
22574
22580
22584
22590
22595
22602
22607
22614
22630
22645
22660
22666
22670
22697
22714
22722
22724
22747
22750
22766
22768
22771
22774
22786
22806
22818
22838
22839
22843
22885
22905
22929
22933
22960
22968
22970
22974
22980
22985
22988
22991
22992
22997
22998
23009
23014
23017
23031
23033
23055
23083
23085
23096
23103
23121
23135
23150
23151
23152
23161
23174
23175
23187
23188
23196
23197
23199
23201
23208
23269
23270
23272
23274
23299
23306
23307
23326
23339
23359
23375
23406
23429
23432
23459
23474
23478
23484
23486
23504
23513
23522
23528
23534
23538
23549
23565
23580
23583
23592
23595
23596
23599
23615
23623
23641
23644
23648
23658
23664
23670
23685
23696
23713
23714
23750
23761
23781
23801
23834
23837
23850
23855
23871
23878
23881
23896
23904
23913
23931
23933
23936
23956
23974
23979
23992
23999
24018
24019
24032
24033
24039
24047
24052
24076
24084
24087
24090
24109
24113
24120
24127
24154
24161
24169
24192
24195
24244
24252
24253
24262
24272
24273
24274
24287
24292
24295
24296
24298
24302
24316
24327
24334
24340
24365
24371
24378
24385
24391
24407
24432
24437
24440
24451
24456
24471
24472
24493
24499
24506
24511
24514
24519
24527
24530
24542
24543
24579
24590
24597
24601
24604
24607
24637
24642
24648
24668
24669
24673
24703
24713
24719
24734
24744
24745
24758
24761
24766
24767
24781
24795
24798
24810
24822
24855
24866
24869
24874
24880
24885
24901
24929
24941
24952
24976
24977
24978
24986
24992
25001
25006
25014
25048
25050
25053
25056
25086
25100
25109
25154
25162
25169
25170
25173
25175
25180
25182
25194
25197
25218
25234
25255
25279
25288
25292
25293
25305
25313
25333
25334
25347
25353
25361
25365
25378
25380
25382
25396
25401
25410
25419
25438
25470
25471
25479
25484
25488
25490
25498
25503
25505
25550
25555
25558
25568
25575
25587
25602
25604
25605
25612
25613
25616
25621
25635
25644
25653
25656
25660
25662
25668
25670
25682
25722
25737
25739
25742
25759
25760
25772
25784
25788
25790
25791
25803
25826
25831
25844
25845
25848
25856
25866
25869
25875
25878
25884
25887
25894
25903
25925
25931
25938
25960
25971
25990
25995
26000
26035
26067
26069
26074
26086
26105
26106
26109
26111
26132
26137
26166
26172
26187
26193
26207
26217
26235
26242
26246
26249
26264
26269
26281
26293
26296
26297
26309
26334
26367
26435
26450
26456
26465
26480
26494
26506
26510
26528
26544
26546
26564
26567
26573
26582
26588
26591
26599
26602
26606
26618
26627
26634
26652
26668
26673
26693
26704
26725
26738
26763
26769
26772
26778
26797
26816
26847
26855
26864
26869
26872
26879
26883
26895
26897
26904
26911
26963
26982
26985
27001
27009
27014
27036
27040
27041
27044
27055
27056
27077
27080
27088
27097
27102
27125
27129
27141
27180
27218
27221
27222
27227
27267
27272
27273
27313
27315
27335
27346
27351
27352
27364
27365
27371
27390
27398
27424
27431
27433
27437
27468
27476
27487
27490
27494
27495
27514
27517
27533
27538
27552
27555
27575
27584
27586
27588
27612
27617
27620
27676
27686
27689
27694
27695
27713
27715
27738
27743
27762
27765
27776
27782
27800
27824
27825
27826
27832
27857
27882
27901
27914
27919
27922
27939
27955
27959
27980
28008
28020
28022
28028
28034
28036
28043
28049
28063
28081
28086
28096
28109
28121
28124
28128
28139
28146
28159
28164
28173
28190
28217
28225
28227
28237
28243
28248
28253
28290
28304
28310
28311
28312
28327
28363
28373
28398
28426
28442
28449
28461
28462
28464
28468
28480
28487
28492
28493
28500
28501
28509
28518
28543
28547
28551
28556
28573
28578
28584
28588
28599
28600
28605
28610
28614
28615
28620
28635
28655
28669
28674
28683
28691
28700
28705
28706
28747
28792
28799
28800
28806
28814
28823
28843
28863
28866
28907
28914
28917
28919
28938
28942
28952
28954
28963
28976
28980
28996
29007
29011
29017
29024
29046
29047
29063
29075
29087
29115
29122
29123
29125
29130
29135
29166
29196
29206
29207
29228
29241
29251
29252
29256
29258
29271
29291
29321
29339
29340
29358
29367
29385
29418
29429
29435
29444
29461
29467
29480
29485
29503
29509
29523
29530
29533
29542
29550
29553
29558
29561
29566
29574
29577
29584
29588
29600
29606
29617
29631
29638
29645
29683
29685
29688
29690
29692
29708
29721
29731
29739
29742
29744
29747
29754
29761
29764
29779
29787
29788
29792
29794
29818
29820
29827
29854
29864
29866
29879
29884
29885
29898
29910
29914
29922
29929
29941
29942
29946
29960
30006
30016
30039
30059
30066
30079
30108
30113
30130
30134
30162
30164
30167
30169
30174
30180
30186
30195
30197
30198
30215
30231
30234
30243
30253
30266
30269
30272
30276
30281
30283
30287
30298
30311
30316
30321
30327
30361
30386
30447
30458
30463
30464
30472
30491
30506
30529
30536
30542
30552
30554
30560
30573
30588
30590
30602
30613
30632
30637
30646
30658
30666
30682
30683
30691
30702
30708
30725
30736
30743
30747
30763
30773
30779
30792
30795
30815
30830
30835
30846
30851
30861
30863
30868
30875
30876
30886
30888
30890
30908
30921
30927
30933
30935
30953
30954
31006
31023
31025
31029
31036
31050
31051
31067
31083
31090
31102
31106
31111
31114
31121
31123
31157
31159
31163
31164
31223
31224
31227
31235
31246
31251
31272
31285
31291
31305
31315
31317
31322
31324
31340
31350
31359
31378
31403
31412
31416
31419
31435
31436
31438
31447
31448
31453
31471
31484
31501
31514
31517
31522
31536
31539
31541
31543
31549
31552
31580
31583
31598
31599
31601
31632
31660
31668
31692
31711
31717
31728
31743
31750
31753
31761
31774
31777
31790
31793
31814
31817
31872
31883
31885
31940
31941
31951
31977
31994
32010
32015
32020
32037
32045
32049
32053
32056
32069
32084
32088
32094
32101
32108
32124
32126
32130
32139
32164
32172
32178
32182
32186
32188
32191
32213
32238
32262
32272
32278
32286
32301
32308
32310
32321
32328
32340
32341
32369
32384
32391
32412
32419
32425
32448
32458
32466
32490
32498
32499
32512
32513
32518
32524
32556
32558
32560
32565
32578
32583
32600
32602
32628
32647
32661
32669
32673
32683
32719
32762
32769
32772
32776
32787
32793
32798
32801
32802
32813
32829
32830
32832
32837
32838
32851
32862
32895
32911
32917
32934
32939
32993
32997
33011
33019
33031
33051
33064
33070
33083
33106
33115
33117
33121
33125
33127
33149
33165
33177
33195
33204
33218
33248
33262
33265
33276
33282
33285
33301
33312
33317
33320
33322
33346
33347
33355
33391
33411
33415
33426
33452
33456
33473
33493
33506
33545
33551
33552
33554
33561
33563
33565
33574
33581
33614
33623
33626
33630
33637
33638
33650
33662
33671
33679
33692
33702
33708
33711
33714
33720
33726
33731
33740
33747
33761
33787
33792
33805
33816
33824
33833
33846
33849
33852
33853
33861
33884
33888
33889
33894
33900
33915
33922
33925
33926
33932
33952
33955
33958
33971
33991
33994
34000
34015
34022
34027
34037
34043
34067
34093
34101
34102
34108
34109
34122
34130
34133
34138
34140
34144
34146
34185
34192
34210
34216
34221
34234
34240
34249
34266
34275
34276
34279
34281
34282
34290
34294
34346
34348
34349
34354
34357
34367
34379
34389
34406
34409
34420
34424
34428
34429
34430
34464
34465
34468
34497
34507
34530
34537
34545
34550
34570
34571
34593
34596
34611
34631
34682
34683
34733
34735
34742
34750
34752
34765
34780
34781
34784
34798
34808
34809
34810
34823
34830
34855
34860
34875
34876
34895
34912
34947
34948
34949
34953
34955
34971
34988
34991
34992
34994
35003
35075
35078
35095
35098
35126
35136
35141
35142
35144
35166
35178
35179
35183
35186
35201
35202
35227
35229
35234
35254
35256
35258
35259
35263
35279
35293
35304
35312
35314
35319
35324
35335
35352
35362
35363
35392
35402
35412
35418
35425
35429
35442
35461
35472
35482
35490
35493
35507
35513
35533
35534
35546
35551
35556
35566
35581
35583
35584
35585
35590
35601
35624
35626
35634
35635
35656
35662
35665
35673
35686
35705
35716
35725
35748
35752
35769
35771
35780
35792
35813
35818
35822
35830
35839
35840
35849
35852
35866
35875
35879
35884
35895
35900
35904
35906
35913
35919
35926
35951
35952
35964
35966
35989
35999
36017
36025
36039
36053
36073
36075
36092
36097
36105
36151
36190
36191
36200
36202
36204
36208
36212
36218
36222
36226
36237
36243
36246
36279
36280
36286
36296
36314
36322
36336
36339
36342
36346
36350
36353
36359
36364
36379
36384
36394
36399
36400
36419
36424
36428
36434
36435
36441
36455
36466
36483
36494
36500
36502
36513
36518
36548
36552
36557
36577
36584
36596
36597
36601
36619
36632
36634
36640
36647
36659
36664
36668
36674
36675
36676
36706
36726
36733
36741
36742
36759
36790
36791
36795
36836
36837
36867
36877
36892
36897
36907
36909
36923
36932
36938
36940
36941
36952
36970
36977
36995
37010
37019
37040
37067
37074
37076
37087
37104
37112
37128
37140
37144
37156
37171
37176
37183
37221
37227
37239
37248
37257
37262
37264
37272
37273
37294
37295
37302
37311
37315
37328
37339
37366
37372
37381
37388
37392
37395
37410
37419
37428
37429
37450
37485
37487
37490
37492
37496
37508
37516
37519
37528
37530
37546
37562
37585
37594
37603
37616
37623
37626
37633
37634
37645
37648
37683
37687
37704
37712
37722
37731
37736
37747
37767
37785
37793
37794
37799
37800
37815
37826
37831
37840
37846
37851
37884
37889
37893
37899
37916
37945
37958
37961
37975
37986
37988
38011
38012
38021
38040
38047
38052
38072
38111
38122
38132
38133
38147
38152
38168
38169
38173
38175
38188
38201
38203
38209
38227
38236
38253
38262
38270
38274
38284
38286
38296
38301
38316
38323
38343
38363
38370
38372
38373
38374
38375
38385
38392
38402
38428
38475
38485
38496
38498
38503
38515
38518
38524
38531
38551
38567
38568
38583
38601
38603
38616
38617
38619
38622
38630
38631
38645
38654
38671
38710
38717
38737
38757
38786
38789
38803
38811
38812
38813
38821
38822
38834
38855
38871
38872
38888
38898
38906
38919
38922
38938
38940
38957
38966
38977
38978
38984
38997
39024
39045
39046
39063
39078
39080
39083
39101
39110
39117
39123
39128
39129
39130
39151
39182
39186
39204
39229
39239
39241
39245
39248
39255
39272
39298
39302
39303
39304
39324
39341
39361
39368
39375
39386
39387
39396
39413
39414
39433
39435
39443
39449
39458
39471
39486
39491
39492
39511
39514
39518
39525
39529
39536
39543
39548
39551
39558
39563
39584
39588
39590
39607
39634
39635
39636
39638
39670
39674
39680
39690
39703
39720
39723
39730
39736
39738
39743
39763
39783
39791
39799
39808
39809
39812
39833
39850
39867
39875
39886
39891
39894
39916
39943
39954
39963
39976
39983
39990
40013
40025
40030
40048
40066
40081
40094
40112
40116
40123
40130
40135
40156
40163
40164
40166
40168
40169
40187
40212
40224
40225
40226
40234
40236
40238
40258
40280
40285
40288
40300
40309
40316
40334
40343
40354
40361
40363
40379
40392
40402
40424
40426
40429
40435
40444
40449
40450
40460
40493
40495
40496
40504
40519
40529
40536
40548
40552
40573
40576
40585
40593
40600
40601
40602
40606
40621
40657
40660
40671
40672
40677
40680
40702
40703
40719
40721
40723
40766
40793
40806
40827
40834
40835
40842
40846
40867
40885
40903
40910
40912
40913
40919
40923
40926
40934
40946
40950
40955
40958
40990
40992
40999
41006
41017
41022
41028
41029
41036
41066
41068
41075
41079
41093
41098
41109
41120
41125
41133
41145
41159
41163
41166
41173
41192
41206
41220
41237
41246
41293
41298
41307
41319
41328
41342
41351
41354
41355
41380
41406
41426
41440
41444
41455
41456
41473
41482
41511
41528
41568
41569
41574
41576
41580
41625
41626
41648
41655
41664
41671
41678
41680
41686
41691
41714
41716
41720
41722
41724
41734
41749
41774
41780
41796
41804
41818
41825
41838
41845
41846
41864
41865
41870
41885
41886
41906
41913
41915
41921
41923
41925
41930
41950
41964
41977
41981
41990
41991
41993
42018
42032
42033
42042
42044
42058
42078
42099
42116
42128
42145
42149
42150
42167
42181
42187
42198
42213
42216
42233
42236
42249
42260
42263
42272
42286
42292
42304
42329
42330
42333
42345
42346
42357
42377
42382
42399
42411
42421
42425
42455
42464
42471
42484
42507
42519
42547
42553
42567
42574
42587
42616
42620
42630
42638
42653
42669
42676
42697
42710
42711
42742
42744
42750
42766
42770
42774
42779
42781
42787
42793
42809
42816
42822
42825
42854
42857
42858
42895
42933
42952
42956
42973
42995
43009
43010
43015
43022
43026
43027
43038
43041
43073
43078
43106
43112
43119
43123
43130
43137
43150
43152
43156
43157
43173
43205
43217
43228
43231
43239
43274
43275
43278
43291
43295
43302
43304
43355
43364
43370
43375
43395
43398
43401
43415
43433
43452
43466
43467
43473
43481
43487
43507
43516
43530
43600
43604
43608
43612
43614
43621
43622
43626
43636
43639
43655
43657
43688
43700
43709
43713
43721
43730
43732
43737
43740
43756
43781
43797
43812
43819
43832
43835
43858
43881
43903
43904
43906
43928
43929
43934
43947
43954
43983
43987
44013
44027
44037
44047
44052
44053
44068
44086
44088
44091
44100
44105
44110
44124
44134
44153
44155
44167
44190
44218
44224
44232
44233
44251
44264
44275
44279
44283
44284
44291
44294
44301
44332
44342
44345
44352
44356
44379
44386
44405
44419
44447
44459
44464
44466
44499
44510
44515
44521
44523
44528
44530
44535
44544
44584
44587
44593
44594
44609
44613
44620
44623
44632
44636
44668
44685
44688
44689
44694
44711
44712
44731
44751
44761
44771
44791
44798
44831
44842
44850
44877
44885
44894
44901
44904
44905
44921
44937
44942
44956
44960
44963
44966
44977
44983
44990
44998
45009
45025
45033
45038
45048
45064
45069
45095
45100
45121
45137
45148
45153
45172
45184
45191
45198
45205
45210
45214
45219
45231
45234
45238
45243
45245
45280
45295
45296
45299
45318
45325
45330
45339
45353
45357
45360
45390
45391
45394
45404
45424
45429
45436
45472
45485
45507
45533
45538
45550
45560
45564
45565
45574
45578
45590
45613
45670
45674
45681
45709
45718
45724
45740
45749
45751
45752
45761
45773
45776
45778
45788
45794
45815
45821
45827
45834
45847
45850
45860
45876
45912
45915
45916
45928
45936
45950
45981
45982
46004
46016
46022
46033
46037
46038
46052
46057
46059
46065
46097
46104
46112
46128
46150
46164
46172
46194
46220
46232
46234
46245
46257
46281
46305
46324
46325
46333
46338
46352
46357
46365
46367
46374
46384
46388
46401
46402
46415
46420
46428
46431
46451
46456
46460
46467
46472
46487
46530
46533
46541
46550
46561
46564
46568
46577
46613
46622
46623
46624
46644
46668
46677
46680
46691
46711
46712
46716
46728
46731
46734
46740
46745
46754
46757
46761
46766
46777
46781
46786
46790
46795
46798
46806
46843
46846
46852
46877
46881
46884
46886
46894
46920
46922
46925
46933
46939
46955
46960
46976
46981
46993
46995
47001
47002
47028
47029
47033
47044
47058
47068
47070
47076
47086
47089
47092
47094
47109
47121
47154
47159
47175
47198
47210
47211
47215
47240
47252
47276
47282
47285
47293
47294
47299
47308
47313
47318
47330
47336
47347
47363
47365
47368
47379
47397
47413
47414
47431
47451
47452
47477
47483
47500
47507
47518
47521
47523
47532
47541
47558
47566
47569
47571
47589
47604
47606
47607
47608
47665
47674
47680
47690
47691
47695
47701
47708
47724
47732
47744
47750
47763
47764
47771
47779
47785
47807
47814
47823
47826
47843
47871
47884
47921
47927
47937
47961
47981
47996
48000
48013
48015
48018
48020
48044
48047
48048
48056
48067
48068
48084
48087
48103
48120
48123
48172
48194
48195
48198
48202
48215
48216
48235
48240
48252
48282
48286
48288
48310
48313
48314
48327
48342
48357
48365
48373
48376
48379
48389
48399
48410
48418
48436
48442
48447
48448
48466
48467
48470
48478
48486
48487
48496
48508
48514
48520
48522
48535
48553
48558
48581
48582
48595
48596
48608
48635
48646
48653
48660
48669
48690
48692
48703
48710
48728
48730
48745
48754
48760
48763
48764
48779
48785
48786
48798
48813
48819
48833
48835
48840
48853
48854
48870
48880
48890
48895
48919
48929
48936
48937
48942
48953
48957
48959
48961
48962
48970
48972
48984
48990
49000
49001
49005
49015
49017
49050
49072
49078
49092
49102
49105
49127
49138
49144
49149
49155
49162
49169
49172
49196
49206
49225
49237
49251
49256
49271
49274
49289
49299
49309
49325
49341
49345
49373
49379
49382
49386
49398
49403
49417
49423
49435
49467
49480
49483
49501
49513
49514
49542
49546
49552
49587
49609
49629
49646
49647
49653
49665
49676
49678
49683
49688
49692
49700
49702
49707
49712
49722
49729
49733
49741
49745
49753
49777
49795
49814
49823
49839
49843
49850
49858
49861
49874
49897
49920
49927
49934
49937
49940
49942
49967
49979
49980
49982
49998
50005
50009
50012
50014
50022
50031
50037
50049
50050
50069
50080
50089
50090
50109
50119
50134
50149
50152
50154
50161
50164
50182
50188
50216
50243
50267
50282
50284
50299
50314
50319
50339
50377
50388
50389
50405
50411
50416
50419
50425
50427
50432
50433
50450
50466
50471
50486
50496
50502
50510
50517
50528
50531
50534
50547
50564
50567
50583
50587
50591
50592
50599
50600
50606
50609
50614
50616
50635
50636
50653
50656
50670
50673
50694
50699
50704
50712
50715
50725
50737
50757
50788
50801
50819
50833
50835
50841
50844
50846
50858
50861
50879
50889
50895
50916
50917
50937
50948
50957
50973
50981
50998
51018
51026
51028
51033
51046
51047
51049
51056
51071
51076
51077
51081
51098
51110
51111
51114
51125
51135
51146
51155
51170
51175
51182
51188
51199
51202
51221
51225
51255
51261
51263
51264
51270
51288
51309
51312
51325
51328
51337
51338
51350
51351
51360
51364
51368
51374
51382
51396
51398
51403
51423
51445
51449
51453
51454
51482
51515
51549
51579
51593
51598
51600
51604
51622
51625
51637
51652
51677
51678
51684
51685
51689
51693
51703
51712
51722
51723
51780
51791
51814
51817
51823
51853
51860
51868
51873
51893
51894
51902
51921
51923
51926
51929
51939
51944
51951
51962
51966
51979
52007
52015
52024
52063
52074
52087
52103
52112
52128
52137
52140
52155
52158
52165
52200
52211
52222
52229
52243
52246
52260
52267
52274
52277
52279
52293
52299
52308
52343
52344
52346
52348
52377
52384
52402
52414
52417
52424
52437
52442
52448
52457
52464
52473
52499
52515
52517
52522
52532
52564
52566
52572
52580
52589
52600
52604
52623
52631
52642
52652
52658
52663
52681
52682
52697
52703
52704
52708
52727
52729
52734
52746
52748
52756
52757
52789
52815
52823
52834
52838
52852
52855
52873
52876
52893
52909
52919
52920
52935
52945
52973
52979
52985
52988
52996
53012
53025
53031
53032
53052
53062
53078
53093
53106
53125
53130
53134
53141
53144
53145
53147
53157
53163
53192
53205
53222
53226
53249
53254
53260
53263
53278
53288
53307
53335
53346
53347
53362
53363
53364
53376
53378
53384
53411
53421
53426
53439
53446
53449
53450
53451
53458
53459
53476
53477
53492
53495
53517
53519
53528
53546
53551
53582
53596
53602
53607
53613
53618
53631
53633
53649
53654
53655
53673
53674
53693
53707
53710
53713
53731
53738
53739
53753
53760
53767
53768
53776
53808
53811
53820
53823
53832
53834
53850
53856
53867
53873
53883
53888
53898
53905
53912
53914
53925
53934
53945
53948
53955
53965
53974
53988
53990
53993
54007
54009
54017
54041
54042
54094
54112
54116
54129
54130
54149
54156
54158
54171
54175
54179
54185
54187
54196
54234
54245
54276
54279
54294
54309
54319
54324
54347
54358
54359
54374
54376
54379
54399
54410
54412
54415
54419
54422
54427
54431
54447
54452
54455
54473
54494
54514
54521
54549
54551
54563
54567
54582
54588
54628
54634
54637
54650
54657
54668
54672
54686
54710
54718
54729
54742
54748
54756
54758
54767
54769
54770
54777
54785
54791
54801
54807
54809
54813
54814
54827
54852
54861
54869
54878
54881
54899
54903
54906
54911
54918
54921
54936
54960
54972
54991
54992
54998
55000
55004
55005
55024
55025
55030
55051
55053
55073
55074
55085
55087
55098
55101
55109
55124
55136
55141
55160
55178
55181
55187
55191
55197
55206
55239
55258
55279
55280
55285
55294
55303
55318
55320
55323
55328
55332
55337
55339
55340
55351
55359
55362
55385
55416
55418
55421
55423
55424
55427
55448
55469
55490
55511
55516
55522
55529
55532
55538
55546
55552
55564
55575
55577
55585
55598
55605
55607
55630
55641
55654
55658
55673
55675
55676
55681
55684
55687
55690
55709
55710
55736
55773
55774
55788
55793
55810
55812
55821
55828
55872
55877
55883
55891
55898
55900
55924
55927
55930
55944
55948
55962
55964
55976
55981
55983
55990
56011
56031
56059
56060
56073
56080
56084
56094
56100
56106
56122
56142
56143
56146
56147
56150
56173
56182
56183
56184
56187
56199
56218
56227
56241
56244
56247
56251
56258
56267
56268
56276
56280
56281
56302
56316
56319
56320
56328
56330
56331
56350
56375
56376
56379
56380
56395
56406
56410
56417
56422
56440
56445
56452
56477
56484
56496
56497
56516
56519
56532
56539
56550
56551
56563
56564
56595
56596
56620
56642
56646
56648
56671
56676
56698
56699
56700
56705
56713
56723
56740
56743
56758
56763
56770
56784
56793
56797
56799
56802
56808
56818
56825
56826
56827
56833
56853
56855
56886
56893
56946
56951
56954
56958
56970
56977
56997
57002
57011
57026
57035
57043
57056
57059
57082
57102
57111
57114
57123
57126
57127
57135
57146
57155
57184
57208
57209
57212
57224
57228
57229
57249
57262
57279
57293
57306
57328
57341
57343
57354
57361
57368
57370
57371
57375
57382
57389
57400
57417
57422
57443
57459
57466
57482
57499
57524
57530
57537
57538
57544
57548
57559
57569
57578
57585
57589
57604
57630
57687
57690
57704
57706
57708
57709
57712
57713
57721
57724
57733
57747
57760
57779
57802
57803
57816
57819
57835
57841
57844
57857
57861
57862
57873
57875
57892
57915
57920
57934
57937
57938
57940
57946
57950
57954
57965
57972
57985
58003
58018
58023
58037
58047
58049
58057
58066
58077
58086
58101
58103
58105
58133
58139
58151
58153
58164
58174
58194
58208
58209
58210
58212
58218
58225
58231
58240
58279
58289
58300
58319
58328
58340
58347
58364
58380
58390
58400
58402
58416
58417
58420
58432
58433
58436
58452
58454
58463
58468
58474
58496
58504
58514
58531
58541
58545
58548
58551
58559
58579
58580
58599
58603
58612
58613
58621
58628
58630
58634
58649
58650
58661
58697
58712
58722
58730
58736
58744
58748
58749
58764
58780
58793
58795
58797
58805
58813
58823
58830
58833
58840
58843
58847
58867
58871
58873
58875
58895
58902
58906
58919
58938
58947
58956
58984
58986
58987
58992
58999
59020
59026
59042
59047
59055
59063
59069
59077
59106
59125
59126
59139
59144
59159
59179
59185
59186
59210
59219
59227
59238
59240
59259
59261
59268
59283
59300
59312
59321
59335
59357
59367
59376
59386
59392
59401
59407
59413
59432
59434
59451
59465
59481
59487
59491
59501
59515
59522
59534
59551
59580
59582
59589
59599
59608
59609
59614
59620
59623
59629
59657
59674
59690
59701
59708
59716
59718
59733
59743
59753
59759
59766
59772
59780
59789
59799
59809
59821
59852
59862
59863
59874
59879
59881
59893
59900
59915
59919
59922
59931
59933
59935
59941
59943
59951
59975
