2
7
10
12
30
44
49
50
74
86
91
98
107
111
135
136
149
157
179
198
203
207
215
228
235
254
255
260
279
281
291
295
298
321
327
330
341
356
361
379
392
405
425
429
433
452
459
473
479
486
490
495
500
509
540
546
549
557
561
574
613
629
643
645
659
675
687
695
715
731
760
767
789
808
840
841
843
856
857
867
874
875
878
890
895
915
936
953
966
975
983
992
998
1007
1021
1035
1050
1055
1068
1077
1097
1119
1121
1130
1144
1145
1150
1151
1158
1178
1185
1201
1218
1226
1233
1234
1241
1244
1260
1290
1295
1312
1315
1317
1320
1323
1336
1339
1341
1348
1351
1357
1378
1409
1428
1429
1432
1436
1449
1469
1470
1474
1476
1486
1529
1533
1551
1559
1566
1581
1583
1588
1594
1599
1603
1611
1631
1634
1644
1651
1661
1668
1675
1677
1698
1718
1722
1737
1756
1778
1791
1805
1809
1826
1829
1836
1862
1863
1870
1883
1921
1924
1929
1935
1938
1959
1971
1981
1994
2011
2021
2023
2029
2042
2074
2076
2087
2088
2092
2098
2107
2114
2127
2128
2130
2132
2146
2149
2174
2179
2180
2183
2200
2203
2228
2230
2232
2233
2241
2252
2263
2275
2315
2321
2339
2350
2359
2379
2400
2408
2423
2430
2456
2463
2468
2469
2481
2489
2503
2529
2531
2535
2536
2541
2561
2564
2567
2568
2580
2587
2603
2627
2632
2652
2660
2661
2667
2669
2671
2675
2702
2707
2720
2726
2734
2735
2740
2751
2760
2771
2774
2786
2788
2794
2796
2803
2816
2818
2820
2834
2871
2877
2883
2886
2888
2891
2895
2905
2915
2917
2926
2945
2960
2961
2964
2981
3005
3033
3034
3037
3047
3048
3051
3057
3075
3098
3101
3108
3124
3159
3171
3178
3181
3192
3201
3215
3220
3233
3264
3291
3300
3314
3318
3319
3323
3332
3335
3347
3358
3383
3386
3397
3400
3402
3404
3415
3422
3424
3435
3452
3460
3462
3466
3471
3472
3479
3491
3521
3523
3550
3551
3571
3576
3591
3596
3606
3609
3626
3651
3655
3656
3670
3674
3683
3684
3699
3707
3713
3735
3740
3754
3793
3803
3810
3812
3824
3835
3855
3893
3897
3920
3923
3939
3941
3949
3969
3995
3997
4001
4005
4011
4022
4033
4053
4068
4073
4101
4121
4136
4138
4155
4156
4179
4191
4196
4199
4223
4228
4233
4234
4235
4236
4238
4246
4250
4256
4257
4262
4263
4271
4276
4281
4295
4300
4328
4335
4339
4342
4352
4359
4369
4373
4390
4400
4403
4418
4429
4449
4461
4471
4490
4491
4506
4510
4511
4512
4543
4570
4579
4581
4583
4584
4595
4615
4628
4632
4638
4658
4674
4681
4694
4719
4722
4735
4736
4742
4755
4762
4783
4791
4792
4795
4808
4823
4836
4850
4864
4866
4868
4878
4881
4891
4898
4917
4925
4937
4956
4957
4960
4966
4988
5001
5011
5031
5036
5041
5067
5080
5086
5088
5092
5097
5102
5107
5127
5143
5148
5150
5152
5153
5160
5173
5184
5186
5189
5193
5207
5238
5252
5270
5277
5284
5323
5325
5328
5332
5337
5354
5359
5370
5379
5383
5388
5392
5396
5399
5408
5432
5433
5434
5442
5455
5458
5467
5471
5493
5510
5511
5531
5533
5547
5552
5567
5573
5578
5588
5590
5605
5611
5616
5621
5637
5640
5642
5649
5660
5679
5683
5687
5702
5710
5717
5728
5738
5748
5753
5770
5787
5788
5793
5798
5799
5812
5821
5831
5838
5852
5858
5870
5871
5875
5911
5919
5922
5923
5925
5926
5941
5942
5958
5961
5967
5970
5974
5980
5987
6007
6016
6032
6033
6040
6048
6057
6059
6069
6071
6081
6098
6106
6115
6118
6123
6148
6163
6170
6175
6182
6213
6216
6219
6230
6233
6241
6251
6269
6282
6286
6291
6293
6297
6298
6299
6309
6317
6340
6342
6347
6350
6362
6371
6398
6405
6410
6415
6416
6420
6427
6428
6430
6440
6447
6450
6467
6489
6497
6500
6516
6520
6522
6532
6539
6543
6545
6559
6561
6576
6584
6585
6592
6594
6595
6601
6628
6632
6651
6662
6667
6687
6692
6710
6711
6739
6750
6754
6762
6766
6784
6788
6809
6825
6826
6827
6844
6855
6856
6858
6863
6892
6894
6898
6904
6906
6912
6920
6939
6945
6959
6966
6997
7008
7030
7031
7043
7046
7058
7065
7067
7080
7097
7106
7123
7132
7134
7144
7147
7150
7156
7162
7189
7192
7209
7214
7225
7250
7261
7263
7283
7288
7295
7322
7332
7336
7339
7384
7387
7396
7397
7412
7422
7433
7455
7463
7479
7483
7497
7501
7507
7521
7556
7569
7582
7584
7590
7600
7613
7618
7625
7626
7635
7655
7660
7666
7672
7675
7678
7692
7698
7701
7721
7745
7762
7766
7767
7771
7778
7784
7786
7794
7800
7803
7841
7862
7866
7878
7881
7915
7966
7975
7976
7980
7982
7987
8013
8014
8016
8017
8018
8031
8039
8048
8052
8054
8055
8065
8075
8077
8094
8099
8120
8122
8135
8163
8164
8169
8188
8192
8195
8200
8227
8236
8241
8246
8254
8259
8264
8279
8295
8338
8381
8383
8395
8405
8406
8425
8427
8447
8450
8455
8475
8494
8498
8505
8524
8528
8537
8541
8544
8551
8554
8568
8582
8596
8597
8606
8635
8643
8663
8672
8684
8693
8700
8708
8709
8710
8716
8717
8729
8759
8762
8765
8771
8773
8786
8790
8794
8795
8800
8808
8816
8818
8824
8830
8863
8865
8879
8880
8882
8884
8888
8893
8907
8923
8936
8938
8941
8946
8948
8957
8958
8967
8976
9001
9004
9006
9037
9053
9059
9065
9074
9078
9080
9081
9089
9106
9107
9108
9126
9140
9141
9146
9153
9168
9180
9183
9184
9226
9230
9253
9255
9268
9272
9278
9279
9289
9293
9300
9302
9303
9319
9324
9335
9355
9363
9380
9386
9401
9403
9411
9412
9413
9418
9420
9424
9427
9443
9466
9470
9482
9491
9511
9516
9520
9529
9539
9561
9592
9595
9602
9610
9612
9617
9620
9621
9623
9624
9636
9637
9638
9639
9648
9663
9664
9670
9679
9680
9685
9696
9706
9730
9739
9759
9766
9778
9779
9786
9797
9804
9812
9817
9826
9829
9836
9848
9851
9864
9871
9879
9903
9904
9911
9915
9916
9924
9959
9974
9977
9992
10000
10001
10011
10031
10034
10042
10052
10074
10091
10093
10097
10099
10125
10137
10141
10144
10155
10161
10178
10206
10210
10214
10238
10260
10278
10282
10292
10314
10322
10328
10329
10330
10360
10369
10372
10386
10390
10393
10398
10402
10405
10423
10430
10450
10453
10454
10470
10475
10483
10493
10511
10518
10520
10527
10569
10585
10604
10605
10606
10608
10635
10644
10645
10647
10666
10668
10670
10676
10677
10678
10696
10715
10728
10730
10734
10743
10756
10757
10760
10762
10765
10775
10782
10787
10796
10807
10826
10830
10847
10865
10872
10876
10880
10882
10887
10896
10902
10921
10953
10960
10966
10984
10994
10998
11002
11010
11012
11017
11021
11031
11033
11034
11037
11039
11042
11053
11075
11083
11097
11104
11114
11138
11155
11165
11171
11197
11201
11216
11221
11232
11233
11234
11244
11248
11284
11296
11301
11321
11332
11341
11441
11454
11467
11476
11480
11481
11489
11497
11511
11513
11520
11523
11524
11535
11539
11544
11545
11554
11556
11570
11583
11615
11618
11619
11645
11651
11665
11693
11703
11705
11710
11714
11719
11747
11752
11755
11756
11781
11788
11797
11804
11813
11837
11863
11874
11910
11921
11929
11949
11951
11958
11960
11978
11981
11986
12004
12012
12017
12022
12024
12035
12044
12063
12077
12086
12088
12089
12094
12100
12108
12109
12117
12118
12124
12151
12152
12153
12163
12183
12186
12189
12211
12214
12218
12222
12225
12244
12245
12260
12265
12274
12300
12303
12307
12312
12326
12329
12330
12333
12334
12338
12345
12346
12349
12350
12377
12387
12392
12416
12430
12437
12446
12463
12483
12498
12503
12506
12527
12536
12544
12545
12546
12556
12583
12592
12593
12602
12617
12625
12645
12656
12667
12677
12698
12700
12702
12709
12720
12747
12750
12775
12780
12783
12812
12814
12826
12828
12836
12838
12874
12877
12879
12881
12895
12901
12913
12920
12924
12933
12942
12953
12967
12972
12981
12990
12995
12998
13026
13093
13099
13105
13109
13110
13114
13124
13127
13134
13141
13142
13144
13146
13161
13164
13181
13190
13193
13202
13208
13212
13218
13222
13225
13228
13239
13242
13285
13288
13292
13293
13294
13298
13317
13325
13332
13352
13353
13376
13383
13386
13388
13403
13406
13412
13417
13442
13445
13448
13476
13478
13488
13496
13516
13519
13524
13531
13543
13560
13567
13568
13576
13577
13579
13601
13607
13615
13628
13629
13656
13658
13660
13670
13675
13676
13686
13703
13704
13706
13707
13710
13713
13727
13736
13740
13745
13746
13750
13773
13775
13778
13786
13821
13827
13831
13836
13839
13859
13879
13894
13898
13906
13909
13929
13931
13935
13937
13938
13957
13965
13980
13983
13993
14002
14025
14026
14028
14030
14045
14065
14080
14087
14099
14107
14115
14135
14166
14177
14184
14200
14205
14223
14236
14254
14255
14261
14262
14266
14275
14278
14283
14286
14297
14303
14320
14333
14350
14352
14361
14367
14388
14394
14401
14410
14431
14437
14447
14450
14454
14488
14507
14514
14522
14527
14533
14535
14548
14552
14558
14566
14567
14577
14588
14619
14624
14635
14636
14655
14671
14674
14686
14687
14691
14692
14698
14709
14723
14734
14736
14738
14761
14765
14783
14786
14789
14803
14810
14823
14825
14849
14851
14855
14856
14864
14878
14880
14903
14916
14923
15003
15008
15009
15010
15014
15022
15031
15045
15052
15053
15075
15076
15077
15080
15090
15097
15101
15109
15125
15138
15139
15163
15174
15181
15193
15201
15210
15216
15226
15227
15233
15245
15251
15261
15271
15281
15289
15292
15297
15322
15332
15335
15336
15339
15342
15346
15350
15372
15375
15377
15379
15388
15409
15412
15437
15443
15453
15472
15474
15477
15482
15486
15496
15497
15511
15519
15533
15534
15535
15540
15544
15572
15606
15630
15647
15651
15656
15681
15701
15704
15717
15743
15747
15760
15762
15769
15773
15774
15785
15793
15815
15816
15842
15847
15848
15850
15857
15869
15872
15889
15907
15930
15936
15937
15938
15945
15968
15977
15980
15986
15990
16003
16019
16029
16071
16074
16075
16078
16091
16096
16111
16125
16134
16139
16156
16170
16171
16177
16190
16208
16220
16229
16239
16243
16249
16260
16291
16296
16311
16317
16329
16336
16344
16370
16372
16375
16386
16407
16411
16414
16427
16453
16489
16491
16492
16502
16503
16504
16510
16512
16529
16530
16549
16556
16564
16569
16584
16587
16591
16601
16620
16621
16626
16645
16649
16657
16663
16676
16678
16689
16693
16708
16715
16732
16733
16743
16748
16755
16762
16763
16764
16774
16783
16793
16811
16825
16831
16849
16861
16867
16892
16900
16911
16922
16927
16940
16945
16954
16957
17000
17010
17026
17037
17038
17040
17041
17049
17062
17063
17077
17085
17088
17103
17104
17116
17127
17131
17139
17146
17154
17175
17189
17192
17201
17207
17208
17227
17244
17253
17255
17257
17258
17271
17274
17280
17288
17292
17295
17301
17308
17316
17318
17324
17328
17330
17333
17341
17352
17354
17355
17371
17386
17403
17404
17409
17421
17435
17442
17460
17467
17470
17471
17491
17496
17509
17526
17543
17553
17569
17574
17575
17580
17582
17588
17593
17602
17621
17624
17629
17632
17634
17643
17646
17673
17699
17712
17715
17731
17734
17745
17752
17753
17766
17772
17777
17778
17781
17787
17790
17799
17810
17820
17853
17864
17893
17901
17904
17906
17908
17911
17929
17966
17967
17969
17988
17993
17997
18001
18007
18030
18039
18044
18049
18054
18059
18061
18079
18098
18099
18119
18137
18169
18218
18225
18227
18240
18243
18244
18249
18252
18268
18274
18280
18285
18287
18299
18322
18325
18343
18363
18380
18390
18397
18415
18426
18463
18477
18485
18501
18503
18522
18527
18528
18542
18549
18569
18571
18584
18587
18588
18611
18612
18615
18626
18627
18630
18646
18675
18679
18687
18727
18735
18739
18742
18751
18752
18765
18770
18785
18796
18799
18802
18805
18812
18814
18826
18827
18828
18836
18840
18847
18862
18895
18915
18920
18924
18939
18948
18955
18964
18965
18974
18975
18977
18986
18992
18997
19001
19014
19015
19016
19063
19064
19075
19092
19101
19110
19114
19116
19169
19195
19200
19205
19215
19222
19230
19234
19238
19246
19247
19250
19263
19264
19266
19280
19285
19302
19307
19326
19329
19333
19335
19337
19342
19347
19348
19360
19368
19377
19386
19387
19438
19442
19445
19465
19474
19495
19500
19518
19536
19549
19572
19575
19579
19601
19615
19620
19631
19633
19655
19660
19675
19695
19708
19713
19734
19736
19739
19758
19770
19803
19808
19821
19829
19834
19836
19855
19865
19866
19873
19878
19883
19905
19914
19921
19941
19950
19962
19965
19967
20003
20009
20012
20016
20023
20051
20072
20080
20089
20096
20099
20121
20147
20150
20166
20167
20181
20192
20201
20203
20213
20220
20222
20243
20249
20252
20259
20274
20278
20285
20314
20326
20329
20344
20347
20353
20355
20356
20362
20377
20378
20397
20400
20413
20423
20426
20430
20437
20439
20451
20458
20470
20491
20492
20499
20500
20538
20540
20544
20553
20561
20565
20570
20587
20597
20606
20610
20615
20616
20626
20631
20649
20654
20664
20670
20673
20675
20687
20697
20705
20708
20728
20737
20738
20752
20756
20780
20790
20797
20800
20833
20841
20842
20844
20849
20860
20868
20869
20872
20902
20903
20926
20937
20939
20940
20941
20942
20946
20952
20954
20989
21001
21007
21015
21018
21026
21035
21038
21049
21055
21056
21075
21080
21092
21098
21099
21102
21112
21116
21129
21144
21147
21149
21150
21153
21154
21156
21170
21176
21179
21182
21208
21209
21221
21228
21238
21250
21261
21278
21284
21285
21305
21306
21320
21325
21328
21341
21359
21370
21381
21385
21415
21420
21425
21447
21458
21466
21468
21487
21496
21505
21512
21515
21524
21525
21531
21539
21559
21570
21579
21582
21584
21596
21606
21607
21610
21622
21625
21637
21643
21647
21654
21656
21660
21673
21685
21689
21695
21714
21717
21720
21726
21728
21795
21801
21812
21815
21853
21861
21866
21877
21893
21930
21938
21939
21946
21947
21948
21950
21974
21980
21986
21996
21998
22000
22002
22011
22014
22024
22029
22049
22058
22092
22103
22113
22114
22126
22149
22154
22155
22162
22172
22204
22206
22218
22219
22231
22234
22238
22251
22271
22304
22307
22315
22318
22322
22374
22404
22408
22413
22415
22417
22443
22451
22459
22460
22474
22477
22492
22493
22496
22512
22522
22536
22542
22567
22578
22587
22598
22619
22625
22631
22643
22663
22668
22674
22675
22695
22708
22715
22721
22723
22728
22730
22733
22738
22741
22767
22770
22780
22817
22825
22832
22835
22863
22883
22894
22900
22903
22943
22946
22957
22963
22964
22977
22989
22996
22999
23022
23024
23029
23043
23046
23053
23076
23101
23119
23130
23144
23157
23165
23206
23221
23225
23227
23239
23241
23242
23265
23281
23287
23294
23298
23304
23320
23322
23337
23338
23344
23373
23419
23425
23435
23439
23482
23483
23488
23490
23517
23527
23543
23547
23556
23563
23572
23581
23587
23602
23608
23634
23649
23657
23663
23672
23695
23700
23701
23712
23724
23730
23731
23743
23759
23778
23779
23790
23796
23799
23810
23812
23819
23820
23829
23851
23860
23866
23873
23877
23879
23888
23897
23928
23929
23939
23955
23962
23977
23986
23997
24014
24017
24028
24042
24043
24059
24063
24065
24066
24095
24099
24111
24119
24132
24142
24144
24145
24196
24205
24218
24219
24222
24231
24242
24248
24251
24264
24271
24278
24281
24284
24294
24299
24307
24326
24333
24336
24338
24350
24354
24356
24358
24369
24386
24400
24402
24417
24435
24446
24448
24449
24452
24469
24481
24512
24524
24528
24531
24532
24539
24560
24561
24573
24575
24580
24584
24603
24610
24621
24651
24655
24667
24672
24680
24697
24731
24733
24735
24747
24748
24763
24770
24772
24783
24784
24787
24789
24835
24850
24867
24868
24886
24899
24906
24912
24931
24943
24965
24969
24987
24989
25000
25007
25032
25033
25034
25040
25055
25071
25078
25091
25094
25106
25107
25116
25127
25145
25163
25164
25172
25174
25187
25191
25208
25210
25222
25225
25231
25244
25245
25257
25284
25291
25296
25311
25328
25331
25346
25362
25372
25373
25377
25398
25409
25413
25417
25425
25431
25433
25453
25454
25468
25509
25523
25535
25536
25538
25552
25553
25573
25586
25590
25599
25619
25630
25631
25641
25645
25685
25688
25689
25695
25721
25726
25728
25740
25741
25755
25768
25789
25802
25809
25820
25829
25846
25861
25867
25872
25880
25882
25883
25896
25915
25922
25941
25949
25950
25954
25955
25956
25972
25993
25996
26005
26008
26013
26014
26033
26042
26048
26050
26057
26068
26073
26081
26084
26117
26123
26124
26127
26130
26140
26148
26149
26154
26156
26165
26171
26194
26198
26208
26209
26222
26270
26284
26291
26305
26306
26307
26311
26324
26358
26364
26378
26383
26399
26403
26412
26419
26433
26448
26449
26451
26458
26463
26474
26478
26488
26503
26505
26534
26542
26548
26550
26554
26555
26560
26561
26593
26596
26625
26629
26644
26651
26662
26671
26674
26678
26691
26692
26694
26695
26702
26711
26715
26724
26732
26739
26744
26750
26781
26783
26805
26809
26824
26825
26830
26831
26849
26858
26866
26871
26878
26880
26907
26909
26928
26929
26942
26943
26965
26975
26989
26998
27022
27031
27032
27047
27060
27067
27075
27078
27084
27095
27115
27132
27133
27135
27140
27143
27152
27167
27172
27173
27183
27211
27212
27214
27238
27240
27248
27261
27279
27282
27287
27316
27333
27349
27362
27366
27381
27419
27420
27423
27435
27443
27467
27478
27480
27518
27527
27534
27540
27541
27542
27553
27560
27570
27573
27589
27610
27625
27628
27633
27640
27644
27645
27649
27651
27675
27690
27691
27701
27726
27741
27742
27755
27763
27784
27786
27795
27803
27804
27805
27828
27831
27835
27838
27840
27847
27856
27861
27866
27870
27899
27915
27917
27930
27937
27946
27960
27977
27987
27988
28006
28026
28031
28032
28061
28075
28107
28111
28119
28123
28132
28137
28174
28193
28199
28204
28224
28247
28252
28256
28263
28264
28265
28276
28299
28303
28316
28343
28344
28359
28371
28374
28380
28391
28392
28406
28409
28416
28418
28431
28441
28458
28472
28476
28485
28499
28515
28528
28536
28561
28571
28580
28611
28613
28633
28653
28668
28693
28707
28709
28716
28734
28735
28752
28757
28759
28760
28778
28803
28825
28826
28828
28841
28858
28861
28881
28913
28916
28936
28948
28953
28955
28957
28983
28995
29013
29014
29023
29033
29045
29054
29073
29089
29094
29097
29104
29119
29121
29146
29153
29158
29182
29208
29224
29225
29231
29232
29237
29246
29249
29266
29267
29269
29270
29289
29294
29300
29304
29352
29353
29356
29357
29366
29383
29391
29398
29415
29427
29440
29458
29459
29464
29483
29504
29506
29521
29557
29602
29608
29610
29613
29624
29636
29641
29642
29650
29653
29670
29671
29675
29701
29719
29757
29758
29763
29765
29785
29791
29800
29814
29816
29823
29844
29875
29882
29889
29894
29899
29913
29936
29958
29962
29969
29972
29991
30000
30011
30040
30041
30052
30057
30062
30070
30072
30077
30082
30084
30090
30093
30105
30121
30124
30131
30136
30159
30175
30183
30193
30206
30213
30226
30229
30241
30251
30254
30256
30258
30265
30273
30282
30284
30304
30306
30335
30354
30362
30377
30379
30400
30409
30411
30417
30423
30431
30461
30468
30483
30489
30501
30511
30515
30540
30559
30571
30574
30591
30594
30611
30642
30644
30645
30650
30662
30673
30675
30679
30681
30692
30697
30703
30717
30720
30729
30733
30740
30746
30754
30760
30774
30780
30793
30813
30824
30833
30859
30885
30895
30897
30907
30915
30934
30947
30949
30960
30962
30974
30984
30986
31011
31021
31032
31042
31044
31049
31076
31098
31108
31136
31140
31153
31155
31178
31183
31201
31217
31229
31249
31254
31269
31274
31275
31283
31311
31321
31333
31345
31347
31349
31379
31395
31404
31409
31428
31431
31432
31450
31451
31469
31482
31504
31515
31531
31538
31548
31559
31562
31564
31579
31582
31587
31595
31602
31627
31630
31631
31636
31641
31664
31667
31691
31703
31719
31720
31722
31723
31724
31735
31745
31748
31759
31775
31788
31791
31805
31811
31825
31831
31836
31868
31873
31877
31897
31913
31925
31936
31943
31949
31952
31960
31962
31975
31984
31988
32013
32017
32025
32031
32042
32044
32046
32071
32087
32091
32106
32114
32115
32137
32157
32171
32192
32193
32203
32209
32223
32227
32234
32266
32275
32276
32281
32284
32299
32314
32319
32330
32339
32371
32376
32379
32385
32398
32401
32409
32414
32420
32421
32434
32444
32464
32476
32479
32484
32495
32505
32539
32563
32581
32586
32588
32607
32610
32619
32642
32644
32652
32653
32656
32663
32664
32674
32680
32688
32689
32691
32703
32730
32743
32753
32764
32775
32780
32786
32790
32794
32799
32804
32811
32827
32847
32850
32881
32883
32897
32900
32913
32918
32931
32933
32940
32944
32950
32960
32964
32975
32983
32984
32990
33000
33002
33004
33009
33022
33028
33029
33049
33054
33080
33099
33114
33118
33132
33139
33146
33161
33169
33186
33189
33194
33209
33212
33223
33225
33239
33240
33263
33283
33299
33316
33331
33344
33345
33351
33357
33359
33371
33399
33400
33406
33407
33412
33421
33432
33444
33445
33468
33471
33491
33500
33507
33509
33510
33529
33532
33566
33568
33570
33583
33587
33589
33590
33607
33609
33624
33633
33655
33656
33694
33709
33722
33729
33745
33754
33758
33760
33763
33772
33786
33795
33798
33817
33818
33837
33840
33845
33854
33875
33877
33880
33882
33896
33908
33911
33917
33939
33953
33962
33966
33969
33970
33986
33989
34006
34018
34026
34048
34049
34058
34076
34085
34089
34091
34105
34119
34120
34127
34143
34145
34170
34171
34175
34180
34183
34188
34190
34203
34204
34219
34235
34239
34259
34262
34268
34289
34293
34315
34316
34318
34333
34351
34363
34364
34366
34368
34384
34387
34390
34396
34407
34427
34461
34481
34525
34526
34536
34547
34556
34587
34597
34605
34607
34622
34629
34630
34642
34644
34645
34646
34659
34660
34672
34685
34695
34701
34710
34728
34736
34740
34745
34788
34793
34802
34805
34812
34815
34828
34832
34845
34846
34862
34866
34871
34873
34882
34893
34898
34906
34931
34967
34973
34987
34995
35010
35015
35022
35026
35030
35043
35045
35058
35066
35073
35086
35093
35113
35132
35139
35143
35155
35156
35162
35165
35170
35173
35180
35190
35195
35208
35221
35226
35231
35232
35247
35248
35249
35271
35272
35273
35289
35317
35332
35336
35346
35349
35354
35366
35373
35379
35401
35407
35415
35422
35434
35447
35458
35486
35491
35498
35504
35511
35520
35522
35528
35530
35531
35542
35550
35557
35562
35563
35568
35574
35582
35610
35615
35618
35622
35631
35640
35643
35649
35658
35675
35688
35692
35703
35707
35723
35737
35744
35764
35765
35794
35796
35801
35803
35805
35806
35814
35833
35859
35870
35874
35876
35881
35890
35891
35898
35911
35914
35922
35929
35944
35949
35954
35969
35979
35984
36005
36018
36021
36023
36032
36046
36048
36057
36076
36082
36093
36096
36103
36119
36128
36130
36139
36149
36154
36180
36189
36206
36216
36227
36242
36247
36248
36262
36287
36295
36301
36304
36324
36327
36329
36337
36338
36357
36377
36409
36421
36427
36432
36445
36446
36449
36456
36458
36471
36488
36497
36511
36515
36525
36542
36555
36566
36572
36575
36592
36595
36604
36623
36644
36645
36671
36684
36705
36707
36709
36716
36723
36732
36740
36755
36761
36788
36802
36803
36815
36835
36852
36855
36862
36872
36887
36899
36911
36912
36917
36931
36946
36957
36990
37013
37017
37018
37021
37022
37026
37035
37042
37065
37085
37105
37118
37124
37132
37134
37135
37161
37163
37166
37167
37169
37174
37186
37188
37197
37204
37206
37209
37229
37244
37250
37260
37271
37280
37284
37293
37304
37308
37309
37314
37332
37355
37357
37361
37368
37373
37374
37383
37397
37404
37407
37422
37439
37443
37464
37467
37468
37470
37478
37503
37505
37517
37524
37540
37555
37569
37572
37578
37587
37604
37625
37627
37640
37643
37649
37652
37689
37690
37691
37692
37700
37703
37711
37718
37729
37730
37745
37746
37765
37786
37789
37792
37795
37797
37803
37821
37827
37836
37847
37848
37852
37855
37860
37886
37890
37892
37896
37903
37907
37908
37913
37927
37928
37943
37944
37959
37991
37996
38037
38053
38058
38066
38083
38086
38089
38109
38116
38129
38130
38131
38145
38167
38174
38180
38193
38199
38218
38223
38235
38238
38239
38241
38245
38277
38281
38283
38294
38321
38326
38341
38346
38361
38368
38377
38383
38399
38410
38441
38445
38448
38451
38495
38500
38529
38536
38549
38565
38570
38580
38593
38602
38627
38653
38657
38670
38687
38712
38732
38735
38755
38771
38772
38797
38804
38827
38859
38867
38882
38900
38904
38911
38913
38927
38929
38955
38970
38982
38983
38986
38989
38990
38991
38998
39025
39031
39037
39040
39061
39066
39081
39099
39100
39108
39116
39122
39124
39125
39127
39136
39140
39143
39150
39184
39189
39215
39231
39235
39240
39267
39290
39312
39317
39325
39327
39329
39349
39359
39366
39384
39397
39404
39411
39412
39415
39445
39461
39469
39489
39509
39520
39553
39565
39566
39591
39595
39617
39619
39675
39678
39686
39696
39704
39705
39706
39707
39721
39728
39741
39744
39761
39770
39774
39786
39798
39804
39814
39829
39835
39836
39838
39844
39852
39855
39871
39884
39900
39904
39907
39909
39928
39933
39941
39961
39981
39982
39989
40005
40020
40035
40051
40055
40068
40078
40079
40087
40100
40104
40109
40121
40133
40161
40172
40184
40185
40202
40205
40223
40247
40254
40257
40298
40305
40307
40337
40374
40375
40382
40384
40385
40401
40404
40447
40452
40462
40463
40480
40481
40483
40502
40517
40520
40532
40540
40550
40556
40570
40572
40574
40575
40578
40588
40618
40619
40620
40636
40639
40655
40670
40683
40691
40720
40722
40734
40739
40743
40745
40752
40763
40765
40805
40808
40811
40818
40826
40836
40858
40865
40866
40868
40883
40892
40898
40901
40904
40914
40925
40931
40932
40933
40940
40947
40962
40996
41007
41010
41015
41035
41040
41053
41058
41067
41071
41085
41096
41107
41110
41123
41136
41141
41143
41165
41171
41196
41212
41224
41225
41229
41233
41267
41283
41287
41299
41312
41317
41337
41356
41378
41385
41391
41404
41407
41411
41436
41453
41471
41476
41491
41494
41507
41513
41515
41531
41537
41543
41552
41565
41573
41590
41608
41619
41624
41629
41632
41639
41653
41689
41704
41727
41740
41742
41747
41755
41765
41767
41773
41775
41776
41781
41808
41816
41820
41822
41834
41843
41850
41863
41883
41895
41902
41917
41929
41943
41960
41968
41969
41978
41994
42024
42041
42043
42054
42055
42056
42070
42073
42082
42083
42087
42097
42117
42120
42137
42140
42161
42186
42199
42201
42203
42210
42212
42215
42220
42235
42248
42251
42254
42255
42264
42284
42303
42313
42343
42355
42364
42375
42391
42398
42419
42423
42432
42434
42441
42445
42465
42469
42476
42477
42493
42508
42526
42534
42541
42545
42560
42565
42583
42585
42588
42627
42633
42636
42645
42677
42678
42707
42738
42755
42758
42775
42777
42791
42794
42804
42805
42807
42823
42840
42841
42874
42886
42898
42902
42906
42907
42908
42909
42914
42931
42938
42947
42951
42954
42962
42994
43012
43014
43029
43031
43043
43064
43065
43067
43070
43076
43080
43090
43100
43103
43126
43132
43135
43140
43155
43171
43180
43192
43196
43198
43200
43204
43208
43209
43224
43230
43235
43252
43255
43256
43280
43287
43298
43301
43327
43330
43373
43393
43417
43428
43435
43438
43448
43456
43460
43474
43475
43476
43482
43492
43494
43509
43517
43537
43552
43557
43560
43562
43563
43564
43571
43573
43599
43619
43637
43644
43654
43659
43666
43672
43677
43702
43711
43717
43739
43747
43758
43759
43762
43773
43775
43782
43783
43790
43816
43817
43833
43853
43865
43868
43869
43875
43883
43889
43902
43922
43942
43943
43952
43960
43962
43967
43978
43991
44004
44020
44032
44035
44051
44058
44101
44106
44112
44138
44142
44146
44157
44162
44174
44181
44191
44192
44193
44202
44216
44231
44240
44249
44256
44262
44280
44282
44295
44303
44305
44312
44338
44349
44350
44373
44380
44385
44388
44397
44408
44416
44426
44435
44439
44440
44456
44457
44462
44468
44477
44478
44483
44497
44519
44522
44540
44543
44545
44546
44555
44557
44567
44574
44575
44580
44596
44608
44626
44630
44671
44681
44684
44703
44709
44716
44729
44749
44764
44779
44782
44799
44802
44827
44837
44848
44873
44881
44888
44889
44906
44936
44959
44969
45000
45005
45008
45015
45031
45039
45043
45046
45052
45079
45088
45089
45093
45108
45130
45135
45150
45151
45164
45171
45195
45196
45217
45239
45246
45260
45264
45266
45271
45272
45273
45275
45289
45312
45321
45327
45328
45336
45340
45364
45365
45379
45383
45389
45396
45398
45400
45407
45419
45441
45468
45473
45474
45477
45480
45508
45509
45517
45545
45554
45563
45597
45598
45599
45601
45610
45612
45619
45628
45636
45642
45644
45655
45656
45658
45665
45675
45687
45698
45704
45707
45712
45727
45732
45734
45736
45747
45758
45759
45764
45774
45781
45783
45786
45791
45796
45801
45809
45814
45822
45836
45838
45843
45845
45848
45854
45861
45862
45878
45902
45903
45911
45933
45940
45946
45959
45970
45979
45983
45987
45990
45995
46005
46008
46027
46051
46061
46062
46068
46070
46076
46079
46098
46117
46126
46130
46134
46136
46138
46145
46157
46167
46182
46184
46187
46208
46211
46221
46228
46240
46242
46246
46247
46255
46269
46279
46280
46295
46296
46306
46312
46321
46329
46332
46350
46354
46370
46379
46403
46406
46407
46416
46424
46425
46427
46442
46449
46454
46465
46480
46481
46485
46500
46506
46523
46525
46532
46534
46548
46549
46555
46563
46566
46570
46588
46595
46600
46621
46634
46639
46666
46674
46681
46689
46692
46702
46709
46729
46736
46737
46743
46803
46807
46815
46821
46834
46838
46848
46851
46853
46854
46856
46882
46899
46900
46902
46908
46918
46923
46937
46953
46971
46979
46983
46986
47007
47027
47059
47085
47090
47093
47123
47140
47145
47157
47173
47192
47195
47207
47212
47217
47226
47232
47245
47263
47280
47287
47311
47312
47329
47352
47356
47361
47367
47377
47380
47395
47410
47411
47424
47426
47455
47461
47469
47481
47493
47496
47510
47519
47520
47533
47539
47557
47587
47592
47594
47602
47605
47618
47620
47625
47628
47643
47651
47653
47654
47655
47669
47678
47684
47689
47720
47725
47742
47746
47749
47760
47781
47795
47802
47803
47818
47821
47834
47838
47841
47872
47876
47881
47895
47901
47913
47925
47930
47939
47946
47950
47970
47979
47992
48005
48014
48031
48038
48045
48064
48065
48088
48110
48137
48139
48163
48164
48174
48179
48193
48213
48233
48250
48258
48264
48271
48281
48300
48302
48311
48324
48336
48352
48355
48360
48385
48386
48392
48393
48396
48407
48415
48426
48430
48431
48435
48445
48465
48480
48482
48485
48498
48499
48500
48551
48557
48563
48577
48579
48587
48599
48626
48628
48642
48662
48666
48667
48680
48683
48700
48701
48702
48722
48725
48732
48735
48746
48761
48770
48781
48783
48788
48794
48806
48817
48849
48868
48873
48876
48885
48901
48904
48917
48922
48930
48932
48935
48965
48974
48978
48981
48993
48995
48998
49006
49018
49020
49054
49055
49077
49080
49081
49082
49091
49103
49108
49117
49122
49135
49137
49142
49147
49156
49166
49183
49193
49207
49222
49228
49230
49234
49249
49269
49286
49288
49294
49297
49300
49307
49308
49312
49318
49321
49329
49350
49356
49358
49376
49378
49390
49404
49406
49410
49431
49432
49433
49446
49450
49461
49477
49479
49494
49529
49556
49560
49566
49570
49585
49586
49589
49607
49627
49638
49645
49648
49650
49654
49670
49673
49725
49732
49746
49748
49749
49763
49771
49775
49789
49791
49810
49813
49821
49826
49841
49859
49864
49868
49882
49893
49896
49912
49913
49938
49946
49948
49955
49966
49968
49971
49981
49985
49990
50000
50007
50011
50025
50033
50043
50045
50067
50087
50131
50140
50141
50148
50175
50181
50184
50195
50206
50207
50210
50212
50213
50214
50231
50253
50260
50262
50286
50288
50297
50300
50308
50312
50317
50336
50337
50340
50343
50361
50364
50369
50372
50374
50378
50379
50387
50401
50403
50412
50417
50431
50457
50470
50476
50481
50491
50500
50516
50529
50551
50554
50560
50565
50603
50611
50644
50650
50658
50671
50672
50679
50680
50683
50688
50713
50717
50726
50728
50732
50733
50735
50755
50761
50775
50803
50809
50815
50821
50824
50834
50836
50837
50847
50880
50906
50915
50922
50935
50936
50940
50946
50955
50960
50964
50969
50975
50976
50982
50989
50995
51014
51036
51038
51054
51063
51085
51091
51092
51101
51106
51116
51133
51142
51154
51173
51185
51196
51201
51211
51217
51222
51228
51230
51237
51245
51257
51260
51268
51274
51276
51279
51294
51321
51332
51333
51343
51373
51376
51381
51388
51401
51421
51428
51462
51463
51469
51471
51474
51486
51519
51522
51536
51543
51548
51555
51561
51571
51578
51613
51616
51617
51635
51640
51653
51655
51686
51695
51701
51706
51717
51756
51759
51763
51768
51771
51776
51790
51811
51816
51837
51838
51848
51851
51871
51890
51896
51903
51909
51915
51918
51934
51946
51947
51970
51987
51998
52014
52022
52027
52035
52038
52041
52059
52096
52098
52101
52104
52116
52129
52134
52160
52164
52168
52191
52227
52252
52253
52259
52269
52273
52281
52287
52298
52300
52307
52350
52371
52375
52378
52379
52382
52385
52386
52394
52404
52415
52435
52446
52455
52476
52479
52487
52539
52543
52545
52563
52565
52585
52590
52601
52607
52636
52661
52664
52676
52679
52690
52692
52700
52702
52706
52740
52747
52751
52753
52773
52785
52790
52794
52810
52816
52818
52828
52853
52864
52871
52891
52907
52917
52922
52924
52931
52936
52939
52940
52942
52966
52972
52974
53035
53037
53039
53042
53048
53051
53075
53081
53083
53091
53102
53104
53107
53123
53136
53156
53165
53167
53182
53209
53223
53225
53229
53231
53241
53246
53262
53282
53283
53287
53305
53332
53345
53357
53358
53365
53382
53402
53412
53419
53428
53447
53453
53457
53464
53474
53475
53480
53482
53483
53488
53493
53514
53527
53542
53545
53547
53554
53558
53560
53566
53570
53576
53583
53584
53586
53591
53595
53609
53615
53619
53630
53671
53687
53688
53691
53704
53711
53712
53716
53724
53740
53749
53755
53757
53759
53803
53815
53838
53846
53863
53874
53875
53889
53903
53923
53938
53943
53954
53958
53960
53975
53995
54001
54008
54013
54014
54016
54020
54028
54029
54062
54073
54074
54077
54084
54088
54096
54107
54109
54126
54127
54140
54147
54174
54191
54199
54201
54208
54228
54242
54248
54249
54250
54258
54270
54273
54285
54291
54296
54301
54304
54322
54339
54343
54357
54377
54397
54398
54402
54413
54430
54444
54460
54476
54478
54481
54487
54493
54499
54516
54524
54526
54530
54531
54534
54559
54560
54568
54587
54603
54615
54616
54617
54622
54635
54655
54658
54660
54691
54694
54697
54700
54706
54722
54724
54727
54730
54735
54736
54739
54746
54772
54780
54797
54798
54829
54845
54849
54856
54858
54859
54867
54879
54888
54892
54898
54910
54915
54930
54952
54953
54976
54977
54983
54996
55008
55017
55028
55035
55050
55054
55062
55067
55071
55091
55093
55103
55104
55106
55116
55133
55139
55151
55179
55190
55194
55198
55231
55249
55257
55282
55283
55292
55301
55312
55321
55334
55336
55341
55349
55353
55371
55377
55378
55383
55393
55419
55440
55461
55468
55470
55472
55482
55485
55488
55509
55527
55547
55548
55550
55566
55579
55580
55584
55592
55628
55636
55640
55649
55677
55685
55688
55694
55705
55711
55715
55716
55717
55726
55732
55737
55743
55746
55751
55758
55771
55791
55796
55831
55844
55845
55851
55858
55862
55864
55866
55874
55876
55881
55893
55914
55920
55923
55926
55932
55937
55941
55945
55947
55960
55966
55974
55998
55999
56006
56008
56012
56029
56043
56047
56053
56067
56134
56139
56164
56165
56191
56197
56198
56204
56207
56225
56226
56228
56234
56260
56265
56275
56288
56297
56298
56305
56321
56323
56324
56337
56362
56383
56391
56398
56400
56420
56437
56448
56449
56474
56486
56488
56495
56504
56515
56524
56528
56535
56538
56561
56565
56574
56578
56581
56585
56591
56615
56616
56621
56624
56639
56644
56645
56657
56721
56730
56738
56754
56761
56776
56791
56817
56820
56831
56849
56871
56875
56921
56925
56927
56934
56966
56974
56975
56994
56995
57004
57009
57016
57040
57053
57076
57103
57107
57131
57141
57149
57160
57166
57171
57172
57173
57194
57195
57199
57207
57227
57247
57264
57265
57278
57291
57300
57308
57312
57336
57351
57369
57373
57391
57396
57401
57418
57424
57426
57429
57441
57457
57462
57468
57472
57474
57477
57488
57492
57495
57523
57527
57533
57568
57584
57594
57598
57608
57612
57625
57635
57636
57651
57660
57680
57689
57717
57735
57739
57744
57750
57762
57765
57766
57771
57788
57801
57804
57817
57820
57846
57856
57863
57864
57868
57872
57874
57876
57877
57879
57886
57893
57897
57909
57914
57919
57932
57941
57952
57967
57974
57983
57990
58001
58021
58048
58064
58065
58067
58079
58080
58084
58097
58113
58144
58149
58163
58173
58183
58200
58219
58227
58229
58237
58249
58250
58252
58268
58269
58278
58280
58283
58285
58288
58311
58324
58327
58333
58336
58339
58343
58379
58389
58399
58406
58410
58411
58421
58431
58449
58465
58471
58483
58491
58503
58513
58525
58527
58544
58550
58558
58562
58563
58564
58573
58575
58582
58587
58602
58620
58640
58654
58656
58660
58664
58667
58678
58684
58700
58707
58711
58721
58729
58742
58747
58758
58759
58760
58774
58785
58800
58822
58832
58837
58874
58878
58881
58892
58924
58931
58937
58946
58955
58966
58971
58980
58983
59014
59016
59038
59054
59062
59070
59081
59089
59092
59099
59100
59104
59105
59119
59120
59138
59150
59151
59158
59169
59170
59178
59202
59229
59239
59242
59262
59263
59271
59275
59282
59299
59307
59308
59315
59318
59322
59328
59350
59351
59356
59366
59375
59383
59394
59398
59408
59416
59436
59440
59461
59471
59472
59480
59490
59500
59512
59528
59529
59535
59540
59550
59569
59588
59598
59624
59630
59631
59643
59647
59652
59660
59678
59699
59707
59715
59725
59760
59769
59777
59778
59798
59805
59808
59815
59818
59825
59828
59843
59860
59870
59883
59886
59891
59904
59914
59921
59930
59955
59957
59961
59964
59978
59980
