12
13
24
55
60
86
93
113
116
132
151
153
155
163
164
167
171
180
196
204
205
229
236
241
258
260
265
266
269
272
293
296
330
351
355
400
401
408
420
422
434
446
454
463
464
481
490
501
505
507
516
523
554
558
564
571
572
590
596
597
598
600
606
610
624
635
637
653
659
660
666
688
693
694
706
712
718
722
737
754
776
777
780
791
805
824
825
826
838
852
855
863
865
880
895
909
918
927
928
941
975
1000
1001
1021
1038
1045
1049
1098
1100
1123
1126
1128
1131
1136
1148
1151
1161
1171
1174
1225
1231
1245
1275
1285
1304
1306
1309
1312
1324
1334
1340
1341
1354
1369
1377
1388
1393
1395
1399
1404
1421
1426
1427
1434
1445
1455
1459
1463
1467
1483
1491
1520
1538
1542
1556
1563
1592
1602
1623
1631
1641
1663
1673
1678
1681
1687
1692
1693
1695
1703
1725
1733
1756
1763
1768
1778
1783
1785
1813
1826
1838
1857
1861
1882
1883
1897
1898
1917
1919
1921
1928
1932
1936
1942
1947
1967
2003
2006
2009
2018
2025
2029
2066
2067
2072
2073
2091
2100
2107
2122
2128
2136
2142
2151
2154
2166
2176
2177
2193
2229
2237
2238
2242
2266
2279
2304
2329
2344
2345
2351
2368
2369
2379
2396
2404
2415
2425
2445
2480
2482
2486
2495
2500
2507
2511
2514
2532
2535
2549
2567
2571
2592
2594
2607
2619
2620
2621
2624
2635
2639
2640
2649
2656
2671
2709
2711
2727
2729
2734
2791
2792
2818
2826
2842
2850
2879
2883
2927
2941
2949
2956
2970
2976
2992
2995
2997
3004
3014
3019
3022
3025
3036
3038
3041
3053
3057
3063
3071
3075
3092
3104
3106
3123
3146
3147
3157
3161
3174
3187
3193
3215
3218
3228
3237
3242
3246
3259
3291
3294
3295
3304
3321
3342
3354
3357
3360
3364
3368
3397
3412
3417
3430
3447
3451
3475
3494
3509
3512
3521
3533
3552
3558
3560
3571
3576
3609
3619
3626
3629
3632
3635
3647
3649
3656
3685
3687
3688
3699
3702
3703
3708
3710
3713
3751
3771
3772
3780
3783
3795
3796
3800
3813
3815
3834
3847
3856
3884
3893
3923
3924
3933
3934
3942
3958
3977
3986
3990
3995
4010
4016
4020
4038
4070
4072
4075
4087
4089
4114
4154
4157
4183
4185
4196
4200
4208
4211
4215
4220
4227
4251
4262
4268
4270
4279
4282
4283
4286
4313
4338
4339
4365
4370
4371
4378
4403
4426
4442
4449
4453
4455
4457
4467
4469
4483
4487
4495
4505
4509
4515
4516
4518
4521
4522
4532
4552
4560
4564
4573
4585
4602
4612
4621
4650
4665
4674
4706
4729
4743
4756
4757
4759
4763
4770
4775
4779
4787
4813
4819
4825
4828
4835
4836
4850
4875
4881
4899
4907
4911
4928
4929
4941
4948
4962
4977
5006
5030
5037
5039
5042
5044
5075
5082
5090
5104
5133
5165
5192
5203
5205
5218
5219
5229
5246
5274
5279
5286
5289
5296
5302
5310
5312
5349
5352
5367
5372
5377
5389
5390
5419
5430
5442
5469
5472
5478
5489
5493
5496
5503
5518
5544
5568
5582
5585
5589
5591
5594
5621
5626
5648
5680
5692
5701
5714
5722
5729
5735
5743
5746
5763
5793
5799
5806
5808
5816
5826
5828
5838
5843
5844
5852
5853
5865
5897
5901
5902
5908
5917
5918
5925
5934
5941
5975
5992
5993
5995
5999
6003
6007
6008
6016
6034
6035
6037
6059
6075
6085
6103
6106
6140
6174
6188
6198
6216
6221
6222
6224
6232
6234
6236
6239
6251
6253
6255
6259
6263
6264
6266
6271
6287
6294
6301
6308
6309
6330
6343
6357
6373
6379
6384
6389
6401
6406
6418
6426
6437
6449
6451
6452
6463
6481
6484
6485
6492
6494
6497
6499
6506
6508
6516
6521
6523
6525
6538
6540
6541
6546
6556
6571
6576
6595
6619
6650
6658
6665
6667
6668
6678
6679
6681
6687
6694
6698
6713
6720
6721
6727
6733
6781
6783
6801
6816
6820
6823
6824
6829
6837
6873
6879
6882
6886
6896
6900
6902
6910
6916
6922
6956
6980
7008
7014
7025
7030
7039
7048
7057
7058
7074
7079
7082
7087
7101
7110
7117
7139
7148
7151
7152
7154
7162
7165
7172
7184
7193
7208
7210
7225
7228
7236
7237
7248
7252
7253
7265
7276
7309
7313
7317
7332
7339
7351
7389
7412
7425
7431
7442
7445
7453
7458
7465
7481
7490
7499
7514
7516
7521
7558
7564
7574
7576
7580
7587
7604
7605
7608
7614
7630
7647
7655
7656
7659
7667
7673
7679
7680
7697
7708
7730
7736
7748
7752
7773
7776
7781
7783
7786
7801
7805
7806
7813
7814
7815
7831
7838
7843
7845
7852
7854
7861
7867
7869
7870
7876
7886
7887
7894
7925
7957
7959
7979
7981
7992
8024
8030
8035
8038
8055
8059
8060
8063
8069
8074
8080
8081
8095
8098
8126
8131
8141
8150
8170
8189
8192
8206
8210
8215
8239
8242
8247
8255
8256
8258
8265
8280
8286
8295
8298
8307
8324
8340
8343
8356
8361
8362
8381
8425
8444
8468
8477
8478
8496
8503
8527
8534
8543
8548
8560
8562
8576
8584
8589
8595
8620
8640
8645
8655
8663
8678
8685
8689
8695
8701
8703
8704
8711
8718
8724
8732
8764
8765
8814
8815
8818
8834
8837
8838
8844
8850
8856
8868
8875
8878
8884
8887
8892
8897
8904
8907
8909
8910
8923
8931
8939
8949
8955
8958
8971
8977
8978
8981
8991
8996
9004
9018
9055
9057
9059
9097
9100
9106
9123
9125
9147
9149
9153
9167
9169
9179
9197
9209
9256
9266
9298
9300
9308
9330
9334
9338
9348
9381
9382
9400
9407
9416
9421
9439
9448
9450
9451
9455
9463
9468
9469
9473
9474
9488
9492
9514
9515
9529
9532
9539
9558
9561
9567
9571
9573
9575
9585
9610
9619
9621
9628
9635
9638
9654
9692
9706
9707
9708
9709
9711
9722
9730
9742
9758
9767
9768
9808
9813
9815
9825
9827
9831
9841
9849
9859
9866
9875
9887
9890
9892
9915
9925
9928
9938
9961
9965
9970
9972
9980
9981
9983
9990
9996
10004
10009
10014
10031
10041
10052
10059
10083
10086
10087
10113
10115
10155
10183
10213
10216
10231
10243
10246
10249
10253
10256
10258
10263
10271
10275
10278
10287
10313
10317
10321
10324
10328
10338
10339
10350
10352
10390
10414
10424
10431
10432
10433
10436
10439
10459
10464
10470
10474
10485
10495
10500
10516
10520
10523
10531
10532
10533
10535
10543
10545
10552
10558
10579
10585
10589
10591
10595
10598
10622
10623
10635
10645
10649
10651
10660
10662
10666
10687
10701
10711
10715
10730
10736
10745
10769
10794
10815
10856
10867
10870
10897
10907
10912
10913
10921
10926
10927
10930
10948
10954
10970
10999
11003
11013
11027
11030
11038
11051
11055
11065
11068
11093
11103
11125
11134
11145
11157
11162
11164
11167
11174
11183
11191
11197
11203
11209
11216
11218
11221
11243
11249
11264
11271
11274
11278
11289
11305
11307
11319
11323
11324
11332
11340
11343
11352
11362
11369
11372
11386
11400
11401
11403
11411
11418
11422
11425
11426
11445
11448
11449
11455
11456
11457
11483
11491
11494
11511
11562
11578
11580
11584
11591
11598
11622
11636
11637
11640
11659
11667
11679
11691
11700
11717
11722
11755
11769
11770
11772
11803
11805
11816
11827
11829
11841
11854
11856
11895
11913
11922
11926
11928
11932
11933
11945
11974
11987
11994
12000
12005
12012
12017
12018
12020
12039
12081
12082
12089
12101
12131
12132
12143
12144
12168
12169
12171
12175
12178
12203
12221
12224
12226
12235
12246
12249
12268
12273
12284
12293
12301
12316
12317
12339
12344
12354
12358
12362
12396
12399
12406
12408
12428
12442
12462
12463
12474
12477
12491
12512
12523
12538
12543
12556
12573
12576
12589
12601
12616
12627
12633
12643
12650
12651
12656
12658
12659
12667
12668
12683
12697
12736
12742
12745
12758
12764
12766
12778
12789
12799
12811
12832
12878
12897
12938
12939
12942
12946
12947
12961
12964
12977
12978
12984
13020
13041
13048
13064
13070
13083
13096
13114
13116
13122
13127
13145
13149
13150
13155
13165
13166
13224
13230
13251
13252
13255
13272
13286
13289
13303
13306
13307
13310
13338
13346
13351
13358
13367
13387
13390
13402
13409
13410
13412
13413
13422
13434
13446
13474
13490
13494
13496
13506
13527
13552
13554
13562
13569
13573
13589
13598
13600
13617
13626
13629
13639
13643
13647
13657
13678
13687
13699
13703
13704
13723
13726
13729
13741
13745
13750
13761
13790
13808
13811
13824
13827
13832
13836
13838
13849
13854
13878
13881
13920
13926
13934
13938
13950
13958
13972
13977
13994
14009
14010
14011
14015
14028
14050
14062
14076
14085
14089
14090
14099
14113
14120
14127
14137
14142
14144
14146
14173
14174
14183
14185
14190
14200
14201
14202
14203
14208
14222
14233
14234
14239
14241
14253
14256
14269
14275
14279
14281
14284
14288
14293
14296
14301
14308
14319
14320
14340
14349
14350
14382
14401
14414
14418
14419
14428
14433
14441
14450
14454
14455
14462
14475
14481
14499
14505
14507
14509
14522
14531
14533
14537
14539
14544
14556
14559
14564
14565
14573
14582
14606
14613
14618
14628
14637
14643
14659
14679
14686
14705
14710
14718
14725
14741
14748
14781
14801
14804
14817
14818
14820
14828
14835
14839
14861
14873
14879
14885
14892
14895
14901
14904
14910
14916
14926
14946
14949
14955
14968
14981
14984
14989
15030
15031
15033
15037
15039
15040
15055
15058
15068
15084
15091
15093
15097
15099
15100
15101
15118
15120
15138
15145
15180
15183
15195
15201
15202
15213
15221
15242
15272
15275
15277
15301
15310
15346
15350
15354
15358
15360
15372
15383
15387
15390
15403
15428
15460
15477
15478
15481
15492
15521
15529
15533
15556
15565
15566
15568
15580
15585
15588
15593
15595
15600
15606
15610
15616
15621
15641
15654
15674
15726
15743
15767
15772
15794
15795
15802
15804
15810
15824
15826
15833
15855
15874
15879
15887
15890
15897
15908
15917
15920
15973
15974
15978
15999
16012
16014
16019
16026
16027
16029
16038
16048
16053
16058
16061
16074
16077
16083
16096
16110
16125
16131
16135
16154
16157
16163
16182
16183
16192
16196
16197
16200
16207
16209
16214
16223
16225
16237
16264
16265
16282
16304
16308
16309
16332
16336
16348
16360
16361
16362
16366
16369
16376
16396
16419
16428
16439
16444
16452
16458
16464
16471
16477
16490
16501
16520
16524
16542
16548
16554
16567
16570
16575
16595
16601
16607
16615
16630
16636
16648
16650
16658
16663
16664
16666
16676
16690
16692
16693
16716
16718
16729
16734
16735
16738
16747
16771
16780
16790
16793
16794
16798
16811
16820
16836
16838
16848
16851
16853
16874
16886
16910
16927
16941
16945
16949
16950
16983
16992
16996
16998
17013
17042
17094
17098
17114
17116
17154
17163
17169
17174
17177
17181
17203
17216
17218
17221
17224
17239
17242
17249
17258
17260
17273
17274
17309
17313
17327
17338
17340
17341
17342
17373
17374
17376
17377
17383
17395
17399
17439
17443
17445
17447
17455
17457
17469
17476
17481
17482
17483
17490
17506
17527
17538
17539
17542
17544
17554
17569
17575
17580
17587
17604
17621
17623
17625
17627
17635
17659
17660
17668
17672
17681
17683
17700
17707
17730
17735
17745
17751
17760
17762
17764
17771
17778
17793
17797
17826
17850
17859
17879
17890
17915
17918
17923
17927
17937
17948
17979
17985
17998
18021
18022
18025
18029
18031
18057
18059
18064
18113
18119
18123
18127
18142
18147
18151
18163
18165
18168
18169
18181
18186
18187
18196
18209
18224
18240
18254
18263
18286
18300
18308
18325
18339
18360
18365
18366
18375
18380
18394
18396
18397
18403
18415
18424
18425
18430
18432
18434
18459
18470
18478
18484
18493
18501
18502
18507
18518
18520
18521
18527
18540
18544
18572
18573
18580
18583
18597
18619
18621
18622
18636
18637
18644
18649
18653
18655
18668
18676
18699
18704
18712
18718
18719
18729
18731
18745
18746
18754
18762
18767
18770
18771
18782
18814
18831
18849
18854
18856
18857
18859
18865
18870
18871
18872
18874
18875
18892
18896
18898
18916
18918
18920
18930
18933
18940
18947
18957
18958
18967
18971
18979
18981
19004
19012
19013
19016
19032
19033
19037
19066
19086
19090
19095
19097
19104
19112
19127
19168
19169
19209
19215
19220
19223
19232
19240
19263
19266
19269
19272
19273
19279
19283
19305
19316
19324
19339
19358
19359
19366
19398
19401
19405
19416
19427
19434
19448
19451
19456
19462
19474
19478
19514
19525
19556
19587
19593
19595
19603
19606
19608
19615
19628
19636
19641
19650
19663
19665
19668
19714
19717
19749
19750
19751
19768
19782
19784
19794
19804
19810
19814
19815
19847
19890
19903
19906
19907
19909
19910
19923
19927
19934
19936
19953
19981
19992
20005
20007
20026
20035
20037
20043
20044
20045
20049
20051
20055
20058
20063
20069
20077
20082
20090
20092
20101
20109
20110
20128
20155
20157
20164
20167
20178
20190
20220
20244
20250
20254
20255
20269
20270
20273
20312
20320
20348
20349
20355
20368
20378
20380
20386
20387
20396
20417
20421
20435
20445
20446
20454
20517
20538
20539
20543
20581
20601
20621
20634
20637
20638
20652
20664
20675
20711
20717
20727
20781
20791
20801
20810
20811
20815
20816
20836
20837
20841
20863
20864
20873
20875
20889
20904
20911
20918
20923
20937
20943
20957
20958
20973
20974
20985
21002
21028
21037
21053
21072
21104
21116
21135
21137
21138
21143
21154
21163
21186
21202
21207
21220
21222
21231
21253
21275
21280
21281
21282
21283
21299
21304
21311
21352
21380
21395
21398
21401
21404
21424
21434
21451
21463
21471
21507
21516
21517
21518
21531
21555
21562
21567
21580
21582
21583
21585
21597
21599
21605
21606
21638
21655
21690
21696
21700
21704
21716
21719
21760
21761
21764
21766
21777
21804
21809
21810
21811
21821
21839
21845
21846
21855
21868
21873
21881
21882
21888
21908
21910
21920
21928
21938
21951
21962
21975
21984
21985
21988
22005
22008
22034
22036
22042
22056
22075
22088
22091
22096
22112
22116
22120
22123
22126
22131
22132
22143
22144
22148
22156
22157
22160
22180
22190
22199
22215
22223
22224
22226
22238
22242
22243
22252
22257
22260
22274
22276
22289
22305
22313
22317
22321
22329
22337
22352
22357
22361
22364
22368
22372
22378
22384
22386
22394
22405
22422
22440
22447
22462
22468
22483
22487
22493
22496
22506
22512
22525
22536
22553
22572
22576
22585
22629
22641
22642
22657
22659
22660
22667
22671
22675
22685
22687
22693
22706
22735
22741
22785
22786
22824
22832
22844
22846
22876
22886
22912
22931
22935
22941
22942
22951
22952
22953
22960
22968
22970
22977
22978
22985
22997
23007
23017
23029
23065
23076
23081
23082
23105
23114
23136
23155
23162
23167
23171
23175
23186
23188
23196
23198
23201
23228
23233
23236
23240
23253
23255
23257
23261
23266
23274
23275
23292
23294
23300
23311
23312
23314
23340
23377
23385
23387
23395
23405
23408
23417
23427
23436
23488
23495
23497
23498
23504
23512
23524
23533
23534
23536
23548
23591
23601
23620
23624
23634
23635
23653
23675
23681
23705
23727
23729
23743
23746
23748
23764
23768
23772
23774
23780
23783
23802
23808
23819
23825
23826
23836
23841
23849
23853
23871
23910
23913
23923
23926
23939
23945
23962
23963
23964
23967
23973
23980
24011
24024
24037
24038
24063
24065
24068
24076
24084
24109
24135
24161
24173
24174
24178
24201
24211
24219
24223
24230
24248
24253
24259
24263
24269
24284
24290
24314
24319
24321
24335
24348
24353
24366
24370
24372
24375
24382
24386
24391
24395
24405
24412
24428
24431
24446
24449
24458
24480
24494
24498
24511
24515
24530
24542
24561
24571
24572
24575
24582
24586
24588
24589
24592
24613
24638
24643
24646
24650
24660
24665
24679
24680
24702
24722
24754
24765
24768
24799
24806
24810
24822
24823
24828
24835
24839
24843
24844
24855
24879
24888
24897
24903
24905
24915
24918
24927
24932
24943
24949
24961
24978
24996
25000
25012
25015
25024
25045
25055
25064
25078
25088
25094
25096
25106
25126
25133
25144
25146
25150
25152
25156
25159
25164
25181
25212
25215
25216
25221
25240
25242
25249
25261
25281
25282
25287
25319
25335
25353
25354
25361
25367
25369
25370
25387
25396
25408
25412
25414
25445
25460
25463
25465
25480
25490
25491
25511
25514
25517
25539
25557
25558
25571
25575
25595
25606
25611
25625
25649
25667
25673
25682
25690
25705
25718
25733
25739
25758
25759
25761
25771
25775
25784
25788
25791
25792
25798
25805
25810
25811
25826
25832
25842
25845
25846
25859
25863
25874
25902
25949
25950
25953
25955
25956
25965
25987
25989
25991
26003
26007
26031
26040
26042
26043
26045
26068
26086
26092
26099
26102
26126
26130
26133
26134
26139
26140
26150
26158
26167
26198
26205
26214
26223
26227
26228
26237
26241
26249
26255
26284
26303
26308
26323
26334
26336
26343
26360
26370
26393
26420
26428
26476
26487
26493
26515
26516
26519
26533
26569
26583
26618
26640
26653
26690
26704
26714
26735
26738
26742
26745
26756
26758
26764
26765
26769
26777
26779
26784
26791
26797
26804
26811
26838
26839
26853
26859
26866
26885
26916
26918
26927
26931
26955
26968
26975
27018
27028
27065
27078
27080
27086
27091
27110
27113
27116
27124
27144
27152
27166
27176
27224
27231
27244
27266
27277
27301
27303
27330
27379
27384
27385
27396
27426
27429
27432
27447
27449
27461
27463
27468
27480
27494
27497
27505
27526
27527
27529
27540
27559
27574
27575
27616
27627
27640
27646
27651
27669
27681
27682
27685
27691
27694
27705
27718
27749
27769
27773
27778
27791
27793
27820
27829
27836
27843
27849
27851
27855
27856
27864
27879
27886
27887
27896
27897
27907
27913
27915
27921
27926
27936
27940
27964
27966
27968
27979
27983
27995
28003
28018
28022
28040
28053
28064
28065
28068
28089
28091
28098
28104
28112
28119
28157
28177
28182
28192
28214
28216
28231
28244
28271
28274
28279
28282
28286
28295
28302
28303
28307
28312
28319
28324
28325
28328
28341
28358
28365
28376
28379
28381
28405
28423
28426
28433
28441
28445
28446
28481
28486
28489
28499
28502
28520
28528
28529
28534
28535
28536
28541
28550
28561
28562
28568
28575
28583
28603
28605
28611
28614
28616
28625
28636
28642
28663
28677
28689
28690
28693
28695
28701
28709
28713
28723
28736
28738
28739
28745
28751
28755
28759
28768
28773
28783
28788
28806
28824
28825
28837
28839
28843
28847
28850
28854
28874
28879
28905
28912
28917
28934
28961
28980
28997
29000
29002
29010
29021
29067
29068
29071
29072
29085
29088
29097
29105
29108
29124
29126
29128
29147
29181
29202
29205
29209
29211
29215
29220
29233
29239
29243
29280
29284
29286
29294
29296
29297
29303
29308
29314
29337
29348
29378
29381
29386
29388
29397
29398
29402
29403
29408
29414
29428
29453
29465
29498
29507
29512
29523
29558
29564
29565
29572
29576
29577
29581
29590
29604
29616
29621
29624
29636
29639
29645
29658
29660
29663
29669
29694
29696
29725
29728
29756
29787
29796
29810
29816
29817
29824
29865
29872
29882
29885
29904
29914
29927
29933
29935
29955
29960
29976
29986
29992
30004
30005
30006
30016
30036
30037
30038
30042
30052
30055
30092
30110
30115
30135
30146
30158
30163
30184
30186
30187
30258
30263
30266
30291
30296
30302
30311
30334
30349
30351
30364
30367
30379
30390
30392
30395
30397
30398
30399
30434
30447
30449
30458
30484
30489
30490
30517
30522
30525
30531
30535
30536
30539
30545
30562
30566
30568
30610
30625
30642
30648
30690
30694
30696
30720
30729
30739
30740
30746
30754
30758
30768
30785
30793
30811
30818
30826
30843
30854
30871
30887
30899
30900
30901
30915
30917
30918
30927
30935
30939
30948
30961
30965
30977
30986
30991
31003
31011
31015
31018
31029
31030
31044
31047
31049
31062
31076
31091
31104
31115
31135
31136
31143
31149
31160
31162
31168
31173
31175
31186
31202
31209
31210
31217
31257
31266
31276
31291
31295
31296
31305
31332
31337
31359
31360
31372
31383
31386
31388
31404
31417
31425
31435
31440
31441
31445
31450
31495
31501
31504
31521
31528
31529
31542
31548
31550
31573
31578
31633
31638
31639
31641
31645
31661
31699
31716
31726
31783
31797
31798
31801
31813
31847
31852
31857
31864
31872
31873
31889
31900
31919
31921
31936
31937
31995
31996
31999
32018
32019
32020
32043
32046
32066
32077
32083
32094
32104
32128
32139
32142
32146
32190
32203
32209
32220
32241
32244
32303
32312
32317
32320
32325
32328
32330
32341
32347
32348
32373
32375
32405
32413
32426
32448
32452
32465
32472
32474
32488
32497
32502
32505
32506
32512
32534
32545
32551
32562
32564
32571
32575
32596
32603
32619
32627
32632
32639
32644
32650
32667
32676
32680
32681
32692
32695
32697
32698
32703
32711
32722
32732
32781
32798
32803
32809
32811
32820
32832
32846
32847
32849
32865
32867
32883
32884
32886
32899
32910
32914
32920
32933
32936
32937
32959
32970
33000
33011
33020
33022
33025
33038
33086
33102
33109
33114
33124
33126
33147
33168
33179
33193
33202
33215
33218
33219
33234
33241
33261
33271
33289
33295
33311
33328
33338
33341
33347
33354
33357
33370
33371
33384
33391
33420
33423
33432
33442
33471
33484
33485
33502
33530
33531
33557
33560
33562
33565
33567
33587
33595
33610
33616
33626
33628
33631
33641
33644
33647
33651
33660
33671
33672
33685
33687
33689
33694
33695
33725
33730
33741
33750
33752
33758
33762
33772
33787
33801
33829
33838
33841
33860
33861
33868
33883
33894
33898
33932
33944
33953
33963
33964
33993
34030
34034
34047
34055
34059
34061
34078
34082
34094
34095
34096
34151
34173
34180
34216
34227
34230
34247
34254
34290
34292
34293
34305
34307
34329
34333
34340
34352
34356
34372
34396
34399
34418
34427
34432
34458
34470
34473
34475
34477
34480
34491
34493
34527
34546
34547
34550
34554
34557
34564
34569
34577
34594
34603
34606
34612
34640
34661
34665
34669
34672
34674
34681
34685
34695
34706
34723
34728
34747
34758
34778
34782
34786
34798
34814
34826
34832
34833
34836
34843
34844
34865
34874
34887
34911
34922
34926
34940
34955
34964
34966
34972
34984
34986
34990
34994
35005
35006
35026
35039
35046
35047
35059
35061
35106
35107
35117
35124
35135
35144
35163
35168
35169
35176
35178
35183
35193
35197
35217
35226
35233
35255
35266
35269
35277
35279
35300
35304
35318
35333
35352
35371
35383
35385
35386
35391
35394
35398
35400
35404
35409
35419
35458
35462
35463
35474
35484
35502
35510
35518
35524
35527
35528
35535
35538
35546
35553
35560
35566
35590
35597
35603
35606
35620
35621
35624
35633
35637
35657
35664
35684
35690
35691
35709
35717
35718
35722
35731
35740
35741
35751
35756
35782
35788
35800
35805
35815
35835
35841
35847
35852
35858
35865
35868
35873
35900
35902
35904
35921
35922
35936
35941
35945
35948
35953
35973
35976
35980
35982
35998
36007
36012
36014
36018
36026
36033
36037
36041
36047
36048
36051
36065
36078
36080
36091
36094
36097
36130
36152
36190
36206
36228
36236
36249
36255
36290
36297
36309
36310
36318
36319
36332
36337
36344
36345
36347
36355
36378
36379
36381
36442
36445
36469
36473
36479
36488
36497
36502
36507
36515
36522
36552
36553
36561
36564
36569
36577
36588
36590
36597
36606
36607
36608
36617
36622
36641
36645
36652
36655
36656
36669
36674
36689
36710
36717
36719
36720
36743
36751
36758
36767
36773
36777
36790
36793
36805
36807
36833
36869
36876
36894
36900
36908
36922
36925
36928
36941
36949
36966
36968
36973
36981
36989
37007
37009
37011
37019
37020
37025
37026
37029
37032
37037
37042
37055
37065
37076
37090
37131
37136
37142
37143
37144
37188
37192
37201
37202
37212
37218
37242
37276
37277
37288
37294
37296
37308
37317
37320
37335
37338
37347
37351
37352
37365
37368
37377
37378
37380
37385
37388
37397
37401
37432
37443
37456
37465
37472
37475
37486
37491
37493
37499
37500
37505
37507
37511
37512
37522
37526
37544
37553
37559
37560
37567
37585
37602
37614
37619
37620
37633
37642
37653
37662
37666
37669
37683
37691
37698
37703
37718
37729
37734
37738
37750
37762
37775
37780
37806
37849
37865
37866
37939
37972
37977
37990
37993
38000
38004
38010
38018
38039
38061
38094
38097
38100
38101
38108
38122
38125
38148
38170
38176
38193
38209
38211
38212
38219
38220
38231
38244
38247
38257
38265
38274
38281
38290
38291
38309
38315
38328
38348
38364
38377
38390
38400
38452
38455
38463
38467
38470
38490
38515
38516
38518
38532
38547
38560
38570
38582
38587
38611
38616
38617
38627
38632
38637
38683
38688
38691
38703
38714
38717
38742
38749
38752
38775
38789
38794
38805
38820
38825
38831
38836
38840
38883
38895
38903
38927
38930
38955
38972
38975
38976
38977
38985
38987
39017
39023
39025
39033
39081
39083
39095
39113
39118
39123
39124
39140
39145
39152
39176
39192
39215
39217
39221
39231
39253
39263
39267
39314
39316
39333
39354
39355
39358
39360
39361
39366
39371
39387
39388
39391
39393
39407
39418
39439
39449
39454
39475
39479
39482
39500
39501
39503
39511
39518
39554
39570
39600
39604
39605
39612
39617
39630
39638
39639
39654
39656
39672
39674
39683
39705
39710
39726
39729
39733
39738
39739
39748
39766
39768
39774
39802
39809
39810
39813
39821
39836
39860
39863
39872
39885
39915
39927
39934
39946
39949
39951
39953
39964
39972
40011
40024
40027
40028
40039
40041
40048
40062
40079
40086
40087
40089
40101
40112
40123
40146
40152
40154
40190
40205
40207
40209
40266
40269
40276
40285
40295
40296
40302
40320
40337
40371
40379
40381
40388
40397
40398
40406
40411
40412
40433
40448
40449
40485
40496
40523
40524
40529
40560
40561
40572
40605
40609
40613
40652
40696
40704
40727
40744
40750
40756
40767
40774
40777
40779
40784
40795
40802
40804
40813
40840
40873
40881
40893
40906
40922
40953
40968
40970
40977
40989
41002
41012
41019
41020
41024
41030
41045
41049
41091
41092
41103
41112
41115
41122
41131
41134
41135
41137
41138
41148
41153
41155
41165
41213
41232
41236
41242
41246
41267
41288
41294
41300
41302
41310
41337
41339
41355
41394
41411
41423
41432
41435
41442
41464
41485
41489
41509
41518
41521
41522
41528
41529
41532
41537
41560
41588
41603
41610
41615
41621
41623
41628
41638
41658
41665
41668
41690
41708
41743
41745
41747
41763
41784
41785
41787
41802
41816
41819
41822
41831
41832
41841
41844
41856
41862
41870
41872
41886
41910
41915
41959
41965
41966
41972
41998
42000
42033
42038
42041
42050
42059
42082
42083
42097
42118
42133
42145
42156
42165
42176
42188
42191
42205
42207
42215
42217
42231
42238
42239
42244
42246
42251
42264
42268
42290
42291
42302
42322
42334
42342
42344
42353
42355
42370
42376
42378
42382
42387
42397
42405
42412
42417
42422
42427
42463
42479
42483
42494
42506
42516
42533
42536
42544
42558
42563
42565
42595
42623
42624
42629
42636
42642
42652
42663
42664
42666
42677
42682
42693
42699
42707
42718
42753
42755
42762
42763
42782
42791
42821
42830
42839
42855
42864
42870
42900
42902
42903
42906
42924
42929
42930
42931
42951
42955
43011
43013
43022
43025
43027
43045
43047
43065
43085
43096
43099
43104
43105
43106
43114
43118
43127
43128
43130
43157
43166
43168
43196
43258
43262
43281
43284
43285
43310
43311
43312
43314
43326
43338
43354
43360
43373
43378
43387
43389
43392
43393
43417
43422
43436
43442
43444
43456
43458
43461
43462
43464
43475
43481
43490
43516
43527
43541
43572
43582
43624
43635
43645
43651
43667
43676
43686
43687
43693
43704
43726
43735
43745
43766
43777
43785
43804
43805
43811
43815
43819
43829
43839
43848
43855
43864
43879
43898
43904
43910
43916
43971
43976
43995
44014
44029
44045
44068
44069
44075
44090
44091
44101
44114
44117
44124
44131
44134
44149
44150
44159
44179
44183
44187
44189
44202
44213
44218
44232
44262
44272
44274
44275
44287
44291
44295
44301
44308
44332
44338
44339
44380
44409
44425
44440
44447
44487
44488
44495
44498
44502
44507
44514
44525
44527
44530
44532
44539
44548
44561
44572
44579
44581
44588
44602
44603
44610
44618
44623
44627
44649
44653
44663
44676
44681
44684
44685
44688
44689
44691
44715
44719
44745
44759
44767
44781
44784
44788
44812
44821
44838
44844
44857
44872
44894
44897
44912
44917
44921
44922
44925
44932
44945
44951
44960
44967
44970
44976
44983
44985
44987
44995
45023
45049
45052
45055
45064
45082
45085
45090
45094
45102
45121
45134
45154
45160
45166
45171
45175
45181
45194
45212
45216
45217
45226
45230
45233
45238
45242
45257
45259
45262
45272
45296
45299
45305
45306
45309
45321
45333
45347
45359
45377
45385
45390
45393
45405
45423
45464
45484
45499
45505
45514
45519
45527
45529
45597
45600
45607
45638
45647
45653
45662
45683
45685
45689
45696
45707
45728
45731
45787
45794
45796
45806
45818
45823
45836
45838
45841
45852
45853
45868
45916
45919
45920
45939
45940
45942
45971
45976
45983
45985
45986
45991
46011
46039
46048
46053
46056
46059
46071
46074
46089
46111
46113
46114
46118
46127
46136
46144
46148
46155
46183
46187
46188
46213
46220
46232
46236
46241
46255
46258
46283
46284
46290
46293
46295
46305
46312
46329
46330
46338
46353
46354
46371
46387
46422
46424
46427
46429
46432
46436
46462
46464
46486
46488
46494
46496
46509
46513
46526
46528
46548
46555
46558
46564
46567
46571
46574
46578
46582
46590
46597
46607
46627
46629
46639
46646
46652
46678
46687
46690
46703
46724
46728
46732
46758
46763
46767
46772
46798
46815
46816
46824
46839
46842
46845
46848
46861
46875
46883
46885
46938
46943
46944
46945
46946
46950
46953
46976
46988
46999
47012
47022
47033
47048
47051
47056
47060
47063
47074
47082
47085
47088
47096
47108
47126
47165
47170
47171
47172
47179
47186
47219
47227
47229
47233
47256
47281
47294
47299
47303
47305
47315
47317
47332
47336
47344
47373
47377
47387
47393
47405
47408
47417
47434
47443
47464
47465
47472
47483
47485
47497
47498
47508
47522
47528
47532
47537
47541
47546
47552
47560
47572
47575
47576
47583
47592
47597
47600
47606
47624
47630
47633
47637
47641
47664
47665
47690
47701
47722
47733
47738
47741
47749
47771
47773
47800
47812
47822
47826
47827
47836
47843
47847
47853
47880
47884
47899
47906
47927
47929
47951
47956
47977
47982
47990
47997
48014
48019
48026
48029
48039
48060
48065
48066
48070
48071
48072
48093
48106
48108
48147
48155
48158
48165
48177
48185
48188
48202
48205
48212
48214
48231
48233
48235
48242
48253
48255
48278
48286
48290
48298
48312
48330
48341
48353
48363
48382
48385
48386
48400
48441
48457
48458
48465
48468
48470
48502
48511
48512
48515
48520
48530
48537
48539
48542
48545
48549
48571
48595
48596
48599
48609
48619
48637
48656
48672
48677
48685
48714
48721
48723
48734
48740
48745
48750
48753
48761
48772
48785
48803
48826
48829
48837
48846
48852
48865
48874
48893
48899
48905
48929
48931
48933
48952
48970
48974
48994
48995
49000
49007
49024
49046
49052
49056
49076
49081
49101
49108
49111
49115
49134
49157
49170
49172
49174
49177
49181
49187
49225
49232
49233
49247
49267
49303
49315
49316
49324
49325
49330
49344
49345
49347
49351
49359
49366
49367
49368
49370
49377
49386
49390
49401
49402
49415
49428
49436
49437
49443
49448
49450
49451
49452
49469
49472
49473
49475
49477
49485
49488
49507
49531
49539
49545
49548
49566
49569
49613
49615
49621
49628
49670
49685
49704
49707
49708
49710
49716
49732
49750
49759
49763
49772
49776
49798
49801
49812
49821
49854
49882
49885
49888
49892
49896
49907
49910
49911
49915
49929
49931
49945
49950
49980
49997
49999
50017
50029
50036
50037
50056
50058
50060
50066
50071
50081
50088
50094
50098
50106
50142
50144
50169
50171
50172
50183
50190
50202
50210
50211
50220
50221
50225
50233
50238
50256
50272
50280
50301
50303
50313
50322
50335
50343
50351
50394
50395
50401
50404
50418
50423
50428
50442
50445
50452
50454
50474
50479
50502
50528
50547
50554
50556
50577
50593
50595
50600
50604
50605
50618
50621
50624
50642
50683
50687
50691
50693
50697
50705
50733
50740
50777
50778
50788
50795
50811
50839
50850
50857
50859
50867
50876
50878
50889
50890
50891
50895
50898
50900
50902
50905
50911
50918
50931
50938
50968
50974
50984
50990
51010
51029
51034
51035
51051
51077
51088
51126
51128
51142
51192
51193
51199
51215
51217
51221
51222
51231
51232
51257
51259
51262
51263
51279
51287
51293
51294
51312
51333
51371
51383
51385
51399
51408
51415
51419
51422
51448
51452
51454
51488
51497
51501
51503
51508
51517
51520
51522
51525
51527
51530
51542
51552
51558
51583
51598
51603
51607
51636
51637
51638
51642
51673
51675
51677
51718
51729
51734
51737
51741
51745
51749
51792
51793
51803
51823
51826
51837
51854
51873
51908
51928
51936
51939
51946
51951
51952
51974
51978
51991
51997
52005
52006
52011
52012
52029
52034
52045
52067
52069
52084
52087
52095
52119
52122
52125
52128
52132
52133
52138
52141
52142
52145
52151
52155
52164
52172
52174
52177
52186
52215
52220
52221
52230
52236
52248
52251
52266
52274
52275
52289
52299
52318
52331
52337
52338
52343
52345
52356
52383
52392
52412
52451
52455
52457
52470
52511
52523
52529
52550
52556
52565
52569
52574
52578
52587
52589
52592
52605
52611
52643
52647
52650
52674
52681
52689
52690
52702
52704
52730
52750
52768
52777
52782
52797
52798
52811
52842
52845
52851
52857
52863
52878
52880
52885
52902
52909
52911
52914
52921
52925
52941
52952
52957
52971
52982
52983
53047
53056
53066
53094
53096
53109
53114
53117
53118
53119
53125
53127
53128
53137
53141
53160
53164
53167
53186
53192
53195
53202
53205
53213
53216
53227
53228
53249
53263
53278
53284
53287
53301
53315
53320
53322
53329
53333
53360
53362
53368
53378
53384
53444
53457
53458
53470
53473
53490
53502
53519
53532
53535
53545
53564
53566
53582
53585
53594
53597
53609
53624
53646
53649
53663
53669
53678
53693
53700
53705
53715
53727
53728
53791
53800
53815
53831
53834
53838
53840
53849
53878
53889
53899
53910
53932
53933
53946
53948
53960
53961
53980
53993
54011
54012
54017
54026
54029
54037
54047
54051
54057
54060
54079
54085
54096
54104
54124
54127
54154
54157
54164
54178
54182
54185
54198
54205
54238
54249
54252
54262
54273
54283
54292
54295
54296
54305
54330
54331
54341
54343
54367
54378
54379
54394
54397
54400
54405
54408
54422
54437
54445
54446
54470
54481
54482
54484
54495
54509
54514
54527
54537
54542
54544
54562
54598
54599
54605
54612
54613
54616
54626
54635
54644
54646
54659
54660
54661
54666
54678
54683
54692
54713
54725
54728
54729
54735
54743
54761
54764
54770
54772
54774
54775
54780
54783
54791
54802
54815
54840
54856
54859
54898
54918
54949
54950
54951
54962
54966
54969
54980
54984
54994
55000
55001
55021
55034
55054
55058
55072
55075
55081
55088
55118
55120
55127
55129
55150
55155
55163
55168
55180
55184
55207
55217
55223
55228
55234
55255
55286
55291
55293
55302
55321
55326
55332
55336
55400
55433
55439
55443
55455
55493
55536
55552
55579
55582
55584
55595
55599
55618
55629
55641
55651
55654
55663
55667
55673
55687
55688
55702
55736
55737
55739
55740
55745
55756
55770
55784
55800
55849
55869
55882
55884
55891
55897
55907
55923
55932
55939
55943
55953
55961
55962
55972
55973
55997
56025
56028
56034
56056
56058
56063
56071
56077
56083
56087
56090
56099
56133
56137
56148
56170
56188
56197
56212
56218
56222
56224
56228
56238
56242
56252
56254
56255
56305
56323
56333
56337
56340
56361
56362
56368
56383
56395
56406
56411
56419
56428
56434
56469
56474
56476
56485
56489
56490
56495
56500
56503
56513
56516
56536
56538
56545
56546
56548
56557
56558
56568
56580
56584
56587
56595
56604
56617
56631
56636
56650
56669
56671
56683
56712
56720
56725
56739
56741
56752
56779
56797
56799
56807
56812
56813
56817
56821
56828
56832
56837
56839
56849
56856
56866
56875
56883
56908
56927
56930
56938
56940
56952
56968
56991
57006
57017
57035
57043
57045
57047
57063
57077
57083
57101
57106
57116
57122
57125
57130
57155
57178
57183
57185
57202
57206
57210
57213
57216
57217
57223
57224
57230
57235
57267
57280
57292
57295
57299
57305
57337
57339
57341
57352
57354
57369
57391
57398
57402
57405
57416
57427
57439
57442
57451
57457
57467
57475
57478
57491
57500
57506
57536
57539
57544
57548
57570
57601
57610
57621
57622
57641
57644
57653
57666
57675
57690
57711
57716
57726
57739
57745
57750
57757
57792
57793
57795
57796
57804
57846
57847
57851
57855
57857
57860
57861
57874
57877
57891
57892
57899
57907
57912
57915
57937
57942
57962
57969
57980
57985
57987
57994
58009
58026
58030
58031
58039
58050
58051
58054
58055
58058
58065
58070
58076
58083
58095
58103
58108
58116
58136
58162
58165
58169
58175
58176
58181
58194
58195
58212
58213
58225
58268
58270
58278
58287
58294
58306
58329
58336
58347
58350
58366
58385
58389
58398
58405
58421
58429
58430
58431
58442
58448
58460
58478
58487
58489
58497
58517
58555
58585
58592
58595
58603
58646
58662
58668
58705
58711
58723
58727
58731
58745
58760
58764
58768
58793
58800
58808
58828
58839
58841
58853
58857
58896
58909
58929
58930
58966
58989
58992
58999
59033
59040
59044
59058
59060
59062
59091
59096
59098
59130
59141
59145
59148
59157
59162
59164
59173
59183
59203
59205
59206
59220
59239
59249
59261
59262
59272
59276
59289
59299
59314
59328
59356
59382
59388
59392
59401
59441
59448
59449
59452
59466
59477
59478
59480
59481
59505
59512
59527
59528
59540
59541
59545
59562
59569
59570
59589
59599
59604
59605
59612
59617
59619
59621
59629
59633
59652
59663
59682
59708
59731
59742
59749
59764
59768
59776
59787
59807
59809
59844
59857
59863
59866
59876
59883
59891
59894
59899
59904
59927
59930
59932
59934
59941
59948
59953
59978
