2
11
14
19
22
30
47
50
121
144
168
169
182
193
201
208
247
253
278
282
283
304
318
338
347
359
366
370
386
418
426
462
500
515
527
530
541
543
555
565
593
599
601
615
626
642
645
651
656
695
701
711
723
730
733
738
750
752
756
761
771
782
784
796
807
817
819
827
841
854
864
867
871
876
877
897
949
960
965
984
992
1007
1013
1016
1031
1034
1035
1054
1072
1086
1090
1099
1102
1106
1107
1125
1139
1154
1155
1157
1160
1170
1189
1193
1209
1224
1258
1264
1279
1292
1308
1314
1318
1321
1322
1335
1338
1351
1370
1385
1386
1387
1396
1419
1420
1428
1430
1447
1471
1475
1490
1510
1525
1528
1532
1543
1553
1555
1573
1586
1608
1618
1636
1640
1648
1659
1666
1677
1710
1712
1723
1730
1739
1748
1758
1761
1772
1779
1787
1801
1802
1812
1831
1844
1850
1872
1875
1879
1881
1899
1911
1914
1930
1934
1954
1956
1972
1973
1977
1980
2013
2023
2046
2047
2052
2057
2069
2071
2079
2081
2084
2095
2096
2116
2143
2147
2148
2156
2168
2184
2201
2204
2205
2217
2247
2302
2317
2334
2335
2341
2342
2356
2363
2364
2386
2397
2401
2411
2414
2428
2434
2442
2449
2474
2498
2512
2520
2533
2560
2590
2593
2596
2599
2627
2660
2665
2674
2696
2697
2707
2725
2731
2736
2748
2750
2783
2784
2793
2811
2812
2819
2832
2837
2838
2843
2848
2867
2870
2881
2885
2893
2897
2903
2919
2938
2939
2960
2963
2966
2978
2985
2989
3002
3045
3066
3076
3077
3094
3101
3112
3129
3135
3136
3178
3179
3180
3195
3241
3252
3257
3290
3296
3297
3303
3310
3315
3341
3346
3359
3361
3369
3380
3382
3384
3405
3411
3416
3419
3429
3466
3471
3481
3492
3503
3518
3525
3536
3555
3565
3573
3603
3605
3642
3643
3651
3663
3679
3689
3692
3696
3705
3736
3748
3763
3786
3788
3793
3814
3819
3826
3837
3843
3861
3862
3880
3895
3900
3901
3922
3944
3952
3962
3969
3975
3979
3987
3991
4019
4027
4031
4032
4040
4045
4051
4053
4058
4059
4071
4074
4094
4101
4111
4136
4149
4153
4155
4163
4164
4187
4205
4206
4212
4216
4231
4234
4252
4258
4285
4294
4297
4302
4306
4309
4321
4335
4337
4342
4351
4379
4394
4395
4409
4412
4417
4436
4477
4478
4513
4524
4533
4548
4554
4558
4566
4572
4593
4595
4611
4637
4646
4656
4685
4689
4712
4715
4723
4726
4744
4761
4765
4766
4768
4771
4788
4799
4804
4808
4809
4810
4848
4852
4854
4862
4886
4901
4905
4909
4916
4930
4943
4949
4960
4970
4972
4973
4974
4991
4992
5016
5024
5027
5029
5085
5091
5096
5106
5107
5119
5123
5134
5170
5181
5215
5221
5226
5238
5242
5248
5267
5269
5281
5293
5294
5309
5314
5318
5355
5357
5358
5364
5365
5374
5382
5410
5414
5439
5447
5457
5460
5468
5471
5473
5475
5484
5495
5499
5501
5507
5523
5534
5537
5548
5562
5576
5577
5579
5586
5593
5601
5614
5635
5636
5638
5649
5650
5653
5656
5658
5662
5665
5681
5682
5685
5693
5695
5702
5703
5704
5705
5706
5710
5711
5720
5725
5727
5730
5747
5785
5802
5815
5831
5835
5847
5856
5874
5875
5879
5898
5913
5916
5923
5926
5942
5949
5950
5953
5965
5973
5974
5977
5978
5983
5984
6014
6023
6048
6052
6061
6063
6064
6066
6068
6084
6087
6104
6117
6123
6130
6136
6141
6146
6164
6190
6192
6193
6203
6213
6217
6219
6220
6245
6286
6296
6299
6329
6332
6344
6346
6353
6363
6364
6369
6382
6395
6425
6430
6456
6460
6466
6471
6475
6478
6518
6539
6549
6559
6565
6572
6579
6585
6588
6604
6612
6642
6645
6683
6708
6712
6731
6732
6734
6743
6751
6758
6763
6771
6777
6782
6786
6790
6802
6803
6814
6818
6830
6854
6885
6892
6895
6901
6906
6911
6923
6931
6933
6974
6986
7006
7009
7032
7034
7036
7037
7050
7053
7054
7077
7091
7097
7118
7119
7135
7145
7157
7158
7164
7181
7187
7203
7211
7246
7247
7255
7264
7272
7279
7280
7285
7295
7310
7320
7322
7333
7335
7342
7359
7380
7382
7393
7399
7404
7407
7419
7435
7440
7443
7451
7454
7455
7457
7460
7468
7489
7493
7494
7501
7512
7515
7525
7529
7531
7551
7554
7555
7562
7565
7599
7621
7633
7641
7643
7649
7678
7683
7692
7726
7733
7758
7759
7767
7772
7787
7791
7811
7817
7818
7824
7828
7839
7851
7856
7858
7912
7921
7922
7945
7956
7967
7973
7994
7997
8010
8018
8047
8052
8054
8078
8082
8084
8086
8096
8111
8124
8130
8132
8146
8153
8159
8165
8216
8238
8263
8273
8279
8282
8292
8302
8323
8341
8345
8371
8380
8382
8397
8407
8409
8424
8435
8436
8443
8449
8454
8474
8489
8504
8516
8518
8525
8575
8580
8592
8605
8608
8617
8621
8624
8631
8646
8649
8671
8688
8694
8698
8699
8709
8710
8713
8715
8717
8736
8744
8750
8762
8768
8782
8783
8794
8798
8805
8808
8823
8841
8853
8877
8882
8891
8895
8901
8902
8924
8942
8943
8948
8952
8967
8985
8988
9000
9009
9010
9017
9022
9032
9043
9047
9052
9076
9078
9090
9116
9127
9135
9140
9156
9160
9163
9164
9170
9172
9178
9189
9192
9195
9200
9206
9211
9218
9220
9225
9233
9246
9262
9279
9280
9296
9318
9320
9323
9326
9328
9333
9337
9341
9351
9354
9360
9364
9367
9377
9380
9405
9413
9423
9427
9435
9459
9464
9470
9475
9490
9508
9509
9516
9517
9525
9526
9534
9538
9540
9550
9599
9602
9625
9626
9629
9665
9671
9676
9682
9686
9693
9695
9697
9698
9705
9710
9712
9717
9735
9736
9752
9754
9759
9785
9786
9789
9793
9807
9819
9869
9878
9880
9894
9901
9902
9905
9907
9912
9926
9930
9937
9978
9986
9989
9993
9997
9999
10000
10028
10033
10039
10050
10062
10067
10080
10081
10095
10114
10121
10132
10133
10149
10150
10167
10173
10187
10191
10195
10201
10232
10235
10265
10301
10332
10334
10367
10368
10384
10400
10412
10421
10435
10448
10462
10465
10475
10483
10496
10501
10511
10562
10565
10569
10571
10573
10601
10617
10625
10637
10638
10665
10674
10677
10683
10691
10693
10710
10724
10726
10741
10743
10749
10751
10753
10766
10771
10797
10805
10818
10824
10840
10865
10884
10890
10899
10924
10925
10928
10940
10944
10950
10951
10961
10976
10978
10986
10990
10991
10998
11000
11026
11034
11052
11057
11063
11064
11085
11091
11092
11094
11095
11096
11097
11099
11114
11123
11143
11144
11158
11161
11168
11180
11227
11239
11240
11241
11255
11259
11288
11292
11296
11308
11310
11313
11314
11320
11328
11344
11346
11351
11368
11378
11379
11380
11392
11417
11464
11473
11492
11500
11501
11507
11513
11526
11530
11544
11568
11579
11586
11588
11594
11599
11608
11611
11619
11624
11626
11642
11644
11648
11657
11662
11670
11671
11674
11686
11690
11695
11697
11698
11699
11728
11741
11748
11766
11785
11792
11821
11830
11833
11836
11875
11887
11892
11898
11931
11937
11950
11964
11985
12002
12011
12021
12024
12032
12037
12045
12057
12060
12062
12072
12075
12088
12095
12096
12103
12119
12123
12126
12130
12140
12153
12154
12163
12183
12217
12219
12223
12231
12232
12240
12244
12252
12259
12263
12271
12279
12287
12295
12297
12305
12307
12321
12331
12361
12378
12388
12403
12412
12415
12421
12426
12437
12452
12457
12468
12487
12497
12500
12514
12524
12526
12541
12549
12567
12575
12593
12608
12621
12632
12641
12645
12657
12666
12679
12687
12688
12694
12722
12725
12739
12749
12750
12754
12761
12762
12765
12768
12776
12779
12783
12790
12798
12805
12810
12817
12821
12839
12842
12853
12855
12864
12872
12875
12887
12892
12893
12896
12907
12909
12916
12922
12923
12930
12962
12965
12968
12973
13003
13004
13029
13033
13056
13057
13065
13079
13080
13095
13136
13143
13154
13160
13168
13171
13174
13192
13203
13222
13228
13234
13238
13254
13269
13278
13285
13294
13295
13296
13300
13302
13326
13327
13335
13337
13342
13348
13354
13355
13362
13369
13374
13382
13383
13417
13420
13424
13430
13435
13443
13452
13457
13462
13467
13480
13502
13516
13525
13533
13541
13551
13559
13567
13582
13590
13601
13658
13659
13669
13679
13683
13706
13730
13736
13744
13768
13770
13794
13795
13796
13799
13802
13831
13839
13859
13870
13890
13909
13912
13923
13939
13940
13943
13970
13973
13975
13978
13980
13986
13996
14003
14007
14024
14034
14036
14040
14064
14091
14104
14111
14114
14153
14161
14181
14194
14213
14219
14231
14235
14238
14244
14264
14265
14292
14303
14306
14307
14316
14322
14329
14334
14345
14358
14392
14396
14399
14410
14434
14436
14451
14453
14458
14467
14470
14484
14488
14496
14519
14528
14530
14577
14590
14597
14598
14609
14624
14631
14654
14670
14692
14726
14731
14734
14740
14749
14750
14752
14753
14772
14784
14789
14793
14798
14824
14832
14838
14840
14843
14850
14856
14865
14866
14877
14883
14887
14913
14918
14922
14924
14931
14939
14940
14958
14963
14969
14971
14982
14988
14992
14995
14996
15001
15005
15012
15023
15027
15042
15045
15047
15049
15076
15080
15098
15108
15114
15125
15128
15151
15159
15167
15188
15193
15200
15252
15260
15270
15278
15312
15315
15336
15344
15349
15371
15373
15395
15408
15409
15469
15486
15488
15490
15494
15499
15504
15511
15516
15524
15534
15537
15538
15544
15545
15562
15583
15587
15589
15590
15591
15602
15643
15646
15688
15696
15704
15715
15716
15727
15733
15736
15739
15753
15756
15757
15790
15819
15823
15834
15842
15849
15854
15861
15866
15867
15877
15888
15902
15905
15913
15927
15941
15972
15983
15996
16008
16013
16031
16035
16045
16046
16072
16103
16128
16133
16149
16164
16169
16184
16199
16201
16206
16212
16243
16246
16270
16279
16283
16297
16318
16331
16335
16344
16351
16353
16356
16358
16378
16387
16409
16435
16474
16479
16495
16506
16513
16529
16538
16550
16553
16564
16566
16605
16613
16620
16626
16632
16633
16651
16657
16661
16662
16668
16671
16689
16698
16723
16724
16726
16727
16744
16759
16762
16785
16797
16802
16808
16834
16842
16843
16847
16850
16865
16873
16884
16890
16911
16929
16952
16966
17005
17011
17025
17032
17037
17056
17064
17066
17067
17074
17086
17103
17110
17113
17115
17141
17146
17152
17157
17178
17192
17195
17196
17213
17214
17220
17232
17234
17241
17248
17256
17279
17281
17288
17300
17325
17332
17344
17356
17357
17359
17387
17398
17404
17405
17412
17416
17418
17419
17420
17430
17440
17461
17464
17471
17477
17492
17500
17568
17582
17597
17620
17662
17663
17667
17711
17716
17719
17720
17722
17724
17740
17742
17752
17783
17802
17803
17811
17825
17829
17837
17840
17842
17853
17864
17866
17870
17874
17875
17881
17885
17891
17896
17905
17928
17935
17949
17950
17955
17962
17966
17984
17987
18006
18011
18015
18018
18032
18063
18065
18067
18087
18091
18098
18101
18104
18107
18120
18146
18154
18158
18172
18176
18184
18190
18191
18215
18229
18271
18291
18312
18313
18315
18321
18327
18336
18350
18372
18388
18391
18399
18401
18405
18417
18423
18442
18444
18453
18483
18497
18511
18523
18531
18550
18557
18558
18569
18570
18574
18588
18598
18620
18633
18640
18665
18670
18673
18680
18687
18695
18713
18724
18726
18728
18732
18736
18742
18743
18755
18757
18763
18772
18781
18787
18796
18804
18806
18822
18848
18850
18851
18863
18877
18882
18894
18929
18939
18974
18980
18998
19010
19017
19029
19039
19043
19062
19078
19083
19107
19108
19128
19132
19133
19135
19136
19140
19148
19170
19194
19199
19202
19221
19227
19228
19229
19238
19239
19249
19282
19287
19315
19318
19329
19331
19334
19340
19341
19354
19364
19365
19378
19383
19390
19408
19413
19414
19428
19442
19443
19463
19464
19483
19490
19518
19542
19557
19634
19646
19652
19666
19669
19687
19690
19710
19734
19742
19767
19800
19805
19819
19824
19830
19850
19851
19856
19865
19867
19869
19873
19887
19912
19928
19949
19950
19954
19957
19969
19970
19980
20033
20056
20062
20064
20067
20081
20098
20119
20154
20159
20181
20182
20185
20187
20188
20198
20205
20213
20221
20224
20227
20234
20253
20263
20264
20265
20266
20267
20298
20299
20307
20308
20314
20317
20327
20341
20342
20352
20373
20395
20401
20407
20413
20430
20439
20447
20455
20456
20479
20484
20500
20509
20513
20519
20526
20527
20530
20531
20540
20542
20549
20562
20565
20571
20577
20599
20618
20647
20656
20677
20688
20690
20696
20737
20741
20752
20772
20775
20783
20785
20799
20823
20832
20835
20856
20871
20874
20922
20929
20945
20947
20953
20956
20970
20984
20993
21003
21009
21011
21013
21035
21036
21087
21096
21108
21113
21114
21123
21127
21129
21134
21147
21156
21164
21189
21223
21226
21237
21255
21256
21257
21273
21288
21289
21292
21293
21310
21313
21319
21321
21332
21335
21336
21342
21345
21366
21369
21379
21384
21422
21423
21426
21433
21447
21467
21475
21501
21523
21529
21545
21556
21560
21568
21573
21579
21581
21587
21590
21592
21609
21610
21641
21666
21669
21687
21693
21701
21711
21714
21722
21726
21752
21753
21765
21786
21796
21817
21819
21823
21847
21851
21857
21861
21867
21878
21879
21885
21892
21894
21896
21905
21909
21912
21936
21945
21946
21974
21977
21981
21986
21997
21999
22003
22011
22015
22026
22027
22030
22031
22040
22052
22054
22071
22072
22074
22159
22165
22168
22177
22178
22191
22192
22196
22219
22221
22229
22232
22240
22248
22250
22254
22256
22262
22264
22267
22270
22273
22275
22278
22282
22287
22294
22307
22332
22343
22346
22348
22353
22380
22387
22397
22400
22402
22404
22412
22424
22449
22455
22463
22464
22475
22477
22484
22500
22502
22510
22520
22528
22529
22530
22544
22561
22562
22566
22567
22571
22577
22582
22584
22590
22595
22603
22608
22615
22630
22661
22662
22668
22670
22679
22684
22686
22708
22720
22729
22738
22767
22772
22782
22787
22790
22799
22834
22835
22840
22850
22858
22860
22871
22877
22878
22947
22959
22962
22976
22986
22991
22993
22996
23005
23006
23008
23021
23034
23038
23043
23049
23052
23053
23066
23067
23074
23080
23085
23093
23095
23100
23102
23103
23104
23107
23112
23122
23139
23159
23164
23178
23185
23187
23195
23197
23246
23262
23286
23287
23295
23317
23325
23333
23339
23362
23398
23448
23449
23455
23458
23473
23525
23538
23539
23550
23561
23563
23566
23568
23571
23590
23594
23595
23597
23611
23617
23629
23639
23641
23648
23654
23662
23664
23672
23680
23685
23688
23691
23692
23693
23700
23706
23717
23720
23721
23745
23754
23758
23760
23762
23775
23823
23827
23837
23844
23852
23854
23861
23869
23870
23879
23885
23891
23894
23898
23900
23902
23927
23941
23942
23951
23952
23956
23977
23978
23982
23983
23994
23995
23998
24013
24015
24016
24020
24036
24042
24043
24048
24050
24053
24054
24072
24089
24090
24100
24107
24117
24120
24128
24144
24157
24168
24188
24191
24194
24198
24200
24207
24218
24225
24229
24234
24264
24288
24300
24302
24313
24320
24328
24343
24344
24349
24360
24361
24363
24378
24381
24388
24399
24408
24410
24417
24422
24424
24434
24440
24447
24455
24470
24474
24476
24495
24510
24534
24545
24546
24549
24558
24570
24576
24602
24611
24644
24672
24685
24695
24697
24703
24710
24719
24721
24729
24759
24761
24764
24770
24771
24776
24780
24807
24809
24814
24826
24827
24830
24842
24846
24850
24852
24853
24861
24867
24874
24885
24889
24892
24899
24901
24911
24912
24917
24919
24929
24938
24942
24947
24958
24963
24986
24994
24995
25001
25009
25011
25019
25054
25066
25070
25074
25075
25076
25087
25093
25100
25113
25128
25131
25135
25138
25157
25163
25166
25176
25194
25198
25199
25222
25231
25236
25237
25243
25245
25246
25258
25276
25294
25296
25301
25312
25327
25329
25332
25337
25341
25344
25351
25371
25388
25405
25411
25425
25427
25449
25454
25470
25476
25483
25513
25518
25520
25521
25523
25541
25542
25553
25560
25570
25578
25592
25596
25617
25627
25633
25644
25656
25658
25669
25675
25677
25686
25696
25697
25710
25715
25719
25727
25734
25737
25738
25742
25764
25787
25793
25816
25817
25818
25843
25887
25890
25894
25908
25923
25932
25941
25945
25948
25968
25972
25976
25980
25990
25992
26013
26018
26021
26024
26032
26039
26059
26066
26071
26072
26107
26108
26113
26115
26120
26122
26151
26153
26157
26179
26181
26183
26187
26190
26215
26219
26221
26253
26259
26272
26275
26297
26332
26335
26359
26374
26413
26416
26424
26429
26438
26439
26449
26464
26475
26479
26486
26498
26503
26508
26514
26518
26520
26522
26532
26555
26556
26574
26576
26577
26580
26588
26596
26622
26630
26638
26639
26643
26649
26660
26661
26663
26667
26685
26687
26695
26696
26699
26709
26711
26725
26737
26750
26772
26783
26799
26807
26821
26828
26840
26841
26844
26846
26890
26892
26902
26911
26926
26939
26941
26945
26947
26950
27004
27006
27014
27025
27050
27051
27063
27071
27075
27087
27097
27119
27129
27136
27141
27149
27154
27158
27165
27170
27174
27210
27240
27254
27259
27263
27267
27274
27285
27290
27291
27313
27329
27346
27363
27365
27377
27382
27390
27392
27403
27408
27420
27438
27439
27445
27456
27470
27479
27481
27487
27493
27498
27513
27537
27547
27560
27568
27583
27607
27610
27613
27624
27635
27655
27670
27676
27680
27695
27696
27699
27711
27724
27736
27753
27775
27780
27805
27809
27812
27818
27846
27854
27858
27870
27874
27883
27884
27888
27892
27911
27922
27927
27949
27956
27962
27969
27980
27993
28009
28013
28017
28023
28027
28035
28037
28045
28047
28048
28051
28063
28067
28074
28078
28082
28088
28096
28097
28102
28114
28132
28163
28166
28170
28207
28215
28221
28222
28226
28242
28245
28275
28296
28315
28318
28336
28340
28342
28343
28344
28345
28349
28377
28380
28385
28396
28401
28403
28427
28429
28434
28443
28450
28452
28455
28473
28482
28492
28506
28509
28514
28532
28548
28563
28585
28589
28595
28599
28602
28608
28624
28633
28650
28658
28660
28668
28673
28675
28676
28705
28716
28729
28735
28749
28756
28761
28767
28771
28779
28780
28818
28835
28836
28876
28886
28888
28893
28897
28909
28932
28933
28942
28950
28972
28981
29001
29007
29038
29055
29065
29080
29089
29125
29141
29155
29159
29160
29170
29179
29193
29199
29203
29212
29249
29257
29271
29301
29309
29310
29312
29313
29323
29324
29342
29350
29371
29374
29376
29383
29393
29405
29433
29448
29481
29484
29486
29488
29536
29542
29600
29609
29654
29667
29674
29679
29708
29709
29731
29740
29748
29766
29769
29773
29790
29807
29808
29821
29827
29830
29852
29880
29888
29898
29901
29906
29911
29913
29919
29922
29929
29932
29945
29951
29962
29985
29990
29991
29993
29995
30009
30010
30032
30053
30069
30073
30074
30076
30080
30101
30102
30112
30145
30147
30148
30153
30155
30168
30173
30198
30222
30230
30245
30247
30253
30277
30278
30288
30289
30295
30309
30314
30321
30361
30362
30377
30384
30388
30396
30400
30411
30420
30425
30442
30456
30481
30501
30508
30509
30514
30519
30557
30560
30563
30564
30565
30589
30590
30595
30596
30616
30638
30655
30656
30659
30665
30671
30673
30675
30685
30687
30703
30707
30711
30741
30748
30759
30765
30766
30772
30789
30800
30803
30808
30810
30820
30833
30837
30842
30849
30858
30880
30889
30891
30898
30905
30906
30922
30926
30943
30945
30952
30956
30969
30978
30979
30988
31002
31006
31007
31017
31019
31021
31022
31048
31050
31056
31058
31061
31064
31066
31075
31082
31088
31092
31101
31128
31133
31139
31141
31156
31187
31207
31216
31220
31224
31248
31250
31259
31267
31275
31280
31307
31310
31312
31320
31333
31352
31361
31374
31378
31390
31400
31406
31409
31410
31415
31424
31443
31470
31485
31489
31519
31526
31555
31563
31565
31572
31588
31596
31602
31620
31626
31627
31629
31630
31637
31658
31660
31663
31665
31695
31712
31721
31722
31725
31727
31729
31734
31737
31774
31784
31787
31789
31790
31791
31794
31796
31808
31811
31819
31820
31830
31878
31881
31884
31893
31899
31909
31915
31931
31941
31966
32015
32026
32052
32059
32074
32075
32080
32081
32085
32086
32100
32108
32120
32123
32129
32131
32137
32150
32152
32168
32173
32176
32188
32207
32212
32214
32225
32235
32247
32248
32274
32287
32291
32293
32299
32300
32304
32319
32324
32329
32338
32339
32355
32388
32391
32392
32396
32411
32415
32425
32427
32433
32442
32447
32456
32462
32509
32514
32524
32529
32541
32542
32547
32552
32553
32567
32569
32572
32574
32579
32605
32614
32617
32669
32706
32710
32729
32745
32755
32757
32758
32759
32760
32764
32770
32772
32794
32795
32805
32808
32813
32831
32878
32892
32893
32896
32898
32901
32904
32950
33001
33008
33017
33019
33027
33041
33044
33049
33056
33057
33072
33073
33098
33111
33121
33142
33152
33162
33164
33170
33174
33175
33176
33186
33198
33203
33221
33229
33238
33243
33248
33260
33268
33276
33297
33303
33306
33307
33309
33312
33317
33320
33323
33335
33336
33337
33373
33383
33385
33387
33410
33413
33418
33449
33465
33508
33510
33515
33516
33533
33538
33546
33550
33551
33564
33566
33574
33582
33597
33598
33603
33605
33609
33611
33617
33624
33654
33664
33666
33682
33684
33703
33707
33737
33745
33754
33755
33766
33767
33771
33779
33782
33783
33786
33812
33813
33822
33830
33831
33844
33847
33853
33874
33896
33907
33909
33918
33943
33958
33961
33975
33981
33988
33997
34003
34013
34017
34020
34038
34058
34067
34099
34102
34117
34134
34136
34140
34149
34160
34164
34178
34188
34192
34198
34206
34212
34218
34233
34236
34260
34268
34282
34296
34317
34321
34331
34348
34354
34362
34373
34401
34406
34422
34436
34445
34463
34487
34508
34518
34523
34551
34568
34584
34605
34614
34619
34643
34656
34659
34673
34679
34697
34707
34720
34729
34737
34739
34744
34759
34776
34794
34796
34800
34803
34808
34815
34821
34823
34838
34845
34855
34858
34872
34875
34884
34909
34910
34930
34931
34935
34938
34941
34951
34961
34979
35003
35010
35029
35045
35053
35060
35073
35086
35092
35094
35119
35147
35149
35155
35162
35173
35177
35192
35195
35241
35245
35282
35286
35289
35290
35293
35297
35319
35337
35340
35351
35363
35368
35384
35389
35397
35416
35433
35449
35452
35475
35497
35514
35515
35516
35559
35563
35604
35610
35612
35616
35623
35626
35642
35655
35667
35671
35677
35681
35694
35699
35713
35714
35715
35716
35719
35724
35725
35732
35742
35743
35749
35753
35757
35765
35766
35783
35786
35795
35799
35801
35810
35816
35832
35833
35836
35850
35854
35864
35870
35877
35878
35911
35926
35933
35949
35951
35957
35962
35969
35974
35978
35986
35988
36000
36003
36010
36013
36015
36028
36036
36040
36050
36056
36075
36086
36099
36113
36167
36188
36200
36201
36233
36240
36250
36251
36252
36259
36260
36264
36269
36286
36294
36298
36304
36306
36311
36329
36339
36341
36346
36348
36371
36375
36395
36410
36417
36421
36425
36438
36456
36462
36501
36511
36513
36534
36540
36554
36568
36579
36581
36602
36603
36614
36623
36627
36658
36667
36672
36677
36681
36684
36685
36700
36702
36726
36750
36761
36762
36763
36768
36774
36778
36804
36810
36824
36828
36830
36845
36850
36863
36875
36895
36896
36899
36904
36907
36914
36915
36937
36938
36939
36952
36953
36954
36959
36960
36962
36979
36983
37001
37092
37116
37120
37124
37128
37153
37155
37159
37161
37172
37203
37213
37214
37215
37229
37240
37249
37300
37302
37327
37346
37348
37366
37369
37387
37395
37420
37421
37431
37434
37440
37448
37470
37474
37492
37498
37504
37517
37524
37532
37541
37565
37578
37589
37594
37608
37626
37641
37664
37685
37706
37709
37710
37745
37746
37749
37759
37771
37778
37784
37834
37851
37852
37853
37854
37855
37871
37872
37875
37911
37924
37935
37942
37947
37950
37974
37978
37984
37985
37996
38006
38008
38022
38028
38029
38041
38054
38066
38069
38075
38082
38083
38113
38117
38123
38146
38154
38160
38167
38174
38183
38200
38201
38207
38230
38248
38263
38283
38295
38299
38303
38305
38310
38319
38324
38335
38337
38343
38352
38353
38356
38365
38368
38376
38380
38407
38409
38415
38423
38427
38451
38457
38486
38495
38509
38510
38514
38524
38531
38537
38539
38555
38562
38563
38590
38622
38636
38644
38653
38654
38655
38659
38667
38674
38682
38684
38686
38697
38708
38709
38716
38722
38729
38734
38744
38754
38756
38758
38766
38780
38786
38792
38799
38809
38810
38819
38838
38858
38869
38881
38893
38898
38902
38906
38910
38929
38932
38943
38946
38952
38954
38963
38983
39001
39005
39007
39038
39042
39080
39082
39100
39110
39116
39133
39151
39154
39166
39172
39175
39178
39196
39200
39205
39208
39222
39224
39228
39238
39239
39242
39244
39249
39250
39257
39269
39283
39294
39296
39297
39317
39321
39335
39338
39343
39344
39348
39363
39375
39382
39420
39423
39436
39437
39438
39448
39460
39463
39483
39484
39485
39486
39491
39493
39504
39519
39520
39523
39542
39556
39578
39579
39585
39596
39627
39633
39673
39676
39682
39687
39694
39717
39743
39767
39779
39781
39782
39789
39796
39799
39837
39848
39878
39884
39903
39913
39959
39971
39983
39993
40003
40010
40014
40033
40046
40060
40070
40071
40097
40110
40140
40163
40177
40195
40200
40225
40238
40240
40250
40251
40252
40257
40263
40267
40268
40271
40274
40280
40287
40289
40291
40315
40318
40332
40342
40363
40364
40394
40401
40418
40424
40425
40426
40437
40440
40459
40460
40463
40468
40480
40481
40487
40488
40491
40500
40509
40522
40534
40539
40541
40550
40568
40598
40604
40617
40624
40627
40630
40653
40654
40680
40690
40692
40700
40705
40713
40723
40735
40738
40740
40741
40763
40775
40806
40812
40831
40833
40834
40844
40868
40878
40884
40887
40896
40909
40916
40917
40929
40941
40949
40961
40985
41001
41011
41033
41038
41043
41046
41050
41066
41070
41077
41080
41102
41132
41141
41144
41146
41147
41157
41162
41166
41172
41188
41193
41196
41197
41198
41221
41231
41247
41256
41268
41278
41279
41295
41304
41305
41324
41327
41329
41333
41336
41340
41343
41345
41356
41361
41366
41367
41370
41383
41393
41403
41409
41421
41429
41431
41439
41445
41461
41466
41469
41476
41484
41493
41500
41504
41523
41531
41536
41546
41552
41558
41559
41587
41600
41608
41614
41627
41629
41649
41654
41692
41700
41714
41717
41726
41734
41744
41746
41750
41758
41782
41807
41808
41811
41824
41827
41836
41851
41853
41867
41868
41871
41874
41876
41877
41892
41931
41958
41960
41974
41981
41984
42013
42014
42015
42023
42034
42036
42039
42073
42085
42090
42093
42100
42103
42104
42107
42109
42111
42160
42168
42200
42204
42209
42213
42232
42236
42237
42271
42310
42320
42329
42337
42354
42371
42388
42418
42437
42447
42448
42453
42455
42461
42468
42471
42476
42480
42481
42482
42499
42527
42531
42539
42541
42574
42578
42581
42589
42593
42626
42632
42658
42665
42673
42680
42685
42686
42716
42719
42721
42725
42735
42736
42743
42752
42767
42774
42779
42807
42842
42844
42896
42897
42901
42915
42928
42935
42945
42961
42976
42997
43007
43016
43021
43031
43037
43038
43043
43088
43098
43101
43117
43121
43144
43145
43148
43162
43173
43182
43183
43184
43195
43200
43204
43205
43232
43242
43257
43259
43272
43280
43286
43290
43309
43315
43321
43328
43356
43362
43381
43391
43395
43397
43416
43421
43429
43445
43447
43451
43470
43471
43489
43503
43510
43521
43524
43531
43538
43560
43577
43602
43607
43608
43612
43626
43639
43646
43647
43653
43668
43675
43692
43695
43699
43708
43732
43739
43751
43759
43780
43791
43794
43813
43847
43853
43859
43865
43878
43881
43882
43900
43905
43908
43969
43978
44000
44023
44051
44074
44079
44080
44106
44109
44113
44118
44119
44121
44137
44142
44147
44171
44172
44175
44180
44206
44215
44217
44220
44247
44258
44270
44277
44285
44294
44304
44307
44315
44316
44325
44340
44350
44351
44370
44378
44393
44405
44406
44419
44424
44428
44434
44455
44471
44489
44490
44491
44496
44500
44505
44516
44517
44518
44521
44531
44533
44536
44538
44541
44542
44545
44552
44554
44562
44577
44582
44587
44590
44608
44620
44622
44636
44678
44679
44709
44713
44727
44736
44739
44748
44763
44773
44777
44780
44793
44802
44806
44825
44829
44836
44846
44852
44859
44862
44931
44954
44958
44959
44966
44975
44980
44994
45000
45005
45012
45038
45039
45048
45072
45074
45081
45098
45099
45106
45108
45125
45147
45148
45149
45151
45164
45205
45214
45248
45249
45250
45256
45264
45283
45302
45304
45318
45328
45342
45353
45370
45379
45380
45381
45394
45395
45398
45408
45411
45413
45424
45434
45438
45441
45445
45475
45480
45491
45517
45531
45550
45554
45555
45559
45561
45563
45571
45576
45577
45578
45588
45603
45612
45620
45632
45634
45648
45655
45672
45673
45724
45727
45739
45741
45780
45783
45792
45808
45822
45856
45865
45877
45888
45891
45896
45933
45935
45936
45938
45945
45948
45957
45968
45972
45981
45998
46010
46022
46036
46040
46049
46050
46060
46085
46088
46106
46122
46130
46140
46149
46150
46156
46170
46172
46175
46204
46209
46254
46260
46263
46279
46289
46298
46300
46303
46306
46311
46322
46326
46328
46360
46415
46416
46423
46428
46431
46448
46457
46463
46490
46522
46527
46540
46552
46556
46589
46610
46624
46640
46641
46650
46665
46670
46671
46675
46677
46681
46685
46713
46720
46723
46734
46751
46761
46773
46786
46790
46791
46792
46799
46800
46876
46878
46879
46903
46922
46925
46932
46935
46958
46966
46969
46978
46979
47004
47005
47006
47008
47009
47034
47039
47044
47045
47066
47079
47089
47106
47115
47127
47131
47134
47138
47155
47162
47201
47204
47234
47238
47241
47247
47255
47267
47273
47286
47295
47296
47300
47322
47325
47326
47339
47346
47350
47353
47356
47366
47368
47370
47376
47381
47383
47397
47400
47403
47432
47452
47454
47458
47481
47482
47486
47492
47500
47556
47559
47561
47562
47582
47588
47596
47603
47610
47615
47617
47620
47622
47628
47645
47647
47648
47660
47667
47670
47673
47692
47693
47695
47697
47706
47712
47727
47747
47748
47752
47755
47760
47788
47825
47829
47852
47887
47894
47895
47909
47912
47923
47928
47958
47968
47987
47999
48013
48018
48034
48038
48041
48042
48064
48074
48076
48079
48085
48096
48102
48115
48116
48123
48146
48168
48175
48183
48192
48195
48201
48209
48232
48238
48241
48245
48246
48251
48288
48289
48307
48315
48319
48333
48349
48373
48375
48376
48381
48383
48394
48406
48419
48427
48469
48480
48525
48557
48574
48583
48594
48606
48608
48613
48627
48629
48649
48657
48658
48660
48662
48664
48670
48687
48698
48727
48731
48742
48746
48749
48754
48783
48789
48790
48798
48806
48812
48813
48819
48820
48831
48832
48845
48853
48854
48877
48879
48884
48888
48897
48907
48912
48917
48934
48935
48950
48956
48959
48964
48966
48971
49015
49023
49041
49044
49069
49113
49121
49127
49128
49148
49153
49164
49175
49195
49203
49242
49252
49258
49274
49275
49307
49319
49320
49334
49353
49381
49387
49429
49434
49440
49446
49466
49491
49499
49508
49514
49524
49526
49535
49536
49544
49564
49578
49579
49584
49586
49619
49639
49641
49643
49660
49663
49669
49677
49679
49695
49709
49762
49768
49779
49789
49811
49814
49822
49826
49830
49832
49837
49847
49852
49866
49879
49884
49893
49904
49909
49913
49922
49924
49926
49943
49946
49949
49952
49993
50004
50018
50030
50035
50042
50049
50050
50093
50095
50100
50103
50109
50112
50120
50121
50135
50139
50175
50181
50186
50188
50203
50214
50234
50235
50236
50237
50241
50245
50263
50289
50290
50291
50293
50311
50320
50340
50350
50363
50366
50389
50393
50398
50416
50420
50421
50422
50427
50434
50436
50456
50462
50465
50469
50475
50477
50483
50511
50520
50529
50532
50534
50542
50558
50574
50592
50610
50613
50636
50667
50680
50694
50701
50708
50709
50710
50725
50731
50738
50750
50776
50823
50829
50847
50869
50873
50882
50885
50924
50927
50930
50932
50941
50943
50952
50957
50970
50972
50977
50988
51002
51036
51041
51054
51057
51065
51107
51111
51137
51146
51147
51156
51168
51170
51173
51176
51182
51186
51187
51198
51211
51224
51230
51238
51241
51251
51291
51295
51298
51307
51325
51344
51349
51355
51386
51428
51434
51445
51475
51484
51490
51504
51512
51518
51543
51547
51575
51577
51581
51588
51594
51600
51608
51619
51624
51648
51653
51668
51676
51690
51691
51698
51699
51707
51725
51726
51740
51761
51763
51767
51780
51783
51786
51787
51791
51795
51797
51806
51813
51816
51818
51824
51851
51858
51862
51865
51866
51892
51902
51909
51910
51962
51970
51977
51988
51995
52008
52023
52036
52060
52082
52083
52092
52100
52104
52114
52140
52159
52162
52183
52184
52187
52191
52199
52208
52211
52216
52224
52227
52228
52246
52265
52267
52281
52288
52295
52339
52349
52369
52373
52377
52386
52390
52400
52402
52413
52416
52437
52438
52442
52447
52460
52464
52467
52469
52475
52479
52487
52498
52501
52503
52515
52567
52591
52602
52608
52610
52632
52638
52639
52642
52672
52676
52677
52687
52694
52699
52710
52745
52752
52753
52758
52759
52770
52783
52827
52829
52843
52859
52860
52875
52887
52916
52919
52940
52945
52946
52949
52953
52955
52959
52960
52964
52966
52984
52986
52988
53020
53022
53026
53041
53050
53058
53070
53071
53076
53086
53088
53090
53097
53100
53106
53122
53152
53155
53172
53214
53230
53247
53254
53261
53265
53268
53280
53282
53303
53308
53312
53344
53352
53385
53386
53426
53427
53438
53460
53484
53489
53491
53494
53504
53517
53521
53522
53525
53526
53540
53548
53553
53568
53575
53581
53587
53593
53603
53611
53621
53650
53651
53667
53688
53695
53711
53716
53717
53721
53734
53741
53759
53764
53783
53789
53799
53820
53844
53845
53848
53853
53864
53867
53872
53874
53875
53879
53892
53898
53950
53971
53976
53979
53985
54003
54008
54013
54039
54042
54044
54054
54056
54071
54105
54112
54113
54120
54126
54129
54141
54142
54144
54161
54165
54166
54172
54189
54191
54253
54264
54276
54277
54281
54294
54303
54304
54311
54326
54339
54350
54352
54355
54376
54380
54383
54385
54391
54396
54414
54428
54429
54438
54448
54453
54480
54498
54512
54515
54519
54549
54553
54559
54575
54578
54589
54603
54608
54618
54620
54632
54638
54643
54650
54652
54656
54665
54668
54674
54681
54717
54738
54758
54760
54765
54777
54795
54799
54803
54807
54810
54811
54812
54819
54820
54830
54839
54846
54847
54873
54933
54956
54965
54967
54992
54995
55026
55030
55057
55064
55069
55070
55085
55105
55110
55121
55162
55164
55171
55178
55237
55238
55266
55275
55281
55282
55285
55288
55319
55330
55337
55339
55352
55356
55370
55392
55448
55458
55478
55479
55505
55507
55523
55529
55533
55553
55554
55580
55601
55606
55610
55634
55640
55648
55650
55652
55658
55660
55670
55675
55716
55717
55726
55746
55748
55762
55818
55819
55822
55824
55826
55834
55858
55865
55890
55893
55902
55912
55918
55919
55926
55944
55948
55952
55970
55981
55992
55995
56002
56011
56037
56039
56041
56048
56050
56054
56089
56107
56115
56120
56122
56138
56171
56175
56178
56183
56185
56201
56204
56208
56215
56237
56241
56245
56257
56270
56276
56278
56293
56298
56303
56306
56307
56309
56319
56321
56331
56341
56345
56350
56376
56389
56392
56401
56427
56441
56442
56461
56502
56514
56526
56547
56552
56570
56575
56576
56592
56609
56626
56627
56630
56634
56675
56680
56721
56723
56762
56771
56773
56775
56793
56804
56805
56833
56862
56869
56871
56876
56892
56896
56898
56902
56912
56917
56954
56960
56962
56967
56979
56986
56993
56997
57015
57024
57036
57068
57076
57080
57081
57092
57097
57098
57108
57123
57126
57131
57132
57139
57147
57148
57154
57161
57171
57203
57209
57219
57225
57229
57236
57243
57246
57257
57264
57265
57268
57275
57276
57281
57293
57324
57329
57340
57356
57375
57379
57400
57447
57470
57473
57482
57490
57492
57517
57521
57524
57533
57535
57574
57579
57587
57629
57631
57645
57659
57669
57672
57698
57704
57737
57756
57762
57778
57782
57789
57801
57802
57819
57821
57825
57826
57873
57890
57903
57929
57931
57951
57970
58034
58044
58064
58072
58085
58087
58089
58092
58102
58106
58131
58137
58155
58161
58183
58189
58192
58196
58204
58221
58231
58241
58255
58257
58298
58301
58316
58321
58323
58338
58342
58348
58349
58352
58358
58360
58362
58374
58383
58394
58400
58417
58437
58440
58473
58484
58485
58490
58499
58502
58506
58513
58520
58527
58544
58548
58553
58563
58568
58583
58589
58614
58637
58655
58665
58667
58672
58677
58687
58713
58729
58735
58736
58739
58747
58763
58771
58780
58801
58810
58819
58830
58837
58844
58852
58854
58874
58878
58880
58890
58895
58911
58913
58918
58921
58934
58935
58943
58948
58970
58982
58986
59015
59047
59056
59064
59082
59085
59086
59093
59099
59100
59107
59120
59122
59123
59127
59156
59168
59171
59184
59186
59196
59209
59215
59219
59224
59235
59241
59245
59274
59280
59307
59309
59325
59330
59334
59335
59336
59345
59369
59383
59403
59410
59427
59435
59509
59515
59517
59535
59547
59549
59550
59560
59563
59587
59588
59608
59610
59643
59660
59661
59666
59667
59670
59712
59721
59736
59738
59743
59750
59784
59797
59799
59803
59836
59853
59865
59875
59881
59887
59905
59907
59919
59923
59926
59933
59983
