0.0000129035080816383953736768697151404694523080252110958099365234375000000000000000000000000000000000
0.0000128955253379523923428851342465328855269035557284951210021972656250000000000000000000000000000000
0.0000129035080816383953736768697151404694523080252110958099365234375000000000000000000000000000000000
0.0000130298249985031879731936510502521286980481818318367004394531250000000000000000000000000000000000
0.0000128955253379523923428851342465328855269035557284951210021972656250000000000000000000000000000000
0.0000131411451816795192115011614575337262067478150129318237304687500000000000000000000000000000000000
0.0000129035080816383953736768697151404694523080252110958099365234375000000000000000000000000000000000
0.0000131070498689111110830187931219903418877947842702269554138183593750000000000000000000000000000000
0.0000126670989420133068854151803250829289027024060487747192382812500000000000000000000000000000000000
0.0000128955253379523923428851342465328855269035557284951210021972656250000000000000000000000000000000
0.0000130450017344149472300549041925421533960616216063499450683593750000000000000000000000000000000000
0.0000128955253379523923428851342465328855269035557284951210021972656250000000000000000000000000000000
0.0000140126313965296482838118058422693934517155867069959640502929687500000000000000000000000000000000
0.0000138218578982238014780199383824133008147327927872538566589355468750000000000000000000000000000000
0.0000129035080816383953736768697151404694523080252110958099365234375000000000000000000000000000000000
0.0000128955253379523923428851342465328855269035557284951210021972656250000000000000000000000000000000
0.0000131070498689111110830187931219903418877947842702269554138183593750000000000000000000000000000000
0.0000128955253379523923428851342465328855269035557284951210021972656250000000000000000000000000000000
0.0000130450017344149472300549041925421533960616216063499450683593750000000000000000000000000000000000
0.0000128955253379523923428851342465328855269035557284951210021972656250000000000000000000000000000000
0.0000128955253379523923428851342465328855269035557284951210021972656250000000000000000000000000000000
0.0008736422637157351166539709375058464502217248082160949707031250000000000000000000000000000000000000
0.0000128955253379523923428851342465328855269035557284951210021972656250000000000000000000000000000000
0.0000136219550133774670522138552919422238574043149128556251525878906250000000000000000000000000000000
0.0000128955253379523923428851342465328855269035557284951210021972656250000000000000000000000000000000
0.0000126682526106796644740437943199573567198967793956398963928222656250000000000000000000000000000000
0.0000128955253379523923428851342465328855269035557284951210021972656250000000000000000000000000000000
0.0000129541174103874070729948420055421820507035590708255767822265625000000000000000000000000000000000
0.0000130450017344149472300549041925421533960616216063499450683593750000000000000000000000000000000000
0.0000128955253379523923428851342465328855269035557284951210021972656250000000000000000000000000000000
0.0000128955253379523923428851342465328855269035557284951210021972656250000000000000000000000000000000
0.0000130161655448833625558537063771069597351015545427799224853515625000000000000000000000000000000000
0.0000129035080816383953736768697151404694523080252110958099365234375000000000000000000000000000000000
0.0000128955253379523923428851342465328855269035557284951210021972656250000000000000000000000000000000
0.0000859422860433381430832200376102036898373626172542572021484375000000000000000000000000000000000000
0.0000128955253379523923428851342465328855269035557284951210021972656250000000000000000000000000000000
0.0000128955253379523923428851342465328855269035557284951210021972656250000000000000000000000000000000
0.0000134812464897475313131648341768986654187756357714533805847167968750000000000000000000000000000000
0.0000129035080816383953736768697151404694523080252110958099365234375000000000000000000000000000000000
0.0000128955253379523923428851342465328855269035557284951210021972656250000000000000000000000000000000
0.0000126682526106796644740437943199573567198967793956398963928222656250000000000000000000000000000000
0.0000126773774283720649610519848327072622851119376718997955322265625000000000000000000000000000000000
0.0000128955253379523923428851342465328855269035557284951210021972656250000000000000000000000000000000
0.0000128955253379523923428851342465328855269035557284951210021972656250000000000000000000000000000000
0.0000129035080816383953736768697151404694523080252110958099365234375000000000000000000000000000000000
0.0000128955253379523923428851342465328855269035557284951210021972656250000000000000000000000000000000
0.0000126659335012176980705738901789025874222716083750128746032714843750000000000000000000000000000000
0.0000128955253379523923428851342465328855269035557284951210021972656250000000000000000000000000000000
0.0000128955253379523923428851342465328855269035557284951210021972656250000000000000000000000000000000
0.0000131797815336055796763426589679468747817736584693193435668945312500000000000000000000000000000000
0.0000128955253379523923428851342465328855269035557284951210021972656250000000000000000000000000000000
0.0000128955253379523923428851342465328855269035557284951210021972656250000000000000000000000000000000
0.0000130161655448833625558537063771069597351015545427799224853515625000000000000000000000000000000000
0.0000128955253379523923428851342465328855269035557284951210021972656250000000000000000000000000000000
0.0000129035080816383953736768697151404694523080252110958099365234375000000000000000000000000000000000
0.0000128955253379523923428851342465328855269035557284951210021972656250000000000000000000000000000000
0.0000765372211798460066935895218520613525470253080129623413085937500000000000000000000000000000000000
0.0000128955253379523923428851342465328855269035557284951210021972656250000000000000000000000000000000
0.0000130450017344149472300549041925421533960616216063499450683593750000000000000000000000000000000000
0.0000129762397463328622729348410524963242096418980509042739868164062500000000000000000000000000000000
0.0000128955253379523923428851342465328855269035557284951210021972656250000000000000000000000000000000
0.0000128955253379523923428851342465328855269035557284951210021972656250000000000000000000000000000000
0.0000128955253379523923428851342465328855269035557284951210021972656250000000000000000000000000000000
0.0000129762397463328622729348410524963242096418980509042739868164062500000000000000000000000000000000
0.0000128955253379523923428851342465328855269035557284951210021972656250000000000000000000000000000000
0.0000128955253379523923428851342465328855269035557284951210021972656250000000000000000000000000000000
0.0000129035080816383953736768697151404694523080252110958099365234375000000000000000000000000000000000
0.0000134812464897475313131648341768986654187756357714533805847167968750000000000000000000000000000000
0.0000128955253379523923428851342465328855269035557284951210021972656250000000000000000000000000000000
0.0000138159475963269170307014602205875064555584685876965522766113281250000000000000000000000000000000
0.0000139822079652285385177644741472313683061656774953007698059082031250000000000000000000000000000000
0.0000126670989420133068854151803250829289027024060487747192382812500000000000000000000000000000000000
0.0000127256124866814587071701600495821082859038142487406730651855468750000000000000000000000000000000
0.0000128110950656660290292859771810185520735103636980056762695312500000000000000000000000000000000000
0.0000129035080816383953736768697151404694523080252110958099365234375000000000000000000000000000000000
0.0000129035080816383953736768697151404694523080252110958099365234375000000000000000000000000000000000
0.0000128955253379523923428851342465328855269035557284951210021972656250000000000000000000000000000000
0.0000128955253379523923428851342465328855269035557284951210021972656250000000000000000000000000000000
0.0000127460843616179903128394004796497540610289433971047401428222656250000000000000000000000000000000
0.0000129035080816383953736768697151404694523080252110958099365234375000000000000000000000000000000000
0.0000128955253379523923428851342465328855269035557284951210021972656250000000000000000000000000000000
0.0000129035080816383953736768697151404694523080252110958099365234375000000000000000000000000000000000
0.0000131873998804850336503046923097848264205822488293051719665527343750000000000000000000000000000000
0.0000130450017344149472300549041925421533960616216063499450683593750000000000000000000000000000000000
0.0000128955253379523923428851342465328855269035557284951210021972656250000000000000000000000000000000
0.0000128955253379523923428851342465328855269035557284951210021972656250000000000000000000000000000000
0.0000128955253379523923428851342465328855269035557284951210021972656250000000000000000000000000000000
0.0000135018985920653403692360053356402715962758520618081092834472656250000000000000000000000000000000
0.0000133176547064979658067203002747014295437111286446452140808105468750000000000000000000000000000000
0.0000406895077174560050093689300698684974122443236410617828369140625000000000000000000000000000000000
0.0000128955253379523923428851342465328855269035557284951210021972656250000000000000000000000000000000
0.0000126670989420133068854151803250829289027024060487747192382812500000000000000000000000000000000000
0.0000129453226352335697715801796081613872502202866598963737487792968750000000000000000000000000000000
0.0008833014491320255890532964215822175901848822832107543945312500000000000000000000000000000000000000
0.0000128955253379523923428851342465328855269035557284951210021972656250000000000000000000000000000000
0.0000128955253379523923428851342465328855269035557284951210021972656250000000000000000000000000000000
0.0000129474131719114145841302565553831982470001094043254852294921875000000000000000000000000000000000
0.0000129474131719114145841302565553831982470001094043254852294921875000000000000000000000000000000000
0.0008913796321445463218327565080301155830966308712959289550781250000000000000000000000000000000000000
0.0000165922398541333467872002649379226113524055108428001403808593750000000000000000000000000000000000
0.0000140746795310256037666706702138341711361135821789503097534179687500000000000000000000000000000000
0.0000178831500449882627634592274779024023700912948697805404663085937500000000000000000000000000000000
0.0000130161655448833625558537063771069597351015545427799224853515625000000000000000000000000000000000
0.0000128955253379523923428851342465328855269035557284951210021972656250000000000000000000000000000000
0.0000128955253379523923428851342465328855269035557284951210021972656250000000000000000000000000000000
0.0000129980225006602179133432042879015000380604760721325874328613281250000000000000000000000000000000
0.0000128955253379523923428851342465328855269035557284951210021972656250000000000000000000000000000000
0.0000130161655448833625558537063771069597351015545427799224853515625000000000000000000000000000000000
0.0000127735423084028094009231835137541111180325970053672790527343750000000000000000000000000000000000
0.0000129541174103874070729948420055421820507035590708255767822265625000000000000000000000000000000000
0.0000129929801337416584296018118305227062592166475951671600341796875000000000000000000000000000000000
0.0000140622323204509952238473041719046818798233289271593093872070312500000000000000000000000000000000
0.0000128399216400874767180905616781316780361521523445844650268554687500000000000000000000000000000000
0.0000130600706351563817663070932173496885297936387360095977783203125000000000000000000000000000000000
0.0000128955253379523923428851342465328855269035557284951210021972656250000000000000000000000000000000
0.0000311016443530151304869280082243676588404923677444458007812500000000000000000000000000000000000000
0.0000128955253379523923428851342465328855269035557284951210021972656250000000000000000000000000000000
0.0000128955253379523923428851342465328855269035557284951210021972656250000000000000000000000000000000
0.0000129035080816383953736768697151404694523080252110958099365234375000000000000000000000000000000000
0.0000135124992065029009199192758239327361025061691179871559143066406250000000000000000000000000000000
0.0000128955253379523923428851342465328855269035557284951210021972656250000000000000000000000000000000
0.0000139174604751769867214128417742813326185569167137145996093750000000000000000000000000000000000000
0.0000128955253379523923428851342465328855269035557284951210021972656250000000000000000000000000000000
0.0000131070498689111110830187931219903418877947842702269554138183593750000000000000000000000000000000
0.0000126682526106796644740437943199573567198967793956398963928222656250000000000000000000000000000000
0.0000132271292021700492830141651645625699984520906582474708557128906250000000000000000000000000000000
0.0000130161655448833625558537063771069597351015545427799224853515625000000000000000000000000000000000
0.0000128955253379523923428851342465328855269035557284951210021972656250000000000000000000000000000000
0.0000150628840587911378822577601610532838094513863325119018554687500000000000000000000000000000000000
0.0000129035080816383953736768697151404694523080252110958099365234375000000000000000000000000000000000
0.0000127232933772194906096343613999266608516336418688297271728515625000000000000000000000000000000000
0.0000128955253379523923428851342465328855269035557284951210021972656250000000000000000000000000000000
0.0000126682526106796644740437943199573567198967793956398963928222656250000000000000000000000000000000
0.0000129541174103874070729948420055421820507035590708255767822265625000000000000000000000000000000000
0.0000127435736599749676440339329897000197888701222836971282958984375000000000000000000000000000000000
0.0000129541174103874070729948420055421820507035590708255767822265625000000000000000000000000000000000
0.0000140746795310256037666706702138341711361135821789503097534179687500000000000000000000000000000000
0.0000128955253379523923428851342465328855269035557284951210021972656250000000000000000000000000000000
0.0000129474131719114145841302565553831982470001094043254852294921875000000000000000000000000000000000
0.0000126998601618832113749552395476349886394018540158867835998535156250000000000000000000000000000000
0.0000129541174103874070729948420055421820507035590708255767822265625000000000000000000000000000000000
0.0009652191677609047934516262046145129716023802757263183593750000000000000000000000000000000000000000
0.0000128955253379523923428851342465328855269035557284951210021972656250000000000000000000000000000000
0.0000137538994618305702186209643622660792061651591211557388305664062500000000000000000000000000000000
0.0000129762397463328622729348410524963242096418980509042739868164062500000000000000000000000000000000
0.0000128955253379523923428851342465328855269035557284951210021972656250000000000000000000000000000000
0.0000129035080816383953736768697151404694523080252110958099365234375000000000000000000000000000000000
0.0000128955253379523923428851342465328855269035557284951210021972656250000000000000000000000000000000
0.0000137679318801774063451247298583979272734723053872585296630859375000000000000000000000000000000000
0.0000126985149010355891508860376459821850403386633843183517456054687500000000000000000000000000000000
0.0000128229006403465968511046213507142965681850910186767578125000000000000000000000000000000000000000
0.0000129035080816383953736768697151404694523080252110958099365234375000000000000000000000000000000000
0.0000129762397463328622729348410524963242096418980509042739868164062500000000000000000000000000000000
0.0000128955253379523923428851342465328855269035557284951210021972656250000000000000000000000000000000
0.0000575282039537465666729880442442635057886946015059947967529296875000000000000000000000000000000000
0.0000129035080816383953736768697151404694523080252110958099365234375000000000000000000000000000000000
0.0000128955253379523923428851342465328855269035557284951210021972656250000000000000000000000000000000
0.0000130889068246879664405082910327848821907537057995796203613281250000000000000000000000000000000000
0.0000129035080816383953736768697151404694523080252110958099365234375000000000000000000000000000000000
0.0000129035080816383953736768697151404694523080252110958099365234375000000000000000000000000000000000
0.0000128955253379523923428851342465328855269035557284951210021972656250000000000000000000000000000000
0.0000126670989420133068854151803250829289027024060487747192382812500000000000000000000000000000000000
0.0000128955253379523923428851342465328855269035557284951210021972656250000000000000000000000000000000
0.0000245362929089311731037110347886098793424025643616914749145507812500000000000000000000000000000000
0.0000129035080816383953736768697151404694523080252110958099365234375000000000000000000000000000000000
0.0000128955253379523923428851342465328855269035557284951210021972656250000000000000000000000000000000
0.0000127267545606878544693207205851237517890695016831159591674804687500000000000000000000000000000000
0.0000129541174103874070729948420055421820507035590708255767822265625000000000000000000000000000000000
0.0000128955253379523923428851342465328855269035557284951210021972656250000000000000000000000000000000
0.0000128955253379523923428851342465328855269035557284951210021972656250000000000000000000000000000000
0.0000129474131719114145841302565553831982470001094043254852294921875000000000000000000000000000000000
0.0000130600706351563817663070932173496885297936387360095977783203125000000000000000000000000000000000
0.0000129762397463328622729348410524963242096418980509042739868164062500000000000000000000000000000000
0.0000128955253379523923428851342465328855269035557284951210021972656250000000000000000000000000000000
0.0000128955253379523923428851342465328855269035557284951210021972656250000000000000000000000000000000
0.0000129035080816383953736768697151404694523080252110958099365234375000000000000000000000000000000000
0.0000128955253379523923428851342465328855269035557284951210021972656250000000000000000000000000000000
0.0000129541174103874070729948420055421820507035590708255767822265625000000000000000000000000000000000
0.0000130744862859542927739859088931417829826386878266930580139160156250000000000000000000000000000000
0.0000132644847189715803069268509895017871258460218086838722229003906250000000000000000000000000000000
0.0000127008106437083441957311066849989344973437255248427391052246093750000000000000000000000000000000
0.0000128955253379523923428851342465328855269035557284951210021972656250000000000000000000000000000000
0.0000129035080816383953736768697151404694523080252110958099365234375000000000000000000000000000000000
0.0000130450017344149472300549041925421533960616216063499450683593750000000000000000000000000000000000
0.0000136299377570634700830055907605498077828087843954563140869140625000000000000000000000000000000000
0.0000129883071987830775922750578543762856043031206354498863220214843750000000000000000000000000000000
0.0000129035080816383953736768697151404694523080252110958099365234375000000000000000000000000000000000
0.0000126670989420133068854151803250829289027024060487747192382812500000000000000000000000000000000000
0.0000128955253379523923428851342465328855269035557284951210021972656250000000000000000000000000000000
0.0000130161655448833625558537063771069597351015545427799224853515625000000000000000000000000000000000
0.0008902572083750435495697050924945870065130293369293212890625000000000000000000000000000000000000000
0.0000129762397463328622729348410524963242096418980509042739868164062500000000000000000000000000000000
0.0000129541174103874070729948420055421820507035590708255767822265625000000000000000000000000000000000
0.0000145903382757097025644024354540384535994235193356871604919433593750000000000000000000000000000000
0.0000144390813178927238628760157390651386322133475914597511291503906250000000000000000000000000000000
0.0000130450017344149472300549041925421533960616216063499450683593750000000000000000000000000000000000
0.0000126682526106796644740437943199573567198967793956398963928222656250000000000000000000000000000000
0.0000126682526106796644740437943199573567198967793956398963928222656250000000000000000000000000000000
0.0000128955253379523923428851342465328855269035557284951210021972656250000000000000000000000000000000
0.0000129474131719114145841302565553831982470001094043254852294921875000000000000000000000000000000000
