0.0000294087115414757915366275597968126476189354434609413146972656250000000000000000000000000000000000
0.0000294012383346208092550072565884988762263674288988113403320312500000000000000000000000000000000000
0.0000291825808882094543477390968799767279051593504846096038818359375000000000000000000000000000000000
0.0000292852634512645930659011789254364543921838048845529556274414062500000000000000000000000000000000
0.0000291704691038515788708684189911579665022145491093397140502929687500000000000000000000000000000000
0.0000296146994770314326368611940187847153538314159959554672241210937500000000000000000000000000000000
0.0000294087115414757915366275597968126476189354434609413146972656250000000000000000000000000000000000
0.0000295980497616414425690167105953420900732453446835279464721679687500000000000000000000000000000000
0.0000291728119386817221034714081584482414655212778598070144653320312500000000000000000000000000000000
0.0000294012383346208092550072565884988762263674288988113403320312500000000000000000000000000000000000
0.0000293094640701753915369622699449436709073779638856649398803710937500000000000000000000000000000000
0.0000294012383346208092550072565884988762263674288988113403320312500000000000000000000000000000000000
0.0000304347184607268963672192102487557008316798601299524307250976562500000000000000000000000000000000
0.0000300194080958769174644149707598117515772173646837472915649414062500000000000000000000000000000000
0.0000294087115414757915366275597968126476189354434609413146972656250000000000000000000000000000000000
0.0000289466812854153883027147342588136780250351876020431518554687500000000000000000000000000000000000
0.0000293696233657023554174808621652914553123991936445236206054687500000000000000000000000000000000000
0.0000291751076813544720661187936716629565125913359224796295166015625000000000000000000000000000000000
0.0000293129605736718940522597676157090518245240673422813415527343750000000000000000000000000000000000
0.0000294012383346208092550072565884988762263674288988113403320312500000000000000000000000000000000000
0.0000291739656073480813861659166619233474193606525659561157226562500000000000000000000000000000000000
0.0008234321383674695271279175834422403568169102072715759277343750000000000000000000000000000000000000
0.0000294012383346208092550072565884988762263674288988113403320312500000000000000000000000000000000000
0.0000300813001584230076481969035073760210252657998353242874145507812500000000000000000000000000000000
0.0000291739656073480813861659166619233474193606525659561157226562500000000000000000000000000000000000
0.0000289455392114089976227618572490740689318045042455196380615234375000000000000000000000000000000000
0.0000294012383346208092550072565884988762263674288988113403320312500000000000000000000000000000000000
0.0000294558693213227910229472933378858101605146657675504684448242187500000000000000000000000000000000
0.0000293141026476782915084762226598513734643347561359405517578125000000000000000000000000000000000000
0.0000294012383346208092550072565884988762263674288988113403320312500000000000000000000000000000000000
0.0000294012383346208092550072565884988762263674288988113403320312500000000000000000000000000000000000
0.0000292829165512503812867240587936024098780762869864702224731445312500000000000000000000000000000000
0.0000294087115414757915366275597968126476189354434609413146972656250000000000000000000000000000000000
0.0000294012383346208092550072565884988762263674288988113403320312500000000000000000000000000000000000
0.0000967787373167772679242309985525594129285309463739395141601562500000000000000000000000000000000000
0.0000294012383346208092550072565884988762263674288988113403320312500000000000000000000000000000000000
0.0000294012383346208092550072565884988762263674288988113403320312500000000000000000000000000000000000
0.0000297190497498631455493712377746717834270384628325700759887695312500000000000000000000000000000000
0.0000294087115414757915366275597968126476189354434609413146972656250000000000000000000000000000000000
0.0000294012383346208092550072565884988762263674288988113403320312500000000000000000000000000000000000
0.0000291739656073480813861659166619233474193606525659561157226562500000000000000000000000000000000000
0.0000289518116574402307398638373170385307275864761322736740112304687500000000000000000000000000000000
0.0000294012383346208092550072565884988762263674288988113403320312500000000000000000000000000000000000
0.0000294012383346208092550072565884988762263674288988113403320312500000000000000000000000000000000000
0.0000294087115414757915366275597968126476189354434609413146972656250000000000000000000000000000000000
0.0000294012383346208092550072565884988762263674288988113403320312500000000000000000000000000000000000
0.0000291716464978861149826960125208685781217354815453290939331054687500000000000000000000000000000000
0.0000294012383346208092550072565884988762263674288988113403320312500000000000000000000000000000000000
0.0000294012383346208092550072565884988762263674288988113403320312500000000000000000000000000000000000
0.0000294377125837141959770106719451732146808353718370199203491210937500000000000000000000000000000000
0.0000294012383346208092550072565884988762263674288988113403320312500000000000000000000000000000000000
0.0000291751076813544720661187936716629565125913359224796295166015625000000000000000000000000000000000
0.0000295136857820196082827311073737419633289391640573740005493164062500000000000000000000000000000000
0.0000291751076813544788423823717060656690591713413596153259277343750000000000000000000000000000000000
0.0000291814388142030636677862198702371188119286671280860900878906250000000000000000000000000000000000
0.0000294012383346208092550072565884988762263674288988113403320312500000000000000000000000000000000000
0.0000880768216155063175896305915912876116635743528604507446289062500000000000000000000000000000000000
0.0000291739656073480813861659166619233474193606525659561157226562500000000000000000000000000000000000
0.0000295402333009446219211011075422845806315308436751365661621093750000000000000000000000000000000000
0.0000294768007594876320961573695766944069873716216534376144409179687500000000000000000000000000000000
0.0000291728119386817221034714081584482414655212778598070144653320312500000000000000000000000000000000
0.0000294012383346208092550072565884988762263674288988113403320312500000000000000000000000000000000000
0.0000294012383346208092550072565884988762263674288988113403320312500000000000000000000000000000000000
0.0000294768007594876320961573695766944069873716216534376144409179687500000000000000000000000000000000
0.0000294012383346208092550072565884988762263674288988113403320312500000000000000000000000000000000000
0.0000291739656073480813861659166619233474193606525659561157226562500000000000000000000000000000000000
0.0000294087115414757915366275597968126476189354434609413146972656250000000000000000000000000000000000
0.0000297190497498631455493712377746717834270384628325700759887695312500000000000000000000000000000000
0.0000291739656073480813861659166619233474193606525659561157226562500000000000000000000000000000000000
0.0000300288160754187666680661839002652868657605722546577453613281250000000000000000000000000000000000
0.0000301684084626081411306414842288248223667324054986238479614257812500000000000000000000000000000000
0.0000291728119386817221034714081584482414655212778598070144653320312500000000000000000000000000000000
0.0000292276642146687127253330135134845590982877183705568313598632812500000000000000000000000000000000
0.0000293076168203991659847850587139461708829912822693586349487304687500000000000000000000000000000000
0.0000294087115414757915366275597968126476189354434609413146972656250000000000000000000000000000000000
0.0000294087115414757915366275597968126476189354434609413146972656250000000000000000000000000000000000
0.0000294012383346208092550072565884988762263674288988113403320312500000000000000000000000000000000000
0.0000294012383346208092550072565884988762263674288988113403320312500000000000000000000000000000000000
0.0000290195566469112342514787700187284258390718605369329452514648437500000000000000000000000000000000
0.0000294087115414757915366275597968126476189354434609413146972656250000000000000000000000000000000000
0.0000294012383346208092550072565884988762263674288988113403320312500000000000000000000000000000000000
0.0000294087115414757915366275597968126476189354434609413146972656250000000000000000000000000000000000
0.0000296578198828468804319757889942366091418080031871795654296875000000000000000000000000000000000000
0.0000295402333009446219211011075422845806315308436751365661621093750000000000000000000000000000000000
0.0000291728119386817221034714081584482414655212778598070144653320312500000000000000000000000000000000
0.0000294012383346208092550072565884988762263674288988113403320312500000000000000000000000000000000000
0.0000294012383346208092550072565884988762263674288988113403320312500000000000000000000000000000000000
0.0000299511944580001631256542526937636239381390623748302459716796875000000000000000000000000000000000
0.0000295625560090406402859349033196423306435463018715381622314453125000000000000000000000000000000000
0.0000550233679676782305701353281701670994152664206922054290771484375000000000000000000000000000000000
0.0000294012383346208092550072565884988762263674288988113403320312500000000000000000000000000000000000
0.0000291728119386817221034714081584482414655212778598070144653320312500000000000000000000000000000000
0.0000294321981061426104261512931570266005110170226544141769409179687500000000000000000000000000000000
0.0008323520393200377473150175511307224951451644301414489746093750000000000000000000000000000000000000
0.0000291728119386817221034714081584482414655212778598070144653320312500000000000000000000000000000000
0.0000291739656073480813861659166619233474193606525659561157226562500000000000000000000000000000000000
0.0000294498141791781940855392274425383902780595235526561737060546875000000000000000000000000000000000
0.0000292213877832391069340033790124877555172133725136518478393554687500000000000000000000000000000000
0.0008398039297770667219525386748557593818986788392066955566406250000000000000000000000000000000000000
0.0000328211240984371704931289726037135778824449516832828521728515625000000000000000000000000000000000
0.0000304925349214237136270030242846118540001043584197759628295898437500000000000000000000000000000000
0.0000340126590998547574835886297961451418814249336719512939453125000000000000000000000000000000000000
0.0000295136857820196082827311073737419633289391640573740005493164062500000000000000000000000000000000
0.0000294012383346208092550072565884988762263674288988113403320312500000000000000000000000000000000000
0.0000294012383346208092550072565884988762263674288988113403320312500000000000000000000000000000000000
0.0000294969719590251901837271719664101965463487431406974792480468750000000000000000000000000000000000
0.0000294012383346208092550072565884988762263674288988113403320312500000000000000000000000000000000000
0.0000290591287328141839423067960268554088543169200420379638671875000000000000000000000000000000000000
0.0000292726075844084514493252668909661906582186929881572723388671875000000000000000000000000000000000
0.0000294558693213227910229472933378858101605146657675504684448242187500000000000000000000000000000000
0.0000292505643688514056115820144432504434917063917964696884155273437500000000000000000000000000000000
0.0000304871227681711594033157897154495685754227451980113983154296875000000000000000000000000000000000
0.0000293346034007086039954032008481021875923033803701400756835937500000000000000000000000000000000000
0.0000293286577664556736427543121026317862742871511727571487426757812500000000000000000000000000000000
0.0000284932894995362850714629848747350138182810042053461074829101562500000000000000000000000000000000
0.0000461614884621288455311856335772091597391408868134021759033203125000000000000000000000000000000000
0.0000294012383346208092550072565884988762263674288988113403320312500000000000000000000000000000000000
0.0000291751076813544788423823717060656690591713413596153259277343750000000000000000000000000000000000
0.0000294087115414757915366275597968126476189354434609413146972656250000000000000000000000000000000000
0.0000299591169689014689481772885093491254338005091995000839233398437500000000000000000000000000000000
0.0000294012383346208092550072565884988762263674288988113403320312500000000000000000000000000000000000
0.0000301064125351858887002023945633766288665356114506721496582031250000000000000000000000000000000000
0.0000294012383346208092550072565884988762263674288988113403320312500000000000000000000000000000000000
0.0000295980497616414425690167105953420900732453446835279464721679687500000000000000000000000000000000
0.0000291739656073480813861659166619233474193606525659561157226562500000000000000000000000000000000000
0.0000297102617483888784455543785600895034804125316441059112548828125000000000000000000000000000000000
0.0000295136857820196082827311073737419633289391640573740005493164062500000000000000000000000000000000
0.0000294012383346208092550072565884988762263674288988113403320312500000000000000000000000000000000000
0.0000313837086445601203530710032740813630880438722670078277587890625000000000000000000000000000000000
0.0000291802851455367043850917113667620128580892924219369888305664062500000000000000000000000000000000
0.0000292253451052067429337313203552284335273725446313619613647460937500000000000000000000000000000000
0.0000294012383346208092550072565884988762263674288988113403320312500000000000000000000000000000000000
0.0000287205622268090197165679028357132551718677859753370285034179687500000000000000000000000000000000
0.0000294558693213227910229472933378858101605146657675504684448242187500000000000000000000000000000000
0.0000292444789300926193706224587298692085823859088122844696044921875000000000000000000000000000000000
0.0000294558693213227910229472933378858101605146657675504684448242187500000000000000000000000000000000
0.0000302652621941509857581616843580363251930975820869207382202148437500000000000000000000000000000000
0.0000294012383346208092550072565884988762263674288988113403320312500000000000000000000000000000000000
0.0000292213877832391069340033790124877555172133725136518478393554687500000000000000000000000000000000
0.0000292034076270195897798067491413220864160393830388784408569335937500000000000000000000000000000000
0.0000292274429253837004832796558906338191263785120099782943725585937500000000000000000000000000000000
0.0009079187600033811547661777296980289975181221961975097656250000000000000000000000000000000000000000
0.0000294012383346208092550072565884988762263674288988113403320312500000000000000000000000000000000000
0.0000301982723419950669122794467691406339326931629329919815063476562500000000000000000000000000000000
0.0000294768007594876320961573695766944069873716216534376144409179687500000000000000000000000000000000
0.0000291739656073480813861659166619233474193606525659561157226562500000000000000000000000000000000000
0.0000291825808882094611240026749143794404517393559217453002929687500000000000000000000000000000000000
0.0000291751076813544788423823717060656690591713413596153259277343750000000000000000000000000000000000
0.0000301953300142378148823111422283105298447480890899896621704101562500000000000000000000000000000000
0.0000292022226237238575390162825806683599694224540144205093383789062500000000000000000000000000000000
0.0000293174359037476312895079133546971661417046561837196350097656250000000000000000000000000000000000
0.0000291825808882094543477390968799767279051593504846096038818359375000000000000000000000000000000000
0.0000294768007594876320961573695766944069873716216534376144409179687500000000000000000000000000000000
0.0000294012383346208092550072565884988762263674288988113403320312500000000000000000000000000000000000
0.0000703129608978194975453870907422526670416118577122688293457031250000000000000000000000000000000000
0.0000294087115414757915366275597968126476189354434609413146972656250000000000000000000000000000000000
0.0000291751076813544720661187936716629565125913359224796295166015625000000000000000000000000000000000
0.0000295813359386470244700127751880103232906549237668514251708984375000000000000000000000000000000000
0.0000289541660869303324108130909264602337316318880766630172729492187500000000000000000000000000000000
0.0000294087115414757915366275597968126476189354434609413146972656250000000000000000000000000000000000
0.0000291751076813544788423823717060656690591713413596153259277343750000000000000000000000000000000000
0.0000291728119386817221034714081584482414655212778598070144653320312500000000000000000000000000000000
0.0000294012383346208092550072565884988762263674288988113403320312500000000000000000000000000000000000
0.0000401296497493068362347017064006848841017927043139934539794921875000000000000000000000000000000000
0.0000291814388142030636677862198702371188119286671280860900878906250000000000000000000000000000000000
0.0000294012383346208092550072565884988762263674288988113403320312500000000000000000000000000000000000
0.0000292288062886751067934176795404255244648084044456481933593750000000000000000000000000000000000000
0.0000294558693213227910229472933378858101605146657675504684448242187500000000000000000000000000000000
0.0000294012383346208092550072565884988762263674288988113403320312500000000000000000000000000000000000
0.0000291739656073480813861659166619233474193606525659561157226562500000000000000000000000000000000000
0.0000294498141791781940855392274425383902780595235526561737060546875000000000000000000000000000000000
0.0000293286577664556736427543121026317862742871511727571487426757812500000000000000000000000000000000
0.0000294768007594876320961573695766944069873716216534376144409179687500000000000000000000000000000000
0.0000294012383346208092550072565884988762263674288988113403320312500000000000000000000000000000000000
0.0000294012383346208092550072565884988762263674288988113403320312500000000000000000000000000000000000
0.0000294087115414757915366275597968126476189354434609413146972656250000000000000000000000000000000000
0.0000294012383346208092550072565884988762263674288988113403320312500000000000000000000000000000000000
0.0000292274429253837004832796558906338191263785120099782943725585937500000000000000000000000000000000
0.0000290978254282641978542122557227500578846957068890333175659179687500000000000000000000000000000000
0.0000297298934966808136041906823754388256020320113748311996459960937500000000000000000000000000000000
0.0000292045183663966142779272461282857875630725175142288208007812500000000000000000000000000000000000
0.0000294012383346208092550072565884988762263674288988113403320312500000000000000000000000000000000000
0.0000291814388142030636677862198702371188119286671280860900878906250000000000000000000000000000000000
0.0000295402333009446219211011075422845806315308436751365661621093750000000000000000000000000000000000
0.0000300887733652779899298172067156897924178338143974542617797851562500000000000000000000000000000000
0.0000292604546438218078281776751703446848296152893453836441040039062500000000000000000000000000000000
0.0000294087115414757915366275597968126476189354434609413146972656250000000000000000000000000000000000
0.0000291728119386817221034714081584482414655212778598070144653320312500000000000000000000000000000000
0.0000291728119386817221034714081584482414655212778598070144653320312500000000000000000000000000000000
0.0000295136857820196082827311073737419633289391640573740005493164062500000000000000000000000000000000
0.0008387836023370499839366121186401414888678118586540222167968750000000000000000000000000000000000000
0.0000294768007594876320961573695766944069873716216534376144409179687500000000000000000000000000000000
0.0000294558693213227910229472933378858101605146657675504684448242187500000000000000000000000000000000
0.0000309586499990871581418708236022041546675609424710273742675781250000000000000000000000000000000000
0.0000303655062863032981345517979931969421159010380506515502929687500000000000000000000000000000000000
0.0000295402333009446219211011075422845806315308436751365661621093750000000000000000000000000000000000
0.0000291739656073480813861659166619233474193606525659561157226562500000000000000000000000000000000000
0.0000291739656073480813861659166619233474193606525659561157226562500000000000000000000000000000000000
0.0000294012383346208092550072565884988762263674288988113403320312500000000000000000000000000000000000
0.0000292225414519054628285660984987615051977627445012331008911132812500000000000000000000000000000000
