0.0000169845610340200754012629502653908275533467531204223632812500000000000000000000000000000000000000
0.0000000000000000000000000000000000000000000000000000000000000000000000000000000000000000000000000000
0.0000169845610340200754012629502653908275533467531204223632812500000000000000000000000000000000000000
0.0005077301399082420748851141034663214668398723006248474121093750000000000000000000000000000000000000
0.0000000000000000000000000000000000000000000000000000000000000000000000000000000000000000000000000000
0.0005951571523542337422210679598322258243570104241371154785156250000000000000000000000000000000000000
0.0000169845610340200754012629502653908275533467531204223632812500000000000000000000000000000000000000
0.0002089413493696999765333877085993208311265334486961364746093750000000000000000000000000000000000000
0.0000000000000000000000000000000000000000000000000000000000000000000000000000000000000000000000000000
0.0000000000000000000000000000000000000000000000000000000000000000000000000000000000000000000000000000
0.0001386870287289805885218296754857192354393191635608673095703125000000000000000000000000000000000000
0.0000000000000000000000000000000000000000000000000000000000000000000000000000000000000000000000000000
0.0005250857922529374123207790425738039630232378840446472167968750000000000000000000000000000000000000
0.0010579435502256391305603289154646517999935895204544067382812500000000000000000000000000000000000000
0.0000169845610340200754012629502653908275533467531204223632812500000000000000000000000000000000000000
0.0000000000000000000000000000000000000000000000000000000000000000000000000000000000000000000000000000
0.0002089413493696999765333877085993208311265334486961364746093750000000000000000000000000000000000000
0.0000000000000000000000000000000000000000000000000000000000000000000000000000000000000000000000000000
0.0001386870287289805885218296754857192354393191635608673095703125000000000000000000000000000000000000
0.0000000000000000000000000000000000000000000000000000000000000000000000000000000000000000000000000000
0.0000000000000000000000000000000000000000000000000000000000000000000000000000000000000000000000000000
0.1779331663745177816160492056951625272631645202636718750000000000000000000000000000000000000000000000
0.0000000000000000000000000000000000000000000000000000000000000000000000000000000000000000000000000000
0.0015455950540958268615149284741505653073545545339584350585937500000000000000000000000000000000000000
0.0000000000000000000000000000000000000000000000000000000000000000000000000000000000000000000000000000
0.0000000000000000000000000000000000000000000000000000000000000000000000000000000000000000000000000000
0.0000000000000000000000000000000000000000000000000000000000000000000000000000000000000000000000000000
0.0000742872348083211449937257597753159643616527318954467773437500000000000000000000000000000000000000
0.0001386870287289805885218296754857192354393191635608673095703125000000000000000000000000000000000000
0.0000000000000000000000000000000000000000000000000000000000000000000000000000000000000000000000000000
0.0000000000000000000000000000000000000000000000000000000000000000000000000000000000000000000000000000
0.0001445415554490405330052837928889175600488670170307159423828125000000000000000000000000000000000000
0.0000169845610340200754012629502653908275533467531204223632812500000000000000000000000000000000000000
0.0000000000000000000000000000000000000000000000000000000000000000000000000000000000000000000000000000
0.0161817373124226171476891522615915164351463317871093750000000000000000000000000000000000000000000000
0.0000000000000000000000000000000000000000000000000000000000000000000000000000000000000000000000000000
0.0000000000000000000000000000000000000000000000000000000000000000000000000000000000000000000000000000
0.0004478060395481459825088588200259209770592860877513885498046875000000000000000000000000000000000000
0.0000169845610340200754012629502653908275533467531204223632812500000000000000000000000000000000000000
0.0000000000000000000000000000000000000000000000000000000000000000000000000000000000000000000000000000
0.0000000000000000000000000000000000000000000000000000000000000000000000000000000000000000000000000000
0.0000169845610340200754012629502653908275533467531204223632812500000000000000000000000000000000000000
0.0000000000000000000000000000000000000000000000000000000000000000000000000000000000000000000000000000
0.0000000000000000000000000000000000000000000000000000000000000000000000000000000000000000000000000000
0.0000169845610340200754012629502653908275533467531204223632812500000000000000000000000000000000000000
0.0000000000000000000000000000000000000000000000000000000000000000000000000000000000000000000000000000
0.0000000000000000000000000000000000000000000000000000000000000000000000000000000000000000000000000000
0.0000000000000000000000000000000000000000000000000000000000000000000000000000000000000000000000000000
0.0000000000000000000000000000000000000000000000000000000000000000000000000000000000000000000000000000
0.0003636895721241051380838438245035604268196038901805877685546875000000000000000000000000000000000000
0.0000000000000000000000000000000000000000000000000000000000000000000000000000000000000000000000000000
0.0000000000000000000000000000000000000000000000000000000000000000000000000000000000000000000000000000
0.0001445415554490405330052837928889175600488670170307159423828125000000000000000000000000000000000000
0.0000000000000000000000000000000000000000000000000000000000000000000000000000000000000000000000000000
0.0000169845610340200754012629502653908275533467531204223632812500000000000000000000000000000000000000
0.0000000000000000000000000000000000000000000000000000000000000000000000000000000000000000000000000000
0.0134304192851017294152438097398771787993609905242919921875000000000000000000000000000000000000000000
0.0000000000000000000000000000000000000000000000000000000000000000000000000000000000000000000000000000
0.0001386870287289805885218296754857192354393191635608673095703125000000000000000000000000000000000000
0.0001717327837884252098466647540320195730600971728563308715820312500000000000000000000000000000000000
0.0000000000000000000000000000000000000000000000000000000000000000000000000000000000000000000000000000
0.0000000000000000000000000000000000000000000000000000000000000000000000000000000000000000000000000000
0.0000000000000000000000000000000000000000000000000000000000000000000000000000000000000000000000000000
0.0001717327837884252098466647540320195730600971728563308715820312500000000000000000000000000000000000
0.0000000000000000000000000000000000000000000000000000000000000000000000000000000000000000000000000000
0.0000000000000000000000000000000000000000000000000000000000000000000000000000000000000000000000000000
0.0000169845610340200754012629502653908275533467531204223632812500000000000000000000000000000000000000
0.0004478060395481459825088588200259209770592860877513885498046875000000000000000000000000000000000000
0.0000000000000000000000000000000000000000000000000000000000000000000000000000000000000000000000000000
0.0007112597419508438637350544730963974870974197983741760253906250000000000000000000000000000000000000
0.0013171711727405601474044649634720371977891772985458374023437500000000000000000000000000000000000000
0.0000000000000000000000000000000000000000000000000000000000000000000000000000000000000000000000000000
0.0001220422893654184485177915941989112980081699788570404052734375000000000000000000000000000000000000
0.0003063747311758128121991773262777769559761509299278259277343750000000000000000000000000000000000000
0.0000169845610340200754012629502653908275533467531204223632812500000000000000000000000000000000000000
0.0000169845610340200754012629502653908275533467531204223632812500000000000000000000000000000000000000
0.0000000000000000000000000000000000000000000000000000000000000000000000000000000000000000000000000000
0.0000000000000000000000000000000000000000000000000000000000000000000000000000000000000000000000000000
0.0001655994700816957351623137650875605686451308429241180419921875000000000000000000000000000000000000
0.0000169845610340200754012629502653908275533467531204223632812500000000000000000000000000000000000000
0.0000000000000000000000000000000000000000000000000000000000000000000000000000000000000000000000000000
0.0000169845610340200754012629502653908275533467531204223632812500000000000000000000000000000000000000
0.0005944601157096478065422484604596320423297584056854248046875000000000000000000000000000000000000000
0.0001386870287289805885218296754857192354393191635608673095703125000000000000000000000000000000000000
0.0000000000000000000000000000000000000000000000000000000000000000000000000000000000000000000000000000
0.0000000000000000000000000000000000000000000000000000000000000000000000000000000000000000000000000000
0.0000000000000000000000000000000000000000000000000000000000000000000000000000000000000000000000000000
0.0010435310227480140785744078257835099066141992807388305664062500000000000000000000000000000000000000
0.0003318864104909589191061414226169290486723184585571289062500000000000000000000000000000000000000000
0.0076824420167470050882507770495521981501951813697814941406250000000000000000000000000000000000000000
0.0000000000000000000000000000000000000000000000000000000000000000000000000000000000000000000000000000
0.0000000000000000000000000000000000000000000000000000000000000000000000000000000000000000000000000000
0.0003462917973309026726039250299038485536584630608558654785156250000000000000000000000000000000000000
0.1800197196975471813917835106622078455984592437744140625000000000000000000000000000000000000000000000
0.0000000000000000000000000000000000000000000000000000000000000000000000000000000000000000000000000000
0.0000000000000000000000000000000000000000000000000000000000000000000000000000000000000000000000000000
0.0001103996467211304901082091767250403790967538952827453613281250000000000000000000000000000000000000
0.0001103996467211304901082091767250403790967538952827453613281250000000000000000000000000000000000000
0.1816683544219160895138998057518620043992996215820312500000000000000000000000000000000000000000000000
0.0033900482910763558332123412952796570607461035251617431640625000000000000000000000000000000000000000
0.0005953401128936568545424456999626272590830922126770019531250000000000000000000000000000000000000000
0.0020706808463487641654154902681739258696325123310089111328125000000000000000000000000000000000000000
0.0001445415554490405330052837928889175600488670170307159423828125000000000000000000000000000000000000
0.0000000000000000000000000000000000000000000000000000000000000000000000000000000000000000000000000000
0.0000000000000000000000000000000000000000000000000000000000000000000000000000000000000000000000000000
0.0001677023204954315325956176740973546657187398523092269897460937500000000000000000000000000000000000
0.0000000000000000000000000000000000000000000000000000000000000000000000000000000000000000000000000000
0.0001445415554490405330052837928889175600488670170307159423828125000000000000000000000000000000000000
0.0002215906887592583379090888096030198539665434509515762329101562500000000000000000000000000000000000
0.0000742872348083211449937257597753159643616527318954467773437500000000000000000000000000000000000000
0.0004014451622619275841449826280893375951563939452171325683593750000000000000000000000000000000000000
0.0011749382581795917920852723170810349984094500541687011718750000000000000000000000000000000000000000
0.0003677078682431075048325785914471452997531741857528686523437500000000000000000000000000000000000000
0.0002379566411361509748172843314861779617785941809415817260742187500000000000000000000000000000000000
0.0000000000000000000000000000000000000000000000000000000000000000000000000000000000000000000000000000
0.0038962682336960386894619823294760863063856959342956542968750000000000000000000000000000000000000000
0.0000000000000000000000000000000000000000000000000000000000000000000000000000000000000000000000000000
0.0000000000000000000000000000000000000000000000000000000000000000000000000000000000000000000000000000
0.0000169845610340200754012629502653908275533467531204223632812500000000000000000000000000000000000000
0.0007786904136553304345627624094561269885161891579627990722656250000000000000000000000000000000000000
0.0000000000000000000000000000000000000000000000000000000000000000000000000000000000000000000000000000
0.0011594506518052014130276683445686103368643671274185180664062500000000000000000000000000000000000000
0.0000000000000000000000000000000000000000000000000000000000000000000000000000000000000000000000000000
0.0002089413493696999765333877085993208311265334486961364746093750000000000000000000000000000000000000
0.0000000000000000000000000000000000000000000000000000000000000000000000000000000000000000000000000000
0.0003834062456274864847706462800402960056089796125888824462890625000000000000000000000000000000000000
0.0001445415554490405330052837928889175600488670170307159423828125000000000000000000000000000000000000
0.0000000000000000000000000000000000000000000000000000000000000000000000000000000000000000000000000000
0.0005834561974562970732352540359499926125863566994667053222656250000000000000000000000000000000000000
0.0000169845610340200754012629502653908275533467531204223632812500000000000000000000000000000000000000
0.0001220422893654184485177915941989112980081699788570404052734375000000000000000000000000000000000000
0.0000000000000000000000000000000000000000000000000000000000000000000000000000000000000000000000000000
0.0000000000000000000000000000000000000000000000000000000000000000000000000000000000000000000000000000
0.0000742872348083211449937257597753159643616527318954467773437500000000000000000000000000000000000000
0.0001602575516919636181706332322960406600032001733779907226562500000000000000000000000000000000000000
0.0000742872348083211449937257597753159643616527318954467773437500000000000000000000000000000000000000
0.0005953401128936568545424456999626272590830922126770019531250000000000000000000000000000000000000000
0.0000000000000000000000000000000000000000000000000000000000000000000000000000000000000000000000000000
0.0001103996467211304901082091767250403790967538952827453613281250000000000000000000000000000000000000
0.0000721843843945853204553675386279110171017237007617950439453125000000000000000000000000000000000000
0.0000742872348083211449937257597753159643616527318954467773437500000000000000000000000000000000000000
0.1967379061993504985039749044517520815134048461914062500000000000000000000000000000000000000000000000
0.0000000000000000000000000000000000000000000000000000000000000000000000000000000000000000000000000000
0.0006410054213101244215133878157075741910375654697418212890625000000000000000000000000000000000000000
0.0001717327837884252098466647540320195730600971728563308715820312500000000000000000000000000000000000
0.0000000000000000000000000000000000000000000000000000000000000000000000000000000000000000000000000000
0.0000169845610340200754012629502653908275533467531204223632812500000000000000000000000000000000000000
0.0000000000000000000000000000000000000000000000000000000000000000000000000000000000000000000000000000
0.0010043594659504533755933763927714608144015073776245117187500000000000000000000000000000000000000000
0.0000668424660048532034636870058363911084597930312156677246093750000000000000000000000000000000000000
0.0001103996467211304901082091767250403790967538952827453613281250000000000000000000000000000000000000
0.0000169845610340200754012629502653908275533467531204223632812500000000000000000000000000000000000000
0.0001717327837884252098466647540320195730600971728563308715820312500000000000000000000000000000000000
0.0000000000000000000000000000000000000000000000000000000000000000000000000000000000000000000000000000
0.0092858369519884208231896849383701919578015804290771484375000000000000000000000000000000000000000000
0.0000169845610340200754012629502653908275533467531204223632812500000000000000000000000000000000000000
0.0000000000000000000000000000000000000000000000000000000000000000000000000000000000000000000000000000
0.0002321021144160910303338302140829796371690463274717330932617187500000000000000000000000000000000000
0.0000169845610340200754012629502653908275533467531204223632812500000000000000000000000000000000000000
0.0000169845610340200754012629502653908275533467531204223632812500000000000000000000000000000000000000
0.0000000000000000000000000000000000000000000000000000000000000000000000000000000000000000000000000000
0.0000000000000000000000000000000000000000000000000000000000000000000000000000000000000000000000000000
0.0000000000000000000000000000000000000000000000000000000000000000000000000000000000000000000000000000
0.0032240925431196473631423327077527574147097766399383544921875000000000000000000000000000000000000000
0.0000169845610340200754012629502653908275533467531204223632812500000000000000000000000000000000000000
0.0000000000000000000000000000000000000000000000000000000000000000000000000000000000000000000000000000
0.0001220422893654184485177915941989112980081699788570404052734375000000000000000000000000000000000000
0.0000742872348083211449937257597753159643616527318954467773437500000000000000000000000000000000000000
0.0000000000000000000000000000000000000000000000000000000000000000000000000000000000000000000000000000
0.0000000000000000000000000000000000000000000000000000000000000000000000000000000000000000000000000000
0.0001103996467211304901082091767250403790967538952827453613281250000000000000000000000000000000000000
0.0002379566411361509748172843314861779617785941809415817260742187500000000000000000000000000000000000
0.0001717327837884252098466647540320195730600971728563308715820312500000000000000000000000000000000000
0.0000000000000000000000000000000000000000000000000000000000000000000000000000000000000000000000000000
0.0000000000000000000000000000000000000000000000000000000000000000000000000000000000000000000000000000
0.0000169845610340200754012629502653908275533467531204223632812500000000000000000000000000000000000000
0.0000000000000000000000000000000000000000000000000000000000000000000000000000000000000000000000000000
0.0000742872348083211449937257597753159643616527318954467773437500000000000000000000000000000000000000
0.0003700168804621115060081437686534400199889205396175384521484375000000000000000000000000000000000000
0.0007760241864621982704752767290301562752574682235717773437500000000000000000000000000000000000000000
0.0000668424660048532034636870058363911084597930312156677246093750000000000000000000000000000000000000
0.0000000000000000000000000000000000000000000000000000000000000000000000000000000000000000000000000000
0.0000169845610340200754012629502653908275533467531204223632812500000000000000000000000000000000000000
0.0001386870287289805885218296754857192354393191635608673095703125000000000000000000000000000000000000
0.0015625796151298469369161914244159561349079012870788574218750000000000000000000000000000000000000000
0.0001129987992430032597976005681594813268020516261458396911621093750000000000000000000000000000000000
0.0000169845610340200754012629502653908275533467531204223632812500000000000000000000000000000000000000
0.0000000000000000000000000000000000000000000000000000000000000000000000000000000000000000000000000000
0.0000000000000000000000000000000000000000000000000000000000000000000000000000000000000000000000000000
0.0001445415554490405330052837928889175600488670170307159423828125000000000000000000000000000000000000
0.1827432455277189504716517376436968334019184112548828125000000000000000000000000000000000000000000000
0.0001717327837884252098466647540320195730600971728563308715820312500000000000000000000000000000000000
0.0000742872348083211449937257597753159643616527318954467773437500000000000000000000000000000000000000
0.0016078516411644594007873676488884484570007771253585815429687500000000000000000000000000000000000000
0.0015815025765911411900072058855926115938927978277206420898437500000000000000000000000000000000000000
0.0001386870287289805885218296754857192354393191635608673095703125000000000000000000000000000000000000
0.0000000000000000000000000000000000000000000000000000000000000000000000000000000000000000000000000000
0.0000000000000000000000000000000000000000000000000000000000000000000000000000000000000000000000000000
0.0000000000000000000000000000000000000000000000000000000000000000000000000000000000000000000000000000
0.0001103996467211304901082091767250403790967538952827453613281250000000000000000000000000000000000000
