1
7
15
23
38
59
66
69
70
74
77
81
87
98
100
105
117
138
141
179
181
194
197
228
237
251
262
268
275
288
295
305
316
320
325
335
336
346
349
374
405
415
436
443
458
473
485
493
498
513
517
521
526
532
540
542
547
566
569
575
579
595
608
616
617
625
638
662
677
682
686
687
697
714
716
721
744
753
758
762
766
770
773
775
795
804
809
820
832
837
840
843
847
853
873
886
894
902
903
911
913
915
929
946
947
955
968
971
972
987
988
1022
1027
1028
1030
1036
1037
1040
1053
1060
1073
1076
1079
1096
1103
1104
1113
1118
1132
1141
1146
1147
1197
1201
1213
1216
1223
1229
1233
1241
1242
1268
1272
1273
1277
1284
1288
1289
1300
1346
1355
1362
1364
1373
1375
1381
1390
1397
1406
1407
1408
1435
1440
1444
1448
1457
1460
1468
1472
1476
1499
1516
1521
1539
1544
1557
1560
1561
1569
1588
1593
1596
1609
1613
1644
1653
1654
1662
1669
1672
1680
1683
1699
1709
1732
1743
1777
1789
1793
1794
1815
1820
1823
1824
1827
1829
1851
1856
1860
1865
1866
1868
1874
1877
1900
1912
1950
1961
1975
1989
1992
2010
2014
2017
2042
2056
2058
2064
2077
2080
2090
2099
2105
2121
2141
2146
2161
2165
2188
2207
2211
2232
2250
2252
2256
2258
2272
2273
2275
2280
2285
2310
2327
2339
2340
2354
2382
2384
2392
2402
2407
2430
2432
2433
2437
2444
2451
2456
2458
2463
2464
2496
2501
2505
2510
2516
2523
2525
2528
2529
2530
2541
2543
2552
2562
2575
2577
2597
2642
2655
2666
2680
2723
2730
2732
2737
2744
2759
2789
2816
2820
2823
2827
2851
2871
2874
2895
2899
2904
2906
2912
2933
2946
2951
2972
2973
2979
2993
3008
3011
3017
3018
3043
3065
3072
3080
3084
3093
3113
3125
3128
3133
3160
3164
3166
3183
3184
3192
3200
3205
3212
3217
3238
3249
3253
3269
3278
3293
3299
3316
3319
3322
3335
3350
3373
3378
3386
3387
3393
3401
3404
3420
3465
3487
3493
3495
3497
3537
3542
3546
3556
3564
3567
3569
3575
3583
3586
3595
3625
3631
3633
3640
3645
3654
3657
3661
3673
3681
3690
3694
3700
3720
3723
3726
3743
3764
3769
3770
3775
3797
3823
3825
3831
3836
3842
3848
3855
3868
3870
3878
3879
3919
3940
3947
3968
3974
3992
4002
4012
4022
4044
4084
4090
4107
4141
4150
4152
4165
4166
4168
4180
4207
4218
4223
4229
4230
4233
4248
4249
4253
4254
4281
4290
4301
4308
4318
4328
4329
4334
4356
4358
4360
4363
4408
4415
4418
4428
4429
4432
4434
4435
4471
4486
4499
4503
4506
4527
4535
4539
4544
4574
4600
4613
4616
4620
4632
4647
4658
4659
4677
4698
4700
4703
4717
4721
4730
4734
4742
4753
4755
4764
4767
4774
4778
4780
4792
4795
4800
4806
4807
4826
4851
4856
4869
4878
4896
4900
4902
4912
4915
4927
4934
4940
4982
4988
4995
5008
5026
5038
5056
5072
5118
5176
5183
5185
5200
5206
5212
5228
5237
5244
5245
5273
5282
5288
5298
5299
5303
5304
5328
5337
5347
5371
5383
5386
5392
5406
5411
5448
5449
5458
5481
5492
5498
5515
5527
5530
5535
5541
5549
5557
5561
5564
5570
5571
5611
5623
5631
5632
5642
5646
5668
5669
5675
5676
5677
5686
5688
5698
5716
5718
5732
5733
5745
5757
5762
5790
5803
5827
5842
5885
5887
5907
5910
5919
5920
5927
5930
5931
5943
5946
5952
5982
6009
6012
6026
6031
6042
6047
6065
6078
6082
6098
6112
6134
6145
6166
6187
6189
6208
6209
6231
6238
6241
6242
6254
6257
6270
6279
6281
6285
6288
6300
6302
6324
6338
6339
6354
6368
6371
6375
6378
6388
6393
6405
6428
6434
6439
6450
6462
6464
6465
6469
6474
6477
6480
6490
6519
6533
6536
6543
6544
6547
6551
6570
6575
6580
6583
6591
6597
6599
6661
6666
6672
6677
6680
6695
6704
6725
6736
6747
6765
6770
6778
6789
6806
6825
6826
6832
6840
6848
6856
6872
6877
6884
6914
6935
6955
6979
6983
6997
6998
7001
7021
7022
7029
7071
7076
7085
7100
7108
7127
7133
7147
7160
7169
7189
7212
7214
7217
7223
7229
7233
7242
7243
7244
7266
7278
7282
7296
7303
7316
7325
7330
7336
7355
7369
7377
7383
7385
7388
7417
7422
7449
7450
7459
7463
7478
7486
7492
7519
7534
7547
7561
7578
7579
7591
7603
7609
7632
7637
7640
7642
7663
7672
7674
7676
7685
7686
7706
7717
7722
7723
7754
7766
7768
7771
7778
7780
7796
7797
7799
7800
7807
7819
7822
7832
7850
7873
7874
7880
7883
7891
7923
7926
7932
7947
7955
7970
7978
7983
7986
7998
8011
8019
8023
8029
8033
8044
8061
8066
8089
8117
8122
8142
8152
8156
8157
8164
8175
8181
8214
8244
8250
8251
8271
8275
8283
8285
8299
8308
8311
8313
8349
8359
8392
8405
8413
8414
8423
8448
8453
8466
8495
8507
8509
8523
8547
8565
8582
8596
8598
8622
8629
8638
8647
8650
8653
8657
8658
8666
8672
8675
8682
8683
8691
8700
8714
8719
8722
8726
8730
8731
8755
8760
8770
8774
8776
8803
8822
8826
8840
8842
8845
8859
8883
8886
8940
8957
8964
8987
8989
9002
9008
9015
9030
9038
9042
9054
9058
9061
9064
9075
9095
9098
9104
9105
9120
9121
9148
9150
9155
9162
9166
9185
9196
9203
9231
9261
9267
9294
9305
9342
9344
9346
9350
9370
9372
9378
9383
9387
9391
9392
9397
9401
9402
9403
9436
9444
9449
9454
9477
9481
9501
9505
9507
9530
9536
9547
9548
9556
9564
9568
9577
9588
9603
9609
9613
9631
9637
9642
9666
9667
9701
9702
9715
9723
9745
9750
9778
9779
9791
9797
9801
9806
9829
9835
9836
9837
9853
9857
9864
9865
9904
9909
9914
9960
9969
9973
9991
10001
10003
10013
10054
10058
10063
10065
10071
10093
10094
10102
10104
10120
10130
10137
10138
10139
10156
10157
10174
10181
10220
10223
10225
10238
10239
10240
10251
10261
10270
10291
10292
10302
10311
10314
10318
10320
10329
10330
10341
10369
10373
10380
10382
10392
10394
10397
10416
10428
10449
10452
10477
10484
10490
10498
10504
10506
10508
10522
10524
10527
10530
10550
10553
10561
10600
10609
10612
10631
10632
10641
10642
10643
10652
10657
10673
10696
10717
10735
10746
10748
10750
10755
10760
10765
10789
10791
10820
10825
10830
10831
10833
10838
10846
10853
10858
10859
10863
10873
10874
10880
10886
10892
10895
10896
10898
10920
10922
10932
10939
10941
10942
10945
10952
10965
10987
11009
11022
11031
11037
11047
11049
11056
11070
11073
11081
11083
11108
11124
11130
11138
11140
11173
11176
11184
11192
11196
11201
11206
11217
11219
11220
11229
11237
11256
11257
11272
11285
11300
11304
11311
11341
11363
11381
11421
11423
11433
11446
11447
11467
11471
11484
11506
11515
11521
11574
11589
11596
11604
11605
11614
11628
11630
11647
11650
11652
11669
11672
11682
11683
11684
11705
11707
11718
11730
11733
11753
11760
11763
11774
11777
11783
11788
11810
11815
11842
11843
11853
11855
11858
11866
11877
11893
11909
11920
11939
11956
11972
11973
11978
11984
12004
12016
12028
12034
12036
12038
12044
12050
12052
12055
12058
12074
12083
12094
12137
12141
12146
12147
12167
12199
12207
12209
12215
12225
12227
12230
12242
12258
12265
12266
12276
12285
12299
12303
12308
12314
12320
12332
12333
12336
12346
12348
12356
12370
12393
12400
12429
12444
12465
12470
12471
12476
12478
12489
12498
12505
12517
12530
12534
12537
12551
12571
12581
12582
12583
12594
12600
12604
12618
12619
12620
12628
12635
12648
12660
12671
12674
12675
12680
12690
12708
12710
12713
12723
12727
12733
12734
12763
12767
12794
12833
12835
12846
12850
12876
12877
12906
12925
12929
12932
12936
12979
12986
12995
12997
12998
13005
13014
13018
13027
13028
13036
13039
13044
13052
13066
13068
13089
13091
13100
13102
13113
13121
13128
13131
13173
13176
13181
13188
13196
13199
13207
13219
13221
13223
13239
13240
13248
13253
13274
13288
13316
13319
13339
13349
13379
13385
13391
13392
13394
13396
13398
13415
13429
13436
13439
13455
13470
13472
13477
13478
13532
13538
13544
13548
13566
13597
13607
13618
13623
13625
13635
13645
13646
13672
13694
13702
13713
13717
13743
13748
13755
13760
13763
13771
13774
13775
13779
13781
13785
13788
13793
13806
13807
13816
13817
13823
13825
13841
13843
13848
13869
13893
13895
13904
13910
13929
13933
13935
13944
13945
13949
13957
13960
13988
14004
14005
14012
14013
14032
14055
14066
14073
14074
14086
14088
14098
14123
14128
14136
14143
14170
14189
14195
14205
14206
14207
14211
14220
14245
14277
14295
14326
14330
14335
14346
14348
14356
14361
14370
14374
14377
14387
14391
14393
14403
14406
14409
14412
14425
14426
14449
14461
14494
14503
14510
14513
14521
14525
14536
14538
14547
14548
14557
14576
14591
14593
14595
14602
14604
14614
14629
14640
14644
14648
14660
14668
14682
14701
14708
14719
14727
14728
14730
14756
14764
14769
14770
14775
14779
14794
14800
14814
14851
14857
14884
14891
14906
14907
14912
14935
14943
14945
14951
14959
14972
14979
14986
15011
15024
15054
15065
15090
15112
15135
15137
15147
15154
15175
15181
15204
15218
15220
15234
15240
15244
15245
15256
15265
15267
15280
15288
15306
15321
15333
15369
15370
15374
15398
15401
15402
15422
15441
15447
15450
15452
15464
15479
15480
15487
15495
15502
15506
15514
15518
15532
15548
15563
15569
15594
15605
15638
15675
15678
15686
15689
15702
15703
15710
15717
15722
15734
15749
15752
15765
15769
15773
15775
15779
15809
15814
15838
15844
15863
15864
15865
15871
15875
15881
15891
15904
15907
15924
15930
15942
15951
15958
15989
16001
16011
16033
16036
16043
16044
16050
16063
16069
16082
16093
16106
16139
16153
16155
16159
16167
16175
16176
16190
16193
16204
16231
16235
16238
16254
16256
16275
16281
16290
16319
16321
16333
16334
16341
16343
16349
16363
16364
16381
16386
16391
16394
16421
16422
16425
16440
16446
16448
16456
16457
16461
16465
16485
16491
16494
16502
16508
16523
16531
16541
16545
16555
16562
16579
16592
16614
16617
16644
16649
16655
16680
16719
16733
16740
16758
16761
16769
16791
16807
16809
16813
16829
16830
16833
16849
16861
16875
16887
16896
16906
16912
16913
16933
16946
16953
16961
16971
16980
16991
16994
16995
16997
17002
17047
17052
17087
17120
17128
17131
17147
17148
17166
17168
17188
17223
17235
17237
17247
17257
17271
17277
17289
17317
17322
17324
17334
17349
17360
17362
17406
17408
17421
17433
17434
17441
17452
17466
17467
17473
17505
17524
17525
17529
17563
17593
17595
17599
17624
17641
17669
17679
17703
17705
17713
17717
17734
17736
17743
17747
17748
17756
17761
17769
17770
17777
17787
17794
17795
17815
17820
17822
17824
17827
17830
17832
17858
17876
17939
17964
17968
17974
17983
17986
17992
18004
18007
18008
18042
18043
18048
18049
18070
18081
18092
18099
18100
18112
18122
18126
18153
18162
18164
18178
18185
18193
18195
18199
18202
18203
18207
18216
18225
18244
18248
18253
18259
18269
18272
18287
18304
18309
18330
18332
18335
18338
18341
18347
18373
18374
18376
18383
18386
18406
18426
18436
18446
18449
18462
18467
18475
18485
18503
18509
18524
18545
18564
18575
18587
18589
18607
18608
18609
18615
18627
18628
18630
18641
18642
18643
18650
18654
18659
18661
18671
18675
18679
18684
18689
18690
18692
18700
18701
18710
18734
18737
18793
18794
18798
18802
18813
18826
18838
18843
18844
18846
18858
18862
18878
18880
18909
18921
18931
18934
18941
18951
18955
18964
18965
18970
18992
19000
19006
19007
19049
19055
19061
19067
19072
19073
19088
19092
19098
19099
19101
19122
19125
19145
19149
19152
19173
19203
19212
19217
19219
19225
19230
19235
19241
19242
19254
19257
19258
19276
19291
19308
19309
19312
19313
19317
19328
19333
19369
19371
19379
19389
19406
19410
19419
19422
19431
19441
19461
19482
19485
19489
19496
19499
19502
19508
19516
19520
19522
19531
19533
19536
19562
19578
19581
19594
19599
19610
19621
19638
19639
19643
19647
19657
19688
19692
19697
19698
19722
19723
19726
19744
19748
19758
19759
19771
19779
19785
19801
19828
19829
19834
19844
19845
19860
19866
19888
19889
19919
19924
19942
19955
19958
19971
19972
20000
20017
20029
20030
20031
20036
20039
20066
20071
20075
20076
20118
20139
20143
20168
20171
20184
20194
20203
20214
20218
20276
20278
20280
20282
20289
20290
20292
20301
20305
20309
20311
20319
20331
20344
20347
20366
20443
20460
20463
20468
20472
20501
20532
20560
20561
20570
20585
20586
20592
20598
20608
20620
20626
20641
20650
20659
20671
20697
20703
20707
20712
20718
20722
20742
20744
20747
20760
20765
20787
20792
20807
20826
20827
20830
20838
20847
20848
20860
20866
20872
20881
20884
20887
20946
20952
20959
20966
20975
20978
20986
20992
21004
21006
21008
21017
21021
21056
21079
21086
21105
21149
21150
21153
21157
21173
21192
21199
21203
21206
21230
21248
21260
21266
21268
21269
21274
21277
21309
21382
21386
21407
21418
21421
21427
21428
21431
21456
21459
21465
21474
21479
21482
21485
21488
21491
21493
21510
21535
21537
21538
21541
21544
21551
21563
21564
21586
21602
21612
21626
21628
21632
21636
21639
21649
21652
21653
21654
21656
21699
21748
21794
21798
21800
21813
21824
21825
21836
21854
21860
21902
21904
21913
21929
21931
21943
21944
21948
21964
21968
21979
21996
22000
22059
22068
22084
22086
22093
22101
22108
22113
22139
22158
22161
22162
22183
22210
22212
22228
22244
22284
22296
22328
22349
22350
22381
22382
22383
22406
22421
22425
22429
22443
22444
22446
22453
22467
22469
22470
22474
22480
22485
22490
22494
22509
22513
22519
22521
22524
22532
22543
22560
22569
22574
22579
22586
22588
22591
22593
22602
22611
22617
22639
22645
22647
22666
22669
22673
22699
22703
22715
22719
22724
22731
22742
22743
22747
22769
22783
22791
22794
22807
22829
22855
22859
22861
22868
22897
22902
22905
22908
22914
22939
22940
22943
22950
22958
22973
23016
23050
23092
23106
23118
23134
23190
23192
23194
23211
23216
23217
23230
23234
23241
23242
23245
23250
23251
23264
23278
23297
23316
23327
23332
23334
23335
23343
23367
23372
23374
23379
23389
23394
23396
23397
23401
23404
23410
23414
23416
23418
23423
23438
23441
23444
23445
23456
23482
23484
23487
23490
23491
23492
23499
23503
23522
23531
23570
23575
23580
23598
23625
23628
23630
23646
23647
23698
23699
23708
23714
23732
23733
23741
23776
23782
23786
23787
23795
23796
23803
23806
23845
23855
23856
23867
23873
23874
23911
23916
23934
23954
23970
23979
24031
24041
24060
24064
24071
24079
24101
24103
24104
24129
24155
24158
24159
24177
24217
24231
24256
24266
24270
24274
24279
24281
24296
24297
24308
24332
24334
24374
24377
24389
24400
24407
24427
24430
24432
24456
24459
24462
24464
24467
24469
24489
24491
24496
24503
24538
24548
24563
24578
24600
24604
24610
24612
24625
24633
24639
24661
24666
24669
24683
24684
24720
24735
24745
24774
24775
24783
24787
24795
24812
24815
24820
24838
24856
24887
24890
24896
24902
24904
24913
24914
24926
24930
24941
24955
24982
24997
25008
25034
25041
25061
25081
25084
25085
25092
25095
25105
25112
25127
25134
25136
25141
25145
25173
25178
25184
25195
25197
25208
25219
25232
25250
25266
25277
25284
25293
25299
25314
25315
25322
25323
25345
25373
25382
25385
25393
25400
25413
25433
25436
25437
25448
25450
25452
25471
25477
25488
25498
25527
25530
25549
25552
25554
25555
25597
25634
25646
25648
25655
25660
25674
25684
25701
25707
25714
25723
25725
25726
25729
25732
25741
25753
25762
25769
25779
25821
25825
25827
25851
25853
25858
25868
25869
25871
25896
25903
25910
25913
25946
25954
25967
25977
25985
25986
25988
25998
26002
26006
26022
26034
26036
26065
26073
26078
26083
26098
26119
26144
26164
26175
26178
26201
26226
26232
26234
26248
26251
26257
26258
26267
26279
26285
26292
26300
26301
26307
26310
26311
26339
26349
26350
26364
26366
26373
26382
26385
26387
26396
26399
26405
26407
26414
26419
26422
26425
26443
26448
26450
26458
26469
26481
26484
26494
26500
26513
26521
26525
26527
26529
26539
26552
26582
26584
26586
26587
26600
26606
26614
26617
26621
26631
26636
26655
26662
26666
26670
26673
26674
26694
26706
26717
26721
26722
26747
26751
26752
26760
26787
26812
26819
26822
26825
26836
26842
26855
26864
26874
26876
26887
26905
26906
26914
26917
26936
26946
26959
26976
26978
26986
27031
27037
27039
27045
27055
27056
27069
27072
27089
27108
27111
27120
27125
27139
27147
27148
27151
27159
27182
27192
27199
27201
27209
27223
27230
27241
27248
27249
27262
27268
27270
27278
27297
27305
27318
27322
27324
27337
27338
27353
27362
27375
27391
27399
27428
27436
27448
27453
27457
27460
27462
27467
27469
27474
27496
27514
27517
27523
27525
27543
27552
27555
27561
27573
27577
27582
27586
27592
27596
27599
27609
27611
27649
27659
27667
27674
27688
27690
27704
27722
27723
27731
27737
27743
27744
27748
27750
27761
27765
27779
27783
27784
27792
27794
27797
27799
27800
27801
27803
27807
27816
27830
27847
27848
27850
27866
27869
27871
27880
27902
27904
27910
27928
27931
27941
27961
27971
27972
27973
27984
27988
27991
28001
28007
28008
28019
28032
28034
28036
28038
28041
28049
28055
28056
28060
28079
28085
28101
28107
28116
28136
28141
28155
28160
28175
28178
28184
28201
28213
28227
28248
28264
28276
28281
28298
28304
28313
28355
28360
28371
28390
28402
28406
28407
28410
28430
28438
28444
28465
28467
28474
28480
28484
28512
28533
28540
28542
28549
28551
28557
28558
28560
28592
28596
28607
28635
28639
28645
28649
28653
28694
28707
28724
28730
28737
28772
28781
28784
28791
28798
28814
28817
28832
28833
28834
28842
28858
28859
28862
28873
28889
28899
28900
28924
28929
28938
28946
28955
28996
29005
29008
29011
29014
29028
29051
29061
29062
29064
29066
29070
29074
29077
29082
29099
29113
29134
29142
29144
29152
29156
29157
29161
29166
29180
29207
29231
29240
29242
29259
29264
29265
29266
29268
29274
29277
29289
29290
29300
29307
29322
29325
29329
29330
29333
29345
29347
29358
29364
29370
29372
29380
29435
29442
29454
29469
29470
29471
29485
29495
29513
29529
29530
29531
29544
29547
29550
29575
29584
29596
29618
29619
29633
29640
29643
29672
29705
29707
29713
29732
29733
29764
29779
29784
29799
29838
29842
29847
29862
29875
29881
29892
29909
29917
29938
29943
29946
29957
29972
29980
29982
30008
30013
30015
30017
30020
30034
30040
30059
30064
30066
30067
30075
30077
30097
30114
30120
30128
30151
30162
30166
30171
30180
30182
30204
30209
30216
30233
30235
30238
30242
30244
30252
30254
30259
30267
30294
30310
30316
30330
30332
30342
30358
30365
30366
30368
30370
30380
30385
30403
30410
30413
30432
30443
30474
30485
30486
30498
30505
30527
30533
30548
30585
30591
30601
30603
30617
30639
30640
30652
30683
30691
30693
30698
30708
30731
30732
30738
30770
30776
30786
30788
30790
30806
30827
30834
30841
30847
30856
30861
30867
30869
30870
30876
30877
30878
30885
30902
30903
30904
30907
30920
30923
30936
30942
30949
30971
31004
31016
31020
31031
31034
31045
31052
31073
31096
31097
31098
31100
31103
31111
31122
31124
31126
31129
31134
31155
31159
31170
31176
31179
31180
31185
31190
31200
31219
31244
31247
31252
31264
31273
31286
31289
31311
31331
31340
31344
31363
31369
31371
31384
31391
31394
31407
31429
31433
31438
31439
31452
31454
31502
31522
31525
31566
31567
31569
31575
31576
31599
31605
31610
31614
31631
31636
31640
31642
31672
31703
31708
31713
31746
31753
31766
31768
31771
31782
31788
31800
31809
31814
31816
31832
31833
31834
31836
31839
31849
31880
31898
31922
31924
31926
31943
31947
31959
31968
31977
31984
32004
32013
32023
32024
32036
32050
32062
32064
32076
32099
32106
32110
32113
32133
32134
32135
32147
32155
32169
32170
32184
32195
32201
32216
32232
32236
32238
32239
32242
32249
32262
32264
32273
32277
32279
32290
32296
32307
32309
32315
32322
32332
32350
32353
32358
32360
32368
32371
32385
32386
32387
32399
32409
32414
32416
32432
32437
32454
32455
32461
32464
32476
32484
32492
32526
32533
32537
32559
32589
32594
32595
32610
32631
32642
32653
32654
32663
32672
32682
32713
32716
32734
32738
32744
32775
32778
32780
32790
32800
32801
32807
32819
32829
32852
32858
32880
32885
32889
32897
32903
32905
32915
32943
32951
32954
32963
32966
32968
32973
32995
33006
33013
33023
33026
33035
33043
33061
33062
33065
33068
33076
33078
33084
33085
33093
33095
33100
33118
33130
33139
33140
33144
33156
33178
33195
33211
33232
33237
33242
33246
33249
33251
33275
33278
33281
33284
33292
33296
33308
33310
33326
33342
33361
33377
33424
33437
33440
33451
33458
33476
33491
33493
33495
33512
33514
33521
33522
33525
33541
33548
33549
33552
33563
33575
33588
33591
33630
33637
33655
33668
33676
33680
33683
33708
33710
33713
33714
33718
33721
33722
33749
33769
33789
33794
33798
33805
33815
33817
33819
33821
33823
33873
33899
33901
33905
33916
33929
33934
33951
33952
33969
33978
33989
34001
34007
34009
34012
34018
34021
34025
34027
34036
34054
34057
34069
34072
34075
34084
34089
34093
34110
34112
34113
34115
34127
34131
34142
34153
34158
34159
34171
34174
34183
34186
34197
34205
34215
34226
34243
34252
34284
34298
34299
34325
34328
34341
34343
34376
34378
34397
34412
34413
34420
34430
34433
34440
34443
34451
34455
34460
34474
34482
34496
34509
34515
34522
34532
34534
34544
34552
34561
34571
34586
34587
34593
34597
34602
34618
34642
34647
34649
34660
34671
34687
34694
34696
34708
34718
34721
34735
34738
34746
34760
34766
34767
34769
34787
34790
34791
34795
34804
34805
34806
34809
34813
34816
34830
34840
34849
34856
34859
34870
34871
34876
34877
34880
34881
34883
34885
34889
34899
34907
34944
34969
34971
34973
34982
35000
35016
35018
35021
35028
35032
35044
35049
35064
35081
35083
35085
35097
35099
35122
35136
35140
35146
35156
35157
35180
35188
35206
35210
35212
35215
35216
35227
35231
35246
35248
35252
35254
35258
35272
35275
35280
35299
35303
35306
35329
35357
35366
35379
35390
35402
35405
35408
35442
35486
35493
35496
35505
35520
35542
35571
35578
35579
35594
35609
35614
35628
35635
35639
35643
35651
35653
35674
35692
35708
35721
35730
35735
35748
35750
35755
35758
35802
35803
35813
35814
35822
35823
35830
35857
35862
35863
35869
35875
35881
35915
35930
35935
35954
35959
35963
35968
35977
36004
36020
36021
36024
36027
36046
36061
36071
36073
36081
36090
36093
36095
36103
36120
36127
36137
36138
36154
36156
36163
36170
36177
36183
36189
36193
36205
36210
36212
36213
36218
36225
36241
36243
36258
36261
36271
36278
36317
36320
36352
36357
36365
36369
36372
36376
36386
36393
36420
36428
36431
36435
36436
36455
36458
36478
36480
36485
36487
36494
36527
36549
36550
36555
36556
36558
36560
36574
36582
36609
36616
36638
36646
36651
36654
36682
36683
36699
36718
36721
36736
36748
36775
36792
36794
36798
36801
36811
36817
36823
36836
36853
36862
36868
36871
36887
36897
36901
36918
36929
36930
36933
36940
36945
36948
36957
36958
36961
36975
36980
36982
36990
37043
37050
37059
37062
37078
37079
37082
37087
37098
37103
37139
37140
37148
37151
37167
37171
37182
37190
37219
37230
37236
37237
37251
37255
37256
37263
37272
37295
37299
37309
37330
37376
37393
37404
37419
37433
37435
37436
37445
37462
37467
37503
37548
37556
37568
37586
37595
37600
37605
37606
37611
37640
37655
37661
37677
37684
37692
37694
37696
37713
37719
37720
37731
37733
37737
37752
37763
37811
37813
37815
37839
37841
37842
37843
37856
37862
37863
37868
37873
37878
37888
37905
37906
37907
37921
37923
37928
37936
37946
37953
37957
37961
37962
37979
37981
37991
37998
38016
38017
38026
38036
38038
38047
38052
38073
38120
38124
38140
38162
38164
38168
38169
38194
38225
38226
38228
38233
38237
38238
38282
38292
38300
38311
38326
38344
38351
38354
38366
38369
38371
38416
38420
38431
38454
38458
38464
38465
38468
38474
38476
38480
38482
38484
38492
38528
38542
38549
38550
38554
38586
38592
38608
38619
38647
38689
38701
38702
38706
38707
38718
38719
38730
38732
38733
38735
38751
38759
38767
38773
38776
38781
38787
38813
38814
38815
38824
38843
38855
38870
38873
38890
38899
38923
38928
38947
38949
38950
38967
38968
38979
38980
38998
39008
39026
39029
39067
39085
39093
39115
39129
39136
39142
39153
39170
39174
39179
39187
39191
39210
39214
39233
39235
39261
39268
39276
39278
39279
39285
39289
39290
39299
39302
39312
39320
39326
39337
39342
39356
39377
39378
39380
39381
39394
39410
39435
39440
39441
39445
39451
39453
39456
39457
39459
39470
39478
39497
39507
39522
39529
39537
39539
39545
39555
39561
39566
39572
39576
39581
39586
39589
39590
39592
39626
39637
39641
39645
39652
39664
39669
39684
39693
39709
39715
39719
39734
39745
39750
39751
39756
39769
39770
39772
39784
39805
39808
39817
39818
39826
39829
39834
39835
39849
39854
39856
39873
39887
39901
39906
39919
39925
39935
39968
39976
39979
39992
40017
40019
40042
40050
40058
40075
40080
40120
40135
40137
40138
40145
40147
40150
40160
40176
40178
40179
40210
40216
40242
40243
40262
40277
40298
40304
40308
40310
40314
40322
40328
40330
40333
40334
40349
40358
40360
40366
40376
40377
40389
40409
40414
40416
40429
40443
40452
40453
40457
40466
40477
40503
40514
40517
40531
40545
40559
40580
40583
40589
40593
40594
40610
40619
40620
40621
40625
40639
40678
40681
40686
40733
40745
40747
40752
40790
40801
40810
40816
40819
40821
40822
40836
40839
40851
40861
40866
40880
40904
40913
40920
40926
40933
40939
40942
40952
40966
40976
40979
40994
41017
41023
41034
41047
41048
41054
41056
41082
41083
41088
41108
41117
41121
41124
41158
41168
41175
41187
41205
41208
41214
41222
41249
41258
41260
41262
41272
41277
41287
41315
41318
41352
41357
41362
41368
41400
41404
41408
41419
41422
41425
41428
41449
41452
41453
41459
41477
41483
41487
41526
41539
41561
41562
41577
41582
41585
41597
41598
41602
41651
41655
41660
41664
41674
41682
41686
41687
41697
41707
41710
41712
41732
41733
41737
41738
41741
41769
41795
41812
41829
41847
41854
41860
41891
41894
41899
41908
41909
41917
41922
41934
41940
41961
41964
41967
41971
41979
41985
41990
41993
41997
42001
42007
42010
42016
42017
42018
42026
42027
42031
42054
42067
42072
42091
42105
42113
42115
42116
42126
42130
42136
42143
42161
42167
42169
42173
42175
42184
42197
42198
42208
42224
42228
42233
42243
42248
42253
42266
42270
42274
42277
42321
42356
42361
42365
42380
42381
42391
42400
42423
42428
42436
42451
42454
42459
42473
42489
42504
42513
42514
42550
42564
42571
42572
42583
42586
42613
42618
42620
42621
42625
42637
42640
42641
42656
42659
42662
42679
42695
42696
42700
42723
42730
42732
42733
42737
42749
42751
42754
42772
42780
42784
42797
42798
42802
42809
42810
42812
42815
42819
42822
42840
42841
42868
42881
42883
42917
42918
42933
42936
42943
42954
42956
42974
42994
43028
43033
43039
43041
43048
43049
43050
43072
43081
43084
43095
43119
43126
43134
43138
43150
43171
43181
43192
43197
43198
43202
43207
43217
43219
43222
43236
43237
43240
43251
43252
43256
43270
43279
43295
43300
43342
43355
43375
43377
43382
43404
43409
43410
43413
43423
43435
43465
43474
43476
43486
43497
43500
43506
43507
43509
43511
43540
43546
43547
43561
43565
43573
43581
43588
43596
43599
43618
43628
43694
43705
43737
43761
43765
43779
43782
43814
43833
43838
43842
43843
43851
43856
43860
43874
43883
43895
43902
43903
43906
43909
43913
43925
43933
43940
43948
43954
43956
43970
43972
43981
43989
43994
44001
44011
44020
44021
44027
44043
44052
44063
44070
44072
44085
44111
44123
44125
44156
44161
44165
44169
44178
44195
44196
44198
44199
44201
44204
44205
44219
44223
44239
44243
44296
44319
44335
44341
44344
44346
44348
44349
44356
44369
44388
44392
44412
44422
44429
44430
44448
44453
44460
44472
44476
44477
44494
44499
44503
44510
44512
44547
44555
44560
44589
44591
44599
44606
44607
44617
44634
44641
44642
44647
44648
44661
44697
44700
44702
44705
44711
44720
44725
44730
44744
44746
44753
44775
44785
44809
44816
44819
44824
44832
44833
44834
44851
44882
44888
44893
44896
44907
44909
44924
44936
44946
44948
44961
44965
44973
44981
44999
45025
45043
45047
45054
45060
45066
45091
45092
45097
45104
45119
45157
45165
45168
45182
45198
45204
45225
45235
45247
45253
45271
45274
45275
45284
45286
45292
45323
45335
45375
45376
45412
45421
45437
45440
45455
45472
45473
45493
45518
45523
45537
45545
45546
45562
45566
45593
45598
45608
45621
45641
45657
45660
45679
45693
45711
45717
45719
45726
45732
45744
45747
45756
45760
45774
45781
45785
45832
45840
45842
45851
45860
45873
45889
45893
45895
45900
45911
45924
45927
45931
45941
45946
45951
45952
45955
45977
45994
46013
46014
46030
46035
46055
46063
46069
46092
46094
46101
46112
46124
46132
46145
46157
46164
46169
46174
46210
46225
46226
46246
46250
46261
46267
46270
46276
46309
46310
46333
46341
46343
46347
46351
46366
46373
46379
46383
46394
46409
46454
46465
46469
46483
46508
46518
46566
46570
46577
46615
46626
46628
46631
46636
46653
46659
46663
46666
46668
46672
46712
46718
46721
46731
46735
46738
46748
46759
46779
46780
46783
46785
46793
46813
46847
46849
46852
46865
46866
46872
46887
46890
46899
46902
46907
46909
46923
46929
46964
46998
47002
47007
47028
47076
47080
47090
47093
47113
47117
47118
47147
47148
47154
47164
47167
47169
47187
47190
47193
47206
47207
47228
47264
47282
47288
47289
47298
47304
47316
47319
47343
47357
47364
47421
47423
47431
47435
47438
47441
47442
47445
47451
47455
47461
47473
47476
47488
47493
47496
47512
47515
47517
47521
47533
47539
47543
47550
47551
47593
47611
47618
47643
47650
47654
47656
47662
47678
47703
47710
47719
47739
47775
47778
47799
47801
47803
47818
47819
47824
47828
47833
47837
47846
47849
47854
47864
47869
47873
47883
47885
47908
47922
47946
47953
47971
47974
47995
48010
48012
48017
48058
48075
48080
48092
48097
48099
48100
48113
48127
48136
48148
48152
48154
48181
48186
48191
48197
48198
48236
48248
48258
48263
48268
48269
48287
48292
48300
48324
48327
48329
48335
48336
48346
48350
48366
48368
48369
48391
48404
48443
48463
48471
48472
48491
48493
48522
48524
48528
48529
48533
48536
48541
48550
48564
48570
48584
48603
48610
48615
48628
48630
48641
48642
48645
48659
48676
48716
48729
48743
48744
48768
48779
48788
48794
48801
48822
48827
48835
48836
48850
48855
48856
48859
48862
48871
48913
48916
48925
48949
48953
48963
48965
48980
48985
48989
49005
49009
49030
49033
49060
49085
49086
49087
49090
49095
49100
49114
49122
49141
49152
49163
49165
49167
49183
49193
49208
49212
49217
49221
49238
49260
49278
49281
49302
49304
49309
49312
49323
49328
49335
49337
49342
49348
49354
49355
49376
49378
49388
49399
49400
49405
49411
49419
49423
49427
49445
49462
49464
49470
49483
49496
49500
49502
49518
49521
49527
49549
49558
49574
49587
49589
49590
49594
49600
49602
49605
49609
49618
49626
49644
49651
49661
49672
49674
49678
49690
49739
49743
49745
49746
49771
49787
49802
49807
49810
49813
49834
49838
49842
49844
49845
49851
49876
49887
49900
49902
49918
49919
49927
49937
49975
49979
49994
49996
49998
50010
50019
50026
50034
50052
50057
50078
50080
50104
50108
50111
50122
50124
50133
50140
50143
50159
50162
50168
50173
50177
50178
50180
50196
50197
50201
50206
50209
50213
50229
50240
50244
50258
50260
50262
50267
50268
50298
50299
50304
50310
50312
50315
50321
50324
50330
50355
50357
50359
50380
50384
50391
50396
50397
50405
50406
50426
50463
50471
50472
50480
50481
50487
50517
50523
50541
50559
50566
50589
50594
50596
50608
50614
50616
50617
50634
50639
50653
50655
50660
50699
50716
50718
50723
50727
50729
50742
50749
50756
50760
50769
50772
50775
50785
50789
50790
50793
50794
50803
50806
50807
50809
50815
50817
50822
50838
50844
50852
50862
50872
50884
50887
50919
50933
50961
50971
50985
50987
51003
51006
51016
51026
51042
51043
51050
51052
51053
51069
51080
51100
51106
51116
51118
51121
51122
51138
51144
51145
51157
51160
51164
51166
51171
51189
51203
51208
51219
51220
51223
51229
51244
51275
51299
51300
51310
51331
51362
51365
51370
51382
51388
51392
51393
51401
51407
51414
51437
51446
51461
51469
51485
51514
51515
51521
51533
51534
51544
51550
51554
51585
51593
51595
51606
51610
51611
51617
51626
51639
51660
51669
51670
51683
51686
51688
51701
51714
51743
51757
51774
51779
51789
51799
51810
51812
51829
51830
51847
51857
51859
51863
51868
51895
51907
51927
51929
51935
51940
51944
51949
51957
51973
51976
51992
51996
52021
52043
52046
52077
52085
52091
52106
52108
52109
52116
52126
52135
52136
52137
52171
52175
52195
52222
52234
52239
52243
52244
52264
52279
52283
52284
52302
52310
52319
52324
52341
52346
52350
52359
52362
52371
52378
52380
52381
52395
52397
52403
52407
52424
52434
52435
52440
52445
52448
52449
52450
52454
52456
52468
52472
52480
52483
52495
52502
52512
52514
52521
52538
52559
52572
52588
52593
52604
52613
52615
52631
52640
52655
52659
52669
52680
52696
52713
52719
52732
52733
52734
52740
52741
52744
52746
52769
52788
52799
52800
52813
52838
52852
52855
52892
52928
52932
52943
52944
52956
52961
52973
52978
52985
52989
52998
53001
53003
53004
53021
53031
53034
53051
53061
53072
53075
53078
53080
53081
53084
53147
53148
53156
53157
53174
53188
53204
53210
53222
53234
53241
53256
53262
53264
53269
53275
53291
53295
53298
53306
53310
53327
53334
53342
53346
53347
53373
53382
53397
53403
53405
53408
53409
53418
53419
53424
53429
53446
53451
53459
53462
53485
53493
53495
53510
53513
53527
53528
53538
53556
53557
53563
53572
53574
53610
53618
53630
53636
53639
53658
53675
53677
53683
53685
53696
53702
53708
53710
53712
53718
53735
53742
53752
53755
53782
53787
53804
53808
53828
53832
53835
53855
53861
53862
53866
53882
53884
53885
53887
53900
53903
53915
53926
53928
53944
53951
53968
53981
53983
53986
53989
54009
54015
54041
54058
54059
54069
54084
54091
54093
54097
54109
54130
54138
54139
54169
54186
54200
54209
54210
54232
54235
54239
54242
54250
54254
54258
54261
54278
54290
54293
54328
54329
54336
54353
54357
54384
54399
54406
54415
54456
54464
54472
54508
54510
54539
54547
54556
54557
54565
54569
54572
54574
54582
54590
54597
54640
54653
54663
54677
54686
54688
54698
54699
54701
54715
54741
54744
54778
54781
54787
54801
54806
54827
54841
54850
54854
54861
54862
54868
54878
54880
54882
54888
54895
54924
54925
54943
54945
54999
55006
55016
55028
55037
55039
55056
55076
55080
55086
55097
55098
55108
55123
55125
55126
55131
55132
55139
55153
55161
55167
55174
55177
55188
55193
55195
55205
55213
55216
55218
55222
55225
55262
55265
55280
55311
55313
55315
55316
55322
55324
55327
55385
55387
55393
55394
55403
55408
55415
55426
55447
55456
55470
55477
55511
55520
55526
55546
55549
55550
55551
55559
55560
55573
55586
55592
55594
55624
55627
55639
55659
55692
55705
55719
55723
55727
55741
55757
55758
55780
55781
55787
55791
55796
55797
55798
55799
55801
55802
55803
55820
55823
55831
55855
55862
55909
55910
55922
55924
55927
55931
55957
55963
55967
55971
55978
55979
55980
55998
56001
56006
56007
56024
56046
56047
56061
56095
56114
56123
56135
56150
56151
56160
56179
56182
56209
56221
56234
56251
56263
56265
56271
56283
56295
56313
56325
56329
56354
56358
56360
56363
56365
56367
56375
56381
56388
56399
56402
56405
56431
56435
56446
56449
56452
56453
56454
56477
56497
56521
56523
56533
56539
56540
56541
56562
56567
56586
56597
56602
56621
56628
56643
56646
56655
56679
56690
56709
56710
56713
56719
56726
56735
56742
56745
56759
56770
56787
56792
56798
56801
56808
56816
56818
56827
56843
56873
56877
56880
56893
56900
56901
56904
56907
56914
56922
56925
56931
56936
56944
56945
56963
56966
56983
56984
57004
57005
57011
57019
57034
57058
57059
57061
57062
57064
57088
57099
57109
57134
57140
57143
57149
57151
57163
57164
57168
57173
57196
57207
57208
57214
57231
57232
57238
57244
57258
57263
57271
57287
57296
57297
57310
57331
57333
57345
57355
57359
57368
57380
57415
57420
57424
57444
57452
57456
57461
57477
57481
57497
57504
57509
57520
57529
57537
57545
57550
57569
57573
57592
57593
57595
57609
57612
57617
57632
57646
57649
57657
57663
57667
57671
57674
57683
57685
57695
57725
57727
57729
57736
57738
57763
57774
57777
57785
57788
57807
57814
57824
57829
57852
57876
57883
57917
57921
57934
57939
57943
57944
57950
57954
57960
57974
57981
57986
57988
57999
58012
58014
58036
58037
58056
58068
58078
58079
58088
58090
58096
58097
58109
58118
58119
58121
58129
58149
58153
58159
58160
58166
58167
58172
58211
58220
58228
58239
58242
58248
58272
58276
58281
58299
58315
58328
58331
58339
58346
58368
58369
58372
58376
58393
58412
58416
58418
58419
58422
58424
58426
58428
58435
58441
58447
58451
58457
58463
58472
58498
58507
58508
58514
58528
58542
58550
58551
58559
58565
58579
58581
58586
58591
58604
58606
58609
58610
58612
58620
58644
58647
58652
58656
58660
58678
58679
58683
58695
58703
58710
58716
58720
58779
58781
58783
58789
58798
58807
58829
58842
58856
58866
58883
58902
58926
58950
58955
58961
58969
58973
58975
58990
58991
59024
59025
59031
59048
59051
59054
59063
59065
59075
59079
59097
59116
59121
59131
59134
59136
59146
59153
59160
59166
59181
59182
59188
59195
59204
59225
59226
59228
59242
59247
59260
59263
59267
59281
59285
59286
59288
59291
59292
59293
59305
59329
59350
59353
59354
59359
59360
59402
59419
59420
59424
59433
59465
59470
59471
59507
59520
59522
59534
59539
59553
59557
59597
59601
59622
59645
59647
59665
59671
59673
59696
59719
59729
59735
59739
59745
59748
59751
59770
59782
59789
59812
59814
59818
59822
59826
59843
59845
59848
59855
59856
59858
59859
59880
59898
59901
59940
59950
59970
59974
59982
59988
59990
59998
59999
