0.0000000000000000000000000000000000000000000000000000000000000000000000000000000000000000000000000000
0.0000000000000000000000000000000000000000000000000000000000000000000000000000000000000000000000000000
0.0000000000000000000000000000000000000000000000000000000000000000000000000000000000000000000000000000
0.0000000000000000000000000000000000000000000000000000000000000000000000000000000000000000000000000000
0.0000000000000000000000000000000000000000000000000000000000000000000000000000000000000000000000000000
0.0000000000000000000000000000000000000000000000000000000000000000000000000000000000000000000000000000
0.0000000000000000000000000000000000000000000000000000000000000000000000000000000000000000000000000000
0.0000000000000000000000000000000000000000000000000000000000000000000000000000000000000000000000000000
0.0000000000000000000000000000000000000000000000000000000000000000000000000000000000000000000000000000
0.0000000000000000000000000000000000000000000000000000000000000000000000000000000000000000000000000000
0.0000000000000000000000000000000000000000000000000000000000000000000000000000000000000000000000000000
0.0000000000000000000000000000000000000000000000000000000000000000000000000000000000000000000000000000
0.0000000000000000000000000000000000000000000000000000000000000000000000000000000000000000000000000000
0.0000000000000000000000000000000000000000000000000000000000000000000000000000000000000000000000000000
0.0000000000000000000000000000000000000000000000000000000000000000000000000000000000000000000000000000
0.0000000000000000000000000000000000000000000000000000000000000000000000000000000000000000000000000000
0.0000000000000000000000000000000000000000000000000000000000000000000000000000000000000000000000000000
0.0000000000000000000000000000000000000000000000000000000000000000000000000000000000000000000000000000
0.0000000000000000000000000000000000000000000000000000000000000000000000000000000000000000000000000000
0.0000000000000000000000000000000000000000000000000000000000000000000000000000000000000000000000000000
0.0000000000000000000000000000000000000000000000000000000000000000000000000000000000000000000000000000
0.1843945953036877638542279100875020958483219146728515625000000000000000000000000000000000000000000000
0.0000000000000000000000000000000000000000000000000000000000000000000000000000000000000000000000000000
0.0000000000000000000000000000000000000000000000000000000000000000000000000000000000000000000000000000
0.0000000000000000000000000000000000000000000000000000000000000000000000000000000000000000000000000000
0.0000000000000000000000000000000000000000000000000000000000000000000000000000000000000000000000000000
0.0000000000000000000000000000000000000000000000000000000000000000000000000000000000000000000000000000
0.0000000000000000000000000000000000000000000000000000000000000000000000000000000000000000000000000000
0.0000000000000000000000000000000000000000000000000000000000000000000000000000000000000000000000000000
0.0000000000000000000000000000000000000000000000000000000000000000000000000000000000000000000000000000
0.0000000000000000000000000000000000000000000000000000000000000000000000000000000000000000000000000000
0.0000000000000000000000000000000000000000000000000000000000000000000000000000000000000000000000000000
0.0000000000000000000000000000000000000000000000000000000000000000000000000000000000000000000000000000
0.0000000000000000000000000000000000000000000000000000000000000000000000000000000000000000000000000000
0.0151580742489833397018683669443817052524536848068237304687500000000000000000000000000000000000000000
0.0000000000000000000000000000000000000000000000000000000000000000000000000000000000000000000000000000
0.0000000000000000000000000000000000000000000000000000000000000000000000000000000000000000000000000000
0.0000000000000000000000000000000000000000000000000000000000000000000000000000000000000000000000000000
0.0000000000000000000000000000000000000000000000000000000000000000000000000000000000000000000000000000
0.0000000000000000000000000000000000000000000000000000000000000000000000000000000000000000000000000000
0.0000000000000000000000000000000000000000000000000000000000000000000000000000000000000000000000000000
0.0000000000000000000000000000000000000000000000000000000000000000000000000000000000000000000000000000
0.0000000000000000000000000000000000000000000000000000000000000000000000000000000000000000000000000000
0.0000000000000000000000000000000000000000000000000000000000000000000000000000000000000000000000000000
0.0000000000000000000000000000000000000000000000000000000000000000000000000000000000000000000000000000
0.0000000000000000000000000000000000000000000000000000000000000000000000000000000000000000000000000000
0.0000000000000000000000000000000000000000000000000000000000000000000000000000000000000000000000000000
0.0000000000000000000000000000000000000000000000000000000000000000000000000000000000000000000000000000
0.0000000000000000000000000000000000000000000000000000000000000000000000000000000000000000000000000000
0.0000000000000000000000000000000000000000000000000000000000000000000000000000000000000000000000000000
0.0000000000000000000000000000000000000000000000000000000000000000000000000000000000000000000000000000
0.0000000000000000000000000000000000000000000000000000000000000000000000000000000000000000000000000000
0.0000000000000000000000000000000000000000000000000000000000000000000000000000000000000000000000000000
0.0000000000000000000000000000000000000000000000000000000000000000000000000000000000000000000000000000
0.0000000000000000000000000000000000000000000000000000000000000000000000000000000000000000000000000000
0.0000000000000000000000000000000000000000000000000000000000000000000000000000000000000000000000000000
0.0136363636363636426401813039888111234176903963088989257812500000000000000000000000000000000000000000
0.0000000000000000000000000000000000000000000000000000000000000000000000000000000000000000000000000000
0.0000000000000000000000000000000000000000000000000000000000000000000000000000000000000000000000000000
0.0000000000000000000000000000000000000000000000000000000000000000000000000000000000000000000000000000
0.0000000000000000000000000000000000000000000000000000000000000000000000000000000000000000000000000000
0.0000000000000000000000000000000000000000000000000000000000000000000000000000000000000000000000000000
0.0000000000000000000000000000000000000000000000000000000000000000000000000000000000000000000000000000
0.0000000000000000000000000000000000000000000000000000000000000000000000000000000000000000000000000000
0.0000000000000000000000000000000000000000000000000000000000000000000000000000000000000000000000000000
0.0000000000000000000000000000000000000000000000000000000000000000000000000000000000000000000000000000
0.0000000000000000000000000000000000000000000000000000000000000000000000000000000000000000000000000000
0.0000000000000000000000000000000000000000000000000000000000000000000000000000000000000000000000000000
0.0000000000000000000000000000000000000000000000000000000000000000000000000000000000000000000000000000
0.0000000000000000000000000000000000000000000000000000000000000000000000000000000000000000000000000000
0.0000000000000000000000000000000000000000000000000000000000000000000000000000000000000000000000000000
0.0000000000000000000000000000000000000000000000000000000000000000000000000000000000000000000000000000
0.0000000000000000000000000000000000000000000000000000000000000000000000000000000000000000000000000000
0.0000000000000000000000000000000000000000000000000000000000000000000000000000000000000000000000000000
0.0000000000000000000000000000000000000000000000000000000000000000000000000000000000000000000000000000
0.0000000000000000000000000000000000000000000000000000000000000000000000000000000000000000000000000000
0.0000000000000000000000000000000000000000000000000000000000000000000000000000000000000000000000000000
0.0000000000000000000000000000000000000000000000000000000000000000000000000000000000000000000000000000
0.0000000000000000000000000000000000000000000000000000000000000000000000000000000000000000000000000000
0.0000000000000000000000000000000000000000000000000000000000000000000000000000000000000000000000000000
0.0000000000000000000000000000000000000000000000000000000000000000000000000000000000000000000000000000
0.0000000000000000000000000000000000000000000000000000000000000000000000000000000000000000000000000000
0.0000000000000000000000000000000000000000000000000000000000000000000000000000000000000000000000000000
0.0000000000000000000000000000000000000000000000000000000000000000000000000000000000000000000000000000
0.0000000000000000000000000000000000000000000000000000000000000000000000000000000000000000000000000000
0.0000000000000000000000000000000000000000000000000000000000000000000000000000000000000000000000000000
0.0000000000000000000000000000000000000000000000000000000000000000000000000000000000000000000000000000
0.0000000000000000000000000000000000000000000000000000000000000000000000000000000000000000000000000000
0.0000000000000000000000000000000000000000000000000000000000000000000000000000000000000000000000000000
0.0044929817657090379001694202543149003759026527404785156250000000000000000000000000000000000000000000
0.0000000000000000000000000000000000000000000000000000000000000000000000000000000000000000000000000000
0.0000000000000000000000000000000000000000000000000000000000000000000000000000000000000000000000000000
0.0000000000000000000000000000000000000000000000000000000000000000000000000000000000000000000000000000
0.1862127771218696214994281490362482145428657531738281250000000000000000000000000000000000000000000000
0.0000000000000000000000000000000000000000000000000000000000000000000000000000000000000000000000000000
0.0000000000000000000000000000000000000000000000000000000000000000000000000000000000000000000000000000
0.0000000000000000000000000000000000000000000000000000000000000000000000000000000000000000000000000000
0.0000000000000000000000000000000000000000000000000000000000000000000000000000000000000000000000000000
0.1879758625213186762348271940936683677136898040771484375000000000000000000000000000000000000000000000
0.0000000000000000000000000000000000000000000000000000000000000000000000000000000000000000000000000000
0.0000000000000000000000000000000000000000000000000000000000000000000000000000000000000000000000000000
0.0000000000000000000000000000000000000000000000000000000000000000000000000000000000000000000000000000
0.0000000000000000000000000000000000000000000000000000000000000000000000000000000000000000000000000000
0.0000000000000000000000000000000000000000000000000000000000000000000000000000000000000000000000000000
0.0000000000000000000000000000000000000000000000000000000000000000000000000000000000000000000000000000
0.0000000000000000000000000000000000000000000000000000000000000000000000000000000000000000000000000000
0.0000000000000000000000000000000000000000000000000000000000000000000000000000000000000000000000000000
0.0000000000000000000000000000000000000000000000000000000000000000000000000000000000000000000000000000
0.0000000000000000000000000000000000000000000000000000000000000000000000000000000000000000000000000000
0.0000000000000000000000000000000000000000000000000000000000000000000000000000000000000000000000000000
0.0000000000000000000000000000000000000000000000000000000000000000000000000000000000000000000000000000
0.0000000000000000000000000000000000000000000000000000000000000000000000000000000000000000000000000000
0.0000000000000000000000000000000000000000000000000000000000000000000000000000000000000000000000000000
0.0000000000000000000000000000000000000000000000000000000000000000000000000000000000000000000000000000
0.0000000000000000000000000000000000000000000000000000000000000000000000000000000000000000000000000000
0.0038436311163583892006045950040515890577808022499084472656250000000000000000000000000000000000000000
0.0000000000000000000000000000000000000000000000000000000000000000000000000000000000000000000000000000
0.0000000000000000000000000000000000000000000000000000000000000000000000000000000000000000000000000000
0.0000000000000000000000000000000000000000000000000000000000000000000000000000000000000000000000000000
0.0000000000000000000000000000000000000000000000000000000000000000000000000000000000000000000000000000
0.0000000000000000000000000000000000000000000000000000000000000000000000000000000000000000000000000000
0.0000000000000000000000000000000000000000000000000000000000000000000000000000000000000000000000000000
0.0000000000000000000000000000000000000000000000000000000000000000000000000000000000000000000000000000
0.0000000000000000000000000000000000000000000000000000000000000000000000000000000000000000000000000000
0.0000000000000000000000000000000000000000000000000000000000000000000000000000000000000000000000000000
0.0000000000000000000000000000000000000000000000000000000000000000000000000000000000000000000000000000
0.0000000000000000000000000000000000000000000000000000000000000000000000000000000000000000000000000000
0.0000000000000000000000000000000000000000000000000000000000000000000000000000000000000000000000000000
0.0005116096025186934667661198261612298665568232536315917968750000000000000000000000000000000000000000
0.0000000000000000000000000000000000000000000000000000000000000000000000000000000000000000000000000000
0.0000000000000000000000000000000000000000000000000000000000000000000000000000000000000000000000000000
0.0000000000000000000000000000000000000000000000000000000000000000000000000000000000000000000000000000
0.0000000000000000000000000000000000000000000000000000000000000000000000000000000000000000000000000000
0.0000000000000000000000000000000000000000000000000000000000000000000000000000000000000000000000000000
0.0000000000000000000000000000000000000000000000000000000000000000000000000000000000000000000000000000
0.0000000000000000000000000000000000000000000000000000000000000000000000000000000000000000000000000000
0.0000000000000000000000000000000000000000000000000000000000000000000000000000000000000000000000000000
0.0000000000000000000000000000000000000000000000000000000000000000000000000000000000000000000000000000
0.0000000000000000000000000000000000000000000000000000000000000000000000000000000000000000000000000000
0.0000000000000000000000000000000000000000000000000000000000000000000000000000000000000000000000000000
0.0000000000000000000000000000000000000000000000000000000000000000000000000000000000000000000000000000
0.2040915650006576154140702783479355275630950927734375000000000000000000000000000000000000000000000000
0.0000000000000000000000000000000000000000000000000000000000000000000000000000000000000000000000000000
0.0000000000000000000000000000000000000000000000000000000000000000000000000000000000000000000000000000
0.0000000000000000000000000000000000000000000000000000000000000000000000000000000000000000000000000000
0.0000000000000000000000000000000000000000000000000000000000000000000000000000000000000000000000000000
0.0000000000000000000000000000000000000000000000000000000000000000000000000000000000000000000000000000
0.0000000000000000000000000000000000000000000000000000000000000000000000000000000000000000000000000000
0.0000000000000000000000000000000000000000000000000000000000000000000000000000000000000000000000000000
0.0000000000000000000000000000000000000000000000000000000000000000000000000000000000000000000000000000
0.0000000000000000000000000000000000000000000000000000000000000000000000000000000000000000000000000000
0.0000000000000000000000000000000000000000000000000000000000000000000000000000000000000000000000000000
0.0000000000000000000000000000000000000000000000000000000000000000000000000000000000000000000000000000
0.0000000000000000000000000000000000000000000000000000000000000000000000000000000000000000000000000000
0.0097468188377279295353527999168363749049603939056396484375000000000000000000000000000000000000000000
0.0000000000000000000000000000000000000000000000000000000000000000000000000000000000000000000000000000
0.0000000000000000000000000000000000000000000000000000000000000000000000000000000000000000000000000000
0.0000000000000000000000000000000000000000000000000000000000000000000000000000000000000000000000000000
0.0000000000000000000000000000000000000000000000000000000000000000000000000000000000000000000000000000
0.0000000000000000000000000000000000000000000000000000000000000000000000000000000000000000000000000000
0.0000000000000000000000000000000000000000000000000000000000000000000000000000000000000000000000000000
0.0000000000000000000000000000000000000000000000000000000000000000000000000000000000000000000000000000
0.0000000000000000000000000000000000000000000000000000000000000000000000000000000000000000000000000000
0.0024006296733569462004131978005716518964618444442749023437500000000000000000000000000000000000000000
0.0000000000000000000000000000000000000000000000000000000000000000000000000000000000000000000000000000
0.0000000000000000000000000000000000000000000000000000000000000000000000000000000000000000000000000000
0.0000000000000000000000000000000000000000000000000000000000000000000000000000000000000000000000000000
0.0000000000000000000000000000000000000000000000000000000000000000000000000000000000000000000000000000
0.0000000000000000000000000000000000000000000000000000000000000000000000000000000000000000000000000000
0.0000000000000000000000000000000000000000000000000000000000000000000000000000000000000000000000000000
0.0000000000000000000000000000000000000000000000000000000000000000000000000000000000000000000000000000
0.0000000000000000000000000000000000000000000000000000000000000000000000000000000000000000000000000000
0.0000000000000000000000000000000000000000000000000000000000000000000000000000000000000000000000000000
0.0000000000000000000000000000000000000000000000000000000000000000000000000000000000000000000000000000
0.0000000000000000000000000000000000000000000000000000000000000000000000000000000000000000000000000000
0.0000000000000000000000000000000000000000000000000000000000000000000000000000000000000000000000000000
0.0000000000000000000000000000000000000000000000000000000000000000000000000000000000000000000000000000
0.0000000000000000000000000000000000000000000000000000000000000000000000000000000000000000000000000000
0.0000000000000000000000000000000000000000000000000000000000000000000000000000000000000000000000000000
0.0000000000000000000000000000000000000000000000000000000000000000000000000000000000000000000000000000
0.0000000000000000000000000000000000000000000000000000000000000000000000000000000000000000000000000000
0.0000000000000000000000000000000000000000000000000000000000000000000000000000000000000000000000000000
0.0000000000000000000000000000000000000000000000000000000000000000000000000000000000000000000000000000
0.0000000000000000000000000000000000000000000000000000000000000000000000000000000000000000000000000000
0.0000000000000000000000000000000000000000000000000000000000000000000000000000000000000000000000000000
0.0000000000000000000000000000000000000000000000000000000000000000000000000000000000000000000000000000
0.0000000000000000000000000000000000000000000000000000000000000000000000000000000000000000000000000000
0.0000000000000000000000000000000000000000000000000000000000000000000000000000000000000000000000000000
0.0000000000000000000000000000000000000000000000000000000000000000000000000000000000000000000000000000
0.0000000000000000000000000000000000000000000000000000000000000000000000000000000000000000000000000000
0.1875350911714562529564176429630606435239315032958984375000000000000000000000000000000000000000000000
0.0000000000000000000000000000000000000000000000000000000000000000000000000000000000000000000000000000
0.0000000000000000000000000000000000000000000000000000000000000000000000000000000000000000000000000000
0.0000000000000000000000000000000000000000000000000000000000000000000000000000000000000000000000000000
0.0000000000000000000000000000000000000000000000000000000000000000000000000000000000000000000000000000
0.0000000000000000000000000000000000000000000000000000000000000000000000000000000000000000000000000000
0.0000000000000000000000000000000000000000000000000000000000000000000000000000000000000000000000000000
0.0000000000000000000000000000000000000000000000000000000000000000000000000000000000000000000000000000
0.0000000000000000000000000000000000000000000000000000000000000000000000000000000000000000000000000000
0.0000000000000000000000000000000000000000000000000000000000000000000000000000000000000000000000000000
