0.0000000000000000000000000000000000000000000000000000000000000000000000000000000000000000000000000000
0.0000000000000000000000000000000000000000000000000000000000000000000000000000000000000000000000000000
0.0000000000000000000000000000000000000000000000000000000000000000000000000000000000000000000000000000
0.0000000000000000000000000000000000000000000000000000000000000000000000000000000000000000000000000000
0.0000000000000000000000000000000000000000000000000000000000000000000000000000000000000000000000000000
0.0000000000000000000000000000000000000000000000000000000000000000000000000000000000000000000000000000
0.0000000000000000000000000000000000000000000000000000000000000000000000000000000000000000000000000000
0.0000000000000000000000000000000000000000000000000000000000000000000000000000000000000000000000000000
0.0000000000000000000000000000000000000000000000000000000000000000000000000000000000000000000000000000
0.0000000000000000000000000000000000000000000000000000000000000000000000000000000000000000000000000000
0.0000000000000000000000000000000000000000000000000000000000000000000000000000000000000000000000000000
0.0000000000000000000000000000000000000000000000000000000000000000000000000000000000000000000000000000
0.0000000000000000000000000000000000000000000000000000000000000000000000000000000000000000000000000000
0.0000000000000000000000000000000000000000000000000000000000000000000000000000000000000000000000000000
0.0000000000000000000000000000000000000000000000000000000000000000000000000000000000000000000000000000
0.0000000000000000000000000000000000000000000000000000000000000000000000000000000000000000000000000000
0.0000000000000000000000000000000000000000000000000000000000000000000000000000000000000000000000000000
0.0000000000000000000000000000000000000000000000000000000000000000000000000000000000000000000000000000
0.0000000000000000000000000000000000000000000000000000000000000000000000000000000000000000000000000000
0.0000000000000000000000000000000000000000000000000000000000000000000000000000000000000000000000000000
0.0000000000000000000000000000000000000000000000000000000000000000000000000000000000000000000000000000
0.1843880705582848500423409632276161573827266693115234375000000000000000000000000000000000000000000000
0.0000000000000000000000000000000000000000000000000000000000000000000000000000000000000000000000000000
0.0000000000000000000000000000000000000000000000000000000000000000000000000000000000000000000000000000
0.0000000000000000000000000000000000000000000000000000000000000000000000000000000000000000000000000000
0.0000000000000000000000000000000000000000000000000000000000000000000000000000000000000000000000000000
0.0000000000000000000000000000000000000000000000000000000000000000000000000000000000000000000000000000
0.0000000000000000000000000000000000000000000000000000000000000000000000000000000000000000000000000000
0.0000000000000000000000000000000000000000000000000000000000000000000000000000000000000000000000000000
0.0000000000000000000000000000000000000000000000000000000000000000000000000000000000000000000000000000
0.0000000000000000000000000000000000000000000000000000000000000000000000000000000000000000000000000000
0.0000000000000000000000000000000000000000000000000000000000000000000000000000000000000000000000000000
0.0000000000000000000000000000000000000000000000000000000000000000000000000000000000000000000000000000
0.0000000000000000000000000000000000000000000000000000000000000000000000000000000000000000000000000000
0.0155158080689995567930106190601691196206957101821899414062500000000000000000000000000000000000000000
0.0000000000000000000000000000000000000000000000000000000000000000000000000000000000000000000000000000
0.0000000000000000000000000000000000000000000000000000000000000000000000000000000000000000000000000000
0.0000000000000000000000000000000000000000000000000000000000000000000000000000000000000000000000000000
0.0000000000000000000000000000000000000000000000000000000000000000000000000000000000000000000000000000
0.0000000000000000000000000000000000000000000000000000000000000000000000000000000000000000000000000000
0.0000000000000000000000000000000000000000000000000000000000000000000000000000000000000000000000000000
0.0000000000000000000000000000000000000000000000000000000000000000000000000000000000000000000000000000
0.0000000000000000000000000000000000000000000000000000000000000000000000000000000000000000000000000000
0.0000000000000000000000000000000000000000000000000000000000000000000000000000000000000000000000000000
0.0000000000000000000000000000000000000000000000000000000000000000000000000000000000000000000000000000
0.0000000000000000000000000000000000000000000000000000000000000000000000000000000000000000000000000000
0.0000000000000000000000000000000000000000000000000000000000000000000000000000000000000000000000000000
0.0000000000000000000000000000000000000000000000000000000000000000000000000000000000000000000000000000
0.0000000000000000000000000000000000000000000000000000000000000000000000000000000000000000000000000000
0.0000000000000000000000000000000000000000000000000000000000000000000000000000000000000000000000000000
0.0000000000000000000000000000000000000000000000000000000000000000000000000000000000000000000000000000
0.0000000000000000000000000000000000000000000000000000000000000000000000000000000000000000000000000000
0.0000000000000000000000000000000000000000000000000000000000000000000000000000000000000000000000000000
0.0000000000000000000000000000000000000000000000000000000000000000000000000000000000000000000000000000
0.0000000000000000000000000000000000000000000000000000000000000000000000000000000000000000000000000000
0.0000000000000000000000000000000000000000000000000000000000000000000000000000000000000000000000000000
0.0137362637362637412391519475818313367199152708053588867187500000000000000000000000000000000000000000
0.0000000000000000000000000000000000000000000000000000000000000000000000000000000000000000000000000000
0.0000000000000000000000000000000000000000000000000000000000000000000000000000000000000000000000000000
0.0000000000000000000000000000000000000000000000000000000000000000000000000000000000000000000000000000
0.0000000000000000000000000000000000000000000000000000000000000000000000000000000000000000000000000000
0.0000000000000000000000000000000000000000000000000000000000000000000000000000000000000000000000000000
0.0000000000000000000000000000000000000000000000000000000000000000000000000000000000000000000000000000
0.0000000000000000000000000000000000000000000000000000000000000000000000000000000000000000000000000000
0.0000000000000000000000000000000000000000000000000000000000000000000000000000000000000000000000000000
0.0000000000000000000000000000000000000000000000000000000000000000000000000000000000000000000000000000
0.0000000000000000000000000000000000000000000000000000000000000000000000000000000000000000000000000000
0.0000000000000000000000000000000000000000000000000000000000000000000000000000000000000000000000000000
0.0000000000000000000000000000000000000000000000000000000000000000000000000000000000000000000000000000
0.0000000000000000000000000000000000000000000000000000000000000000000000000000000000000000000000000000
0.0000000000000000000000000000000000000000000000000000000000000000000000000000000000000000000000000000
0.0000000000000000000000000000000000000000000000000000000000000000000000000000000000000000000000000000
0.0000000000000000000000000000000000000000000000000000000000000000000000000000000000000000000000000000
0.0000000000000000000000000000000000000000000000000000000000000000000000000000000000000000000000000000
0.0000000000000000000000000000000000000000000000000000000000000000000000000000000000000000000000000000
0.0000000000000000000000000000000000000000000000000000000000000000000000000000000000000000000000000000
0.0000000000000000000000000000000000000000000000000000000000000000000000000000000000000000000000000000
0.0000000000000000000000000000000000000000000000000000000000000000000000000000000000000000000000000000
0.0000000000000000000000000000000000000000000000000000000000000000000000000000000000000000000000000000
0.0000000000000000000000000000000000000000000000000000000000000000000000000000000000000000000000000000
0.0000000000000000000000000000000000000000000000000000000000000000000000000000000000000000000000000000
0.0000000000000000000000000000000000000000000000000000000000000000000000000000000000000000000000000000
0.0000000000000000000000000000000000000000000000000000000000000000000000000000000000000000000000000000
0.0000000000000000000000000000000000000000000000000000000000000000000000000000000000000000000000000000
0.0000000000000000000000000000000000000000000000000000000000000000000000000000000000000000000000000000
0.0000000000000000000000000000000000000000000000000000000000000000000000000000000000000000000000000000
0.0000000000000000000000000000000000000000000000000000000000000000000000000000000000000000000000000000
0.0000000000000000000000000000000000000000000000000000000000000000000000000000000000000000000000000000
0.0000000000000000000000000000000000000000000000000000000000000000000000000000000000000000000000000000
0.0046826695762865969824284562150751298759132623672485351562500000000000000000000000000000000000000000
0.0000000000000000000000000000000000000000000000000000000000000000000000000000000000000000000000000000
0.0000000000000000000000000000000000000000000000000000000000000000000000000000000000000000000000000000
0.0000000000000000000000000000000000000000000000000000000000000000000000000000000000000000000000000000
0.1861883978905271297410450870302156545221805572509765625000000000000000000000000000000000000000000000
0.0000000000000000000000000000000000000000000000000000000000000000000000000000000000000000000000000000
0.0000000000000000000000000000000000000000000000000000000000000000000000000000000000000000000000000000
0.0000000000000000000000000000000000000000000000000000000000000000000000000000000000000000000000000000
0.0000000000000000000000000000000000000000000000000000000000000000000000000000000000000000000000000000
0.1879341698490650525155132299914839677512645721435546875000000000000000000000000000000000000000000000
0.0000000000000000000000000000000000000000000000000000000000000000000000000000000000000000000000000000
0.0000000000000000000000000000000000000000000000000000000000000000000000000000000000000000000000000000
0.0000000000000000000000000000000000000000000000000000000000000000000000000000000000000000000000000000
0.0000000000000000000000000000000000000000000000000000000000000000000000000000000000000000000000000000
0.0000000000000000000000000000000000000000000000000000000000000000000000000000000000000000000000000000
0.0000000000000000000000000000000000000000000000000000000000000000000000000000000000000000000000000000
0.0000000000000000000000000000000000000000000000000000000000000000000000000000000000000000000000000000
0.0000000000000000000000000000000000000000000000000000000000000000000000000000000000000000000000000000
0.0000000000000000000000000000000000000000000000000000000000000000000000000000000000000000000000000000
0.0000000000000000000000000000000000000000000000000000000000000000000000000000000000000000000000000000
0.0000000000000000000000000000000000000000000000000000000000000000000000000000000000000000000000000000
0.0000000000000000000000000000000000000000000000000000000000000000000000000000000000000000000000000000
0.0000000000000000000000000000000000000000000000000000000000000000000000000000000000000000000000000000
0.0000000000000000000000000000000000000000000000000000000000000000000000000000000000000000000000000000
0.0000000000000000000000000000000000000000000000000000000000000000000000000000000000000000000000000000
0.0000000000000000000000000000000000000000000000000000000000000000000000000000000000000000000000000000
0.0040396955290572314489772054457716876640915870666503906250000000000000000000000000000000000000000000
0.0000000000000000000000000000000000000000000000000000000000000000000000000000000000000000000000000000
0.0000000000000000000000000000000000000000000000000000000000000000000000000000000000000000000000000000
0.0000000000000000000000000000000000000000000000000000000000000000000000000000000000000000000000000000
0.0000000000000000000000000000000000000000000000000000000000000000000000000000000000000000000000000000
0.0000000000000000000000000000000000000000000000000000000000000000000000000000000000000000000000000000
0.0000000000000000000000000000000000000000000000000000000000000000000000000000000000000000000000000000
0.0000000000000000000000000000000000000000000000000000000000000000000000000000000000000000000000000000
0.0000000000000000000000000000000000000000000000000000000000000000000000000000000000000000000000000000
0.0000000000000000000000000000000000000000000000000000000000000000000000000000000000000000000000000000
0.0000000000000000000000000000000000000000000000000000000000000000000000000000000000000000000000000000
0.0000000000000000000000000000000000000000000000000000000000000000000000000000000000000000000000000000
0.0000000000000000000000000000000000000000000000000000000000000000000000000000000000000000000000000000
0.0005065856129685917261587513316101194504881277680397033691406250000000000000000000000000000000000000
0.0000000000000000000000000000000000000000000000000000000000000000000000000000000000000000000000000000
0.0000000000000000000000000000000000000000000000000000000000000000000000000000000000000000000000000000
0.0000000000000000000000000000000000000000000000000000000000000000000000000000000000000000000000000000
0.0000000000000000000000000000000000000000000000000000000000000000000000000000000000000000000000000000
0.0000000000000000000000000000000000000000000000000000000000000000000000000000000000000000000000000000
0.0000000000000000000000000000000000000000000000000000000000000000000000000000000000000000000000000000
0.0000000000000000000000000000000000000000000000000000000000000000000000000000000000000000000000000000
0.0000000000000000000000000000000000000000000000000000000000000000000000000000000000000000000000000000
0.0000000000000000000000000000000000000000000000000000000000000000000000000000000000000000000000000000
0.0000000000000000000000000000000000000000000000000000000000000000000000000000000000000000000000000000
0.0000000000000000000000000000000000000000000000000000000000000000000000000000000000000000000000000000
0.0000000000000000000000000000000000000000000000000000000000000000000000000000000000000000000000000000
0.2038916166575757971113347366554080508649349212646484375000000000000000000000000000000000000000000000
0.0000000000000000000000000000000000000000000000000000000000000000000000000000000000000000000000000000
0.0000000000000000000000000000000000000000000000000000000000000000000000000000000000000000000000000000
0.0000000000000000000000000000000000000000000000000000000000000000000000000000000000000000000000000000
0.0000000000000000000000000000000000000000000000000000000000000000000000000000000000000000000000000000
0.0000000000000000000000000000000000000000000000000000000000000000000000000000000000000000000000000000
0.0000000000000000000000000000000000000000000000000000000000000000000000000000000000000000000000000000
0.0000000000000000000000000000000000000000000000000000000000000000000000000000000000000000000000000000
0.0000000000000000000000000000000000000000000000000000000000000000000000000000000000000000000000000000
0.0000000000000000000000000000000000000000000000000000000000000000000000000000000000000000000000000000
0.0000000000000000000000000000000000000000000000000000000000000000000000000000000000000000000000000000
0.0000000000000000000000000000000000000000000000000000000000000000000000000000000000000000000000000000
0.0000000000000000000000000000000000000000000000000000000000000000000000000000000000000000000000000000
0.0096511053957862476260221029633612488396465778350830078125000000000000000000000000000000000000000000
0.0000000000000000000000000000000000000000000000000000000000000000000000000000000000000000000000000000
0.0000000000000000000000000000000000000000000000000000000000000000000000000000000000000000000000000000
0.0000000000000000000000000000000000000000000000000000000000000000000000000000000000000000000000000000
0.0000000000000000000000000000000000000000000000000000000000000000000000000000000000000000000000000000
0.0000000000000000000000000000000000000000000000000000000000000000000000000000000000000000000000000000
0.0000000000000000000000000000000000000000000000000000000000000000000000000000000000000000000000000000
0.0000000000000000000000000000000000000000000000000000000000000000000000000000000000000000000000000000
0.0000000000000000000000000000000000000000000000000000000000000000000000000000000000000000000000000000
0.0023770555685449301988598769241889385739341378211975097656250000000000000000000000000000000000000000
0.0000000000000000000000000000000000000000000000000000000000000000000000000000000000000000000000000000
0.0000000000000000000000000000000000000000000000000000000000000000000000000000000000000000000000000000
0.0000000000000000000000000000000000000000000000000000000000000000000000000000000000000000000000000000
0.0000000000000000000000000000000000000000000000000000000000000000000000000000000000000000000000000000
0.0000000000000000000000000000000000000000000000000000000000000000000000000000000000000000000000000000
0.0000000000000000000000000000000000000000000000000000000000000000000000000000000000000000000000000000
0.0000000000000000000000000000000000000000000000000000000000000000000000000000000000000000000000000000
0.0000000000000000000000000000000000000000000000000000000000000000000000000000000000000000000000000000
0.0000000000000000000000000000000000000000000000000000000000000000000000000000000000000000000000000000
0.0000000000000000000000000000000000000000000000000000000000000000000000000000000000000000000000000000
0.0000000000000000000000000000000000000000000000000000000000000000000000000000000000000000000000000000
0.0000000000000000000000000000000000000000000000000000000000000000000000000000000000000000000000000000
0.0000000000000000000000000000000000000000000000000000000000000000000000000000000000000000000000000000
0.0000000000000000000000000000000000000000000000000000000000000000000000000000000000000000000000000000
0.0000000000000000000000000000000000000000000000000000000000000000000000000000000000000000000000000000
0.0000000000000000000000000000000000000000000000000000000000000000000000000000000000000000000000000000
0.0000000000000000000000000000000000000000000000000000000000000000000000000000000000000000000000000000
0.0000000000000000000000000000000000000000000000000000000000000000000000000000000000000000000000000000
0.0000000000000000000000000000000000000000000000000000000000000000000000000000000000000000000000000000
0.0000000000000000000000000000000000000000000000000000000000000000000000000000000000000000000000000000
0.0000000000000000000000000000000000000000000000000000000000000000000000000000000000000000000000000000
0.0000000000000000000000000000000000000000000000000000000000000000000000000000000000000000000000000000
0.0000000000000000000000000000000000000000000000000000000000000000000000000000000000000000000000000000
0.0000000000000000000000000000000000000000000000000000000000000000000000000000000000000000000000000000
0.0000000000000000000000000000000000000000000000000000000000000000000000000000000000000000000000000000
0.0000000000000000000000000000000000000000000000000000000000000000000000000000000000000000000000000000
0.1870885615566481030569434551580343395471572875976562500000000000000000000000000000000000000000000000
0.0000000000000000000000000000000000000000000000000000000000000000000000000000000000000000000000000000
0.0000000000000000000000000000000000000000000000000000000000000000000000000000000000000000000000000000
0.0000000000000000000000000000000000000000000000000000000000000000000000000000000000000000000000000000
0.0000000000000000000000000000000000000000000000000000000000000000000000000000000000000000000000000000
0.0000000000000000000000000000000000000000000000000000000000000000000000000000000000000000000000000000
0.0000000000000000000000000000000000000000000000000000000000000000000000000000000000000000000000000000
0.0000000000000000000000000000000000000000000000000000000000000000000000000000000000000000000000000000
0.0000000000000000000000000000000000000000000000000000000000000000000000000000000000000000000000000000
0.0000000000000000000000000000000000000000000000000000000000000000000000000000000000000000000000000000
