0.002565834550433663
0.0004683352755823797
0.00046047151189937814
0.00041751045042456804
0.00036551567229837253
0.00033025550093990767
0.00025102352711466844
0.00025102352711466844
0.00025102352582637285
0.00025102326551139175
0.00025102313865412205
0.00025099865528075137
0.0002509985283836395
0.0002509984014865277
0.00025099840019823214
0.00025099827330112034
0.00025099814251940307
0.0002509980169303056
0.00012687089026010203
0.00012118323768409431
0.00012118311078698249
0.00012118311078698249
0.00012118298388987066
0.0001211829826015751
0.0001211829826015751
0.00012118285699275884
0.00012118285570446328
0.00012118285310815337
0.00012118272621104154
0.00012118259538948216
0.00012118247112852236
0.00012118220554041778
0.00012118195313471211
0.00012115785826172996
0.00012115773136461814
0.00012115760317921075
0.00012115760058290084
0.00012115760058290084
0.00012115747499380338
0.00012115734286422963
0.00012115721600695991
0.00012115682482975788
0.00012115682482975788
0.00010582003085499624
3.471929288642705e-05
3.437806175370157e-05
1.8859944424680323e-05
1.576033856482166e-05
1.548488321435412e-05
1.4532095120179624e-05
1.4400991486155214e-05
1.3888268190067888e-05
1.3861403800414501e-05
1.3801775997136685e-05
1.359384460001148e-05
1.3526010972600775e-05
1.337367260137389e-05
1.334815683156107e-05
1.3309767156514827e-05
1.3290952754748093e-05
1.3103488994963462e-05
1.3036976100793892e-05
1.3032069769662007e-05
1.3024740775385937e-05
1.2995005050133046e-05
1.2993382565896064e-05
1.2901529260372007e-05
1.2901401074964634e-05
1.2901208926740038e-05
1.2900955132516395e-05
1.2900454683364342e-05
1.2892834423428617e-05
1.2891404507951402e-05
1.2888464830485886e-05
1.2888204667983236e-05
1.2885467366237858e-05
1.2878499374396204e-05
1.2872663177266776e-05
1.2866941528070706e-05
1.2864074624244224e-05
1.2858669422418849e-05
1.2835216754027463e-05
1.2833150794108588e-05
1.2821630936434832e-05
1.2818404219678791e-05
1.2774122970800985e-05
1.2703679057615124e-05
1.2678063762881307e-05
1.2588131550465373e-05
1.2523505214746008e-05
1.2250937699209035e-05
1.2145520619791758e-05
1.2055180870862421e-05
1.2047138118396179e-05
1.1646675778796652e-05
1.0635219447289981e-05
1.0486827057460528e-05
1.0219588864400155e-05
1.0012190303692989e-05
9.941827147882348e-06
9.676114563609235e-06
9.577866497605599e-06
9.44205818246863e-06
9.339588741509935e-06
9.20154964053281e-06
9.196765530667052e-06
9.084427007010132e-06
9.067479047192983e-06
9.047400158181947e-06
9.038126975531012e-06
9.011421443601818e-06
8.975111873492274e-06
8.968621068785028e-06
8.96609515878941e-06
8.930486220216507e-06
8.85278089323519e-06
8.812836699858364e-06
8.76664071953632e-06
8.756339375705903e-06
8.738342283988726e-06
8.71331357935773e-06
8.70151200474489e-06
8.673366427547305e-06
8.651530347283358e-06
8.642497512387812e-06
8.637706333553445e-06
8.636753204036376e-06
8.623591380368148e-06
8.621092996514943e-06
8.618664959755864e-06
8.602768981948873e-06
8.59448399287426e-06
8.585399758554093e-06
8.58431842782032e-06
8.58409771492031e-06
8.583606666942733e-06
8.583211733974731e-06
8.582487492583751e-06
8.578898818526609e-06
8.578898818526609e-06
8.573594397662169e-06
8.571687614996554e-06
8.571687614996554e-06
8.571687614996554e-06
8.571113487140942e-06
8.571113487140942e-06
8.571113487140942e-06
8.571113487140942e-06
8.571113487140942e-06
8.571113487140942e-06
8.571113487140942e-06
8.571113487140942e-06
8.571113487140942e-06
8.571113487140942e-06
8.569735302395668e-06
8.568883955325871e-06
8.564737977315199e-06
8.564697504303945e-06
8.561781292211213e-06
8.561109200431773e-06
8.560026579469058e-06
8.560000916892994e-06
8.559192799679619e-06
8.555531220494639e-06
8.554918697938809e-06
8.553253441434915e-06
8.553223550820683e-06
8.551741440296208e-06
8.551614543184387e-06
8.547522663757114e-06
8.54745690062994e-06
8.547429258462227e-06
8.547395766645292e-06
8.54726758123792e-06
8.547033591880157e-06
8.54692416162106e-06
8.54687509602153e-06
8.54643508974403e-06
8.545987859000239e-06
8.545987859000239e-06
8.545987859000239e-06
8.545987859000239e-06
8.545987859000239e-06
8.545987859000239e-06
8.545860961888417e-06
8.545860961888417e-06
8.545860961888417e-06
8.545860961888417e-06
8.545860961888417e-06
8.545860961888417e-06
8.545860961888417e-06
8.545860961888417e-06
8.545860961888417e-06
8.545732776481045e-06
8.545732776481045e-06
8.545732776481045e-06
8.545732776481045e-06
8.545732776481045e-06
8.545732776481045e-06
8.53869620784426e-06
