0.0000032675329775208915235361686879578257958200993016362190246582031250000000000000000000000000000000
0.0000032668042594023149158310222878176531935423554386943578720092773437500000000000000000000000000000
0.0000032451660679719636510285381975071672400190436746925115585327148437500000000000000000000000000000
0.0000117369279943392730412464117217830050776683492586016654968261718750000000000000000000000000000000
0.0000032411632337612894117081455830353675651167577598243951797485351562500000000000000000000000000000
0.0000032711180603563300141550882621510609737924824003130197525024414062500000000000000000000000000000
0.0000032675329775208915235361686879578257958200993016362190246582031250000000000000000000000000000000
0.0000032878632136469825750734168740008200870761356782168149948120117187500000000000000000000000000000
0.0000032414235487424166257824659914676956873336166609078645706176757812500000000000000000000000000000
0.0000032668042594023149158310222878176531935423554386943578720092773437500000000000000000000000000000
0.0000032920520260955343432127551822619082599885587114840745925903320312500000000000000000000000000000
0.0000032668042594023149158310222878176531935423554386943578720092773437500000000000000000000000000000
0.0000034088881666635644907654371232874623842690198216587305068969726562500000000000000000000000000000
0.0000035586702892187704240652655618415423077749437652528285980224609375000000000000000000000000000000
0.0000032675329775208915235361686879578257958200993016362190246582031250000000000000000000000000000000
0.0000093391853012072260009288071636035510891815647482872009277343750000000000000000000000000000000000
0.0000033262809551644851963298019775772118578061053995043039321899414062500000000000000000000000000000
0.0000032416786312616115366504795231028523971872346010059118270874023437500000000000000000000000000000
0.0000033277306501809405667386462107648625874389836098998785018920898437500000000000000000000000000000
0.0000032668042594023149158310222878176531935423554386943578720092773437500000000000000000000000000000
0.0000032415517341497897853004172413760031190577137749642133712768554687500000000000000000000000000000
0.0000414688750030329508289642093110671794420341029763221740722656250000000000000000000000000000000000
0.0000032668042594023149158310222878176531935423554386943578720092773437500000000000000000000000000000
0.0000032910948633550497710532813794293005571489629801362752914428710937500000000000000000000000000000
0.0000032415517341497897853004172413760031190577137749642133712768554687500000000000000000000000000000
0.0000334366093232601519933885891866509609826607629656791687011718750000000000000000000000000000000000
0.0000032668042594023149158310222878176531935423554386943578720092773437500000000000000000000000000000
0.0000032738883565250420690608598034421206079969124402850866317749023437500000000000000000000000000000
0.0000032900319714585377753649463039575806533321156166493892669677734375000000000000000000000000000000
0.0000032668042594023149158310222878176531935423554386943578720092773437500000000000000000000000000000
0.0000032668042594023149158310222878176531935423554386943578720092773437500000000000000000000000000000
0.0000032766010935189683446152643375715030060746357776224613189697265625000000000000000000000000000000
0.0000032675329775208915235361686879578257958200993016362190246582031250000000000000000000000000000000
0.0000032668042594023149158310222878176531935423554386943578720092773437500000000000000000000000000000
0.0000067744537087824266741761629340157213619022513739764690399169921875000000000000000000000000000000
0.0000032668042594023149158310222878176531935423554386943578720092773437500000000000000000000000000000
0.0000032668042594023149158310222878176531935423554386943578720092773437500000000000000000000000000000
0.0000033555058211826356985140601407735516659158747643232345581054687500000000000000000000000000000000
0.0000032675329775208915235361686879578257958200993016362190246582031250000000000000000000000000000000
0.0000032668042594023149158310222878176531935423554386943578720092773437500000000000000000000000000000
0.0000032415517341497897853004172413760031190577137749642133712768554687500000000000000000000000000000
0.0000428828158391669078544974902378328351915115490555763244628906250000000000000000000000000000000000
0.0000032668042594023149158310222878176531935423554386943578720092773437500000000000000000000000000000
0.0000032668042594023149158310222878176531935423554386943578720092773437500000000000000000000000000000
0.0000032675329775208915235361686879578257958200993016362190246582031250000000000000000000000000000000
0.0000032668042594023149158310222878176531935423554386943578720092773437500000000000000000000000000000
0.0000032412940553206819365632349733141737146979721728712320327758789062500000000000000000000000000000
0.0000032668042594023149158310222878176531935423554386943578720092773437500000000000000000000000000000
0.0000032668042594023149158310222878176531935423554386943578720092773437500000000000000000000000000000
0.0000033691591382214657352943583401572169577775639481842517852783203125000000000000000000000000000000
0.0000032668042594023149158310222878176531935423554386943578720092773437500000000000000000000000000000
0.0000032416786312616115366504795231028523971872346010059118270874023437500000000000000000000000000000
0.0000032795591800779143883506124707016837760420457925647497177124023437500000000000000000000000000000
0.0000032416786312616115366504795231028523971872346010059118270874023437500000000000000000000000000000
0.0000033066443532959127429198334380266999232844682410359382629394531250000000000000000000000000000000
0.0000032668042594023149158310222878176531935423554386943578720092773437500000000000000000000000000000
0.0000069224796544680148146079338988823081990631180815398693084716796875000000000000000000000000000000
0.0000076207066015208670920356298639219971846614498645067214965820312500000000000000000000000000000000
0.0000032821923900941102557836642067412569190310023259371519088745117187500000000000000000000000000000
0.0000032759132358845722753310034797147309859610686544328927993774414062500000000000000000000000000000
0.0000032414235487424166257824659914676956873336166609078645706176757812500000000000000000000000000000
0.0000032668042594023149158310222878176531935423554386943578720092773437500000000000000000000000000000
0.0000032668042594023149158310222878176531935423554386943578720092773437500000000000000000000000000000
0.0000032759132358845722753310034797147309859610686544328927993774414062500000000000000000000000000000
0.0000032668042594023149158310222878176531935423554386943578720092773437500000000000000000000000000000
0.0000032415517341497897853004172413760031190577137749642133712768554687500000000000000000000000000000
0.0000032675329775208915235361686879578257958200993016362190246582031250000000000000000000000000000000
0.0000033214722230012659104001187387877891410425945650786161422729492187500000000000000000000000000000
0.0000032415517341497897853004172413760031190577137749642133712768554687500000000000000000000000000000
0.0000033206348409201748616344663372901280240512278396636247634887695312500000000000000000000000000000
0.0000067837581875126228632584546307526807140675373375415802001953125000000000000000000000000000000000
0.0000032414235487424166257824659914676956873336166609078645706176757812500000000000000000000000000000
0.0000032450391708601418996784759157803179618895228486508131027221679687500000000000000000000000000000
0.0000032566167431671282212997994148784286494446860160678625106811523437500000000000000000000000000000
0.0000032675329775208915235361686879578257958200993016362190246582031250000000000000000000000000000000
0.0000032675329775208915235361686879578257958200993016362190246582031250000000000000000000000000000000
0.0000032668042594023149158310222878176531935423554386943578720092773437500000000000000000000000000000
0.0000032668042594023149158310222878176531935423554386943578720092773437500000000000000000000000000000
0.0000387945751596306174602095395709255853944341652095317840576171875000000000000000000000000000000000
0.0000032675329775208915235361686879578257958200993016362190246582031250000000000000000000000000000000
0.0000032668042594023149158310222878176531935423554386943578720092773437500000000000000000000000000000
0.0000032675329775208915235361686879578257958200993016362190246582031250000000000000000000000000000000
0.0000032948640746763650326278932006784927466469525825232267379760742187500000000000000000000000000000
0.0000032821923900941102557836642067412569190310023259371519088745117187500000000000000000000000000000
0.0000032414235487424166257824659914676956873336166609078645706176757812500000000000000000000000000000
0.0000032668042594023149158310222878176531935423554386943578720092773437500000000000000000000000000000
0.0000032668042594023149158310222878176531935423554386943578720092773437500000000000000000000000000000
0.0000032957157704518631543438335340656664129710406996309757232666015625000000000000000000000000000000
0.0000032882219408209499331261112253788070347582106478512287139892578125000000000000000000000000000000
0.0000045044388413149295940780640623568586988767492584884166717529296875000000000000000000000000000000
0.0000032668042594023149158310222878176531935423554386943578720092773437500000000000000000000000000000
0.0000032414235487424166257824659914676956873336166609078645706176757812500000000000000000000000000000
0.0000032599950586768426289514463678465006069018272683024406433105468750000000000000000000000000000000
0.0000418609651598509283185363394341749199156765826046466827392578125000000000000000000000000000000000
0.0000032414235487424166257824659914676956873336166609078645706176757812500000000000000000000000000000
0.0000032437378885055196084158564417965209258909453637897968292236328125000000000000000000000000000000
0.0000032772145182391941430771493265483584877983957994729280471801757812500000000000000000000000000000
0.0000032449109854527687401605246658720105301654257345944643020629882812500000000000000000000000000000
0.0000422130493998862444987758835157620751488138921558856964111328125000000000000000000000000000000000
0.0000035495592792448332395381649373433674554689787328243255615234375000000000000000000000000000000000
0.0000034145589902165278660970196278334753969829762354493141174316406250000000000000000000000000000000
0.0000037889754963720991433990484958949096494507102761417627334594726562500000000000000000000000000000
0.0000032795591800779143883506124707016837760420457925647497177124023437500000000000000000000000000000
0.0000032668042594023149158310222878176531935423554386943578720092773437500000000000000000000000000000
0.0000032668042594023149158310222878176531935423554386943578720092773437500000000000000000000000000000
0.0000032835698972433446886018404420326532999752089381217956542968750000000000000000000000000000000000
0.0000032668042594023149158310222878176531935423554386943578720092773437500000000000000000000000000000
0.0000115734711115367776409698641337797653250163421034812927246093750000000000000000000000000000000000
0.0000032520888900984907638966065618335576914432749617844820022583007812500000000000000000000000000000
0.0000032738883565250420690608598034421206079969124402850866317749023437500000000000000000000000000000
0.0000059830683931456747978597579540327444647118682041764259338378906250000000000000000000000000000000
0.0000033307685634424056673357546903835313401032180991023778915405273437500000000000000000000000000000
0.0000032553154608125550579481206903142975761511479504406452178955078125000000000000000000000000000000
0.0000032686227145098439018076376394450477391728782095015048980712890625000000000000000000000000000000
0.0039227954665236016221219195188041339861229062080383300781250000000000000000000000000000000000000000
0.0000041221552548178439770096281868916321400320157408714294433593750000000000000000000000000000000000
0.0000032668042594023149158310222878176531935423554386943578720092773437500000000000000000000000000000
0.0000032416786312616115366504795231028523971872346010059118270874023437500000000000000000000000000000
0.0000032675329775208915235361686879578257958200993016362190246582031250000000000000000000000000000000
0.0000032873857846443292384040323755867163413313392084091901779174804687500000000000000000000000000000
0.0000032668042594023149158310222878176531935423554386943578720092773437500000000000000000000000000000
0.0000050266365980452707993620699300496568184826173819601535797119140625000000000000000000000000000000
0.0000032668042594023149158310222878176531935423554386943578720092773437500000000000000000000000000000
0.0000032878632136469825750734168740008200870761356782168149948120117187500000000000000000000000000000
0.0000032415517341497897853004172413760031190577137749642133712768554687500000000000000000000000000000
0.0000033079132978423674643576792714361189950977859552949666976928710937500000000000000000000000000000
0.0000032795591800779143883506124707016837760420457925647497177124023437500000000000000000000000000000
0.0000032668042594023149158310222878176531935423554386943578720092773437500000000000000000000000000000
0.0000033685093256682529510724795340781412278374773450195789337158203125000000000000000000000000000000
0.0000032518756587687575192765869480648888156792963854968547821044921875000000000000000000000000000000
0.0000032447814920310340509412936477184885575297812465578317642211914062500000000000000000000000000000
0.0000032668042594023149158310222878176531935423554386943578720092773437500000000000000000000000000000
0.0007200165678089251756685551519865384761942550539970397949218750000000000000000000000000000000000000
0.0000032738883565250420690608598034421206079969124402850866317749023437500000000000000000000000000000
0.0000032532632753412908802926901269403359151510812807828187942504882812500000000000000000000000000000
0.0000032738883565250420690608598034421206079969124402850866317749023437500000000000000000000000000000
0.0000037847575638575269092365137291178456280249520204961299896240234375000000000000000000000000000000
0.0000032668042594023149158310222878176531935423554386943578720092773437500000000000000000000000000000
0.0000032449109854527687401605246658720105301654257345944643020629882812500000000000000000000000000000
0.0000032434802096764121831951478008848610556924541015177965164184570312500000000000000000000000000000
0.0000032953651019642311428077714741124992769982782192528247833251953125000000000000000000000000000000
0.0000445335112716362493175820125301811458484735339879989624023437500000000000000000000000000000000000
0.0000032668042594023149158310222878176531935423554386943578720092773437500000000000000000000000000000
0.0000033338619323017588128498997490645194829994579777121543884277343750000000000000000000000000000000
0.0000032759132358845722753310034797147309859610686544328927993774414062500000000000000000000000000000
0.0000032415517341497897853004172413760031190577137749642133712768554687500000000000000000000000000000
0.0000064409958154884072416691657980702956365348654799163341522216796875000000000000000000000000000000
0.0000032416786312616115366504795231028523971872346010059118270874023437500000000000000000000000000000
0.0000033076317778177114919968288681006995943789661396294832229614257812500000000000000000000000000000
0.0000032434535492156151012337582384414957914486876688897609710693359375000000000000000000000000000000
0.0000032481705760173168206258586393486709198441531043499708175659179687500000000000000000000000000000
0.0000044944288513344165018024989333156327120377682149410247802734375000000000000000000000000000000000
0.0000032759132358845722753310034797147309859610686544328927993774414062500000000000000000000000000000
0.0000032668042594023149158310222878176531935423554386943578720092773437500000000000000000000000000000
0.0018133348553219844588590969891583881690166890621185302734375000000000000000000000000000000000000000
0.0000032675329775208915235361686879578257958200993016362190246582031250000000000000000000000000000000
0.0000033296256480425775205178855892240719072106003295630216598510742187500000000000000000000000000000
0.0000032918739308124128753246448453317896110092988237738609313964843750000000000000000000000000000000
0.0000072661729816363598873757943807927262014345615170896053314208984375000000000000000000000000000000
0.0000032675329775208915235361686879578257958200993016362190246582031250000000000000000000000000000000
0.0000032416786312616115366504795231028523971872346010059118270874023437500000000000000000000000000000
0.0000032414235487424166257824659914676956873336166609078645706176757812500000000000000000000000000000
0.0000032668042594023149158310222878176531935423554386943578720092773437500000000000000000000000000000
0.0000038249621658623918633618417317610038708153297193348407745361328125000000000000000000000000000000
0.0000171992015617201775409469965971709370933240279555320739746093750000000000000000000000000000000000
0.0000032668042594023149158310222878176531935423554386943578720092773437500000000000000000000000000000
0.0000032451660679719636510285381975071672400190436746925115585327148437500000000000000000000000000000
0.0000032738883565250420690608598034421206079969124402850866317749023437500000000000000000000000000000
0.0000032668042594023149158310222878176531935423554386943578720092773437500000000000000000000000000000
0.0000032415517341497897853004172413760031190577137749642133712768554687500000000000000000000000000000
0.0000032772145182391941430771493265483584877983957994729280471801757812500000000000000000000000000000
0.0000036922059455972724252093356001047652625857153907418251037597656250000000000000000000000000000000
0.0000032759132358845722753310034797147309859610686544328927993774414062500000000000000000000000000000
0.0000032668042594023149158310222878176531935423554386943578720092773437500000000000000000000000000000
0.0000032668042594023149158310222878176531935423554386943578720092773437500000000000000000000000000000
0.0000032675329775208915235361686879578257958200993016362190246582031250000000000000000000000000000000
0.0000032668042594023149158310222878176531935423554386943578720092773437500000000000000000000000000000
0.0000032944352406258985812355800232298363994232204277068376541137695312500000000000000000000000000000
0.0000169009910480454689175790899957618762527999933809041976928710937500000000000000000000000000000000
0.0000032724918673018451071459779255778954620836884714663028717041015625000000000000000000000000000000
0.0000032437086317348100121017717700766525013023056089878082275390625000000000000000000000000000000000
0.0000032668042594023149158310222878176531935423554386943578720092773437500000000000000000000000000000
0.0000333852904202199701234887729839329040260054171085357666015625000000000000000000000000000000000000
0.0000032821923900941102557836642067412569190310023259371519088745117187500000000000000000000000000000
0.0000032857509304854549469305981940214778092013148125261068344116210937500000000000000000000000000000
0.0000032904811640953686586172962508234363099290931131690740585327148437500000000000000000000000000000
0.0000032675329775208915235361686879578257958200993016362190246582031250000000000000000000000000000000
0.0000032414235487424166257824659914676956873336166609078645706176757812500000000000000000000000000000
0.0000032414235487424166257824659914676956873336166609078645706176757812500000000000000000000000000000
0.0000032795591800779143883506124707016837760420457925647497177124023437500000000000000000000000000000
0.0000428435681145437809863585343350678158458322286605834960937500000000000000000000000000000000000000
0.0000032759132358845722753310034797147309859610686544328927993774414062500000000000000000000000000000
0.0000032738883565250420690608598034421206079969124402850866317749023437500000000000000000000000000000
0.0000033463577014262697881057627424805644977823249064385890960693359375000000000000000000000000000000
0.0018133347284248724998884094716800063906703144311904907226562500000000000000000000000000000000000000
0.0000032821923900941102557836642067412569190310023259371519088745117187500000000000000000000000000000
0.0000032415517341497897853004172413760031190577137749642133712768554687500000000000000000000000000000
0.0000032415517341497897853004172413760031190577137749642133712768554687500000000000000000000000000000
0.0000032668042594023149158310222878176531935423554386943578720092773437500000000000000000000000000000
0.0000032456059516190455458664772259158581846349989064037799835205078125000000000000000000000000000000
