0.0012164442788198317
0.0012164440237373126
0.0012164188993974675
0.00111191863925544
0.0011119182546794992
0.0011119181277823873
0.0006520608782395259
6.09970687791954e-05
3.1623050505444484e-05
2.9974914552157154e-05
2.6482107810844465e-05
2.536809441665624e-05
2.4975856040614615e-05
2.4840930529913993e-05
2.395036508232271e-05
2.3814274914476833e-05
2.353876407209373e-05
2.353837557170523e-05
2.349967605108175e-05
2.3309053478000152e-05
2.3195561519524916e-05
2.2419542914124725e-05
2.185805695342438e-05
1.9510471567698537e-05
1.8595171834997356e-05
1.3934013076588099e-05
1.2666578634984893e-05
1.1806309781170349e-05
1.150152592660882e-05
8.984593657833808e-06
8.714774600621463e-06
7.859388962620752e-06
6.8023706393935326e-06
6.7586357472439575e-06
6.5284324768505275e-06
6.471743708890939e-06
6.342695581244921e-06
6.288088185547734e-06
6.074831613770597e-06
6.070548716280356e-06
5.962467521012813e-06
5.911242775980608e-06
5.843776397150786e-06
5.634025732719829e-06
5.380668899890491e-06
5.2429529703442205e-06
5.135572931400623e-06
4.989246134639514e-06
4.954913970285595e-06
4.9032788237278445e-06
4.867362961886426e-06
4.8654601855499625e-06
4.833984480873249e-06
4.793930573852021e-06
4.7580925473551215e-06
4.73619615103305e-06
4.608196911003752e-06
4.606189129557416e-06
4.60104282203805e-06
4.580823990080241e-06
4.571877145024072e-06
4.571654991165062e-06
4.562739647951159e-06
4.5607721580007145e-06
4.558277572517035e-06
4.555587706254529e-06
4.552113074655965e-06
4.548188030681781e-06
4.5421352806109295e-06
4.536057641458694e-06
4.534211766895088e-06
4.5248652784354115e-06
4.522492464883541e-06
4.5204990403381975e-06
4.517635472491832e-06
4.514541445365999e-06
4.513076481416026e-06
4.512938299738351e-06
4.512575034976172e-06
4.512575034976172e-06
4.511431548910327e-06
4.510448442206603e-06
4.510448442206603e-06
4.510448442206603e-06
4.510448442206603e-06
4.509184283622507e-06
4.508882049740974e-06
4.507893908308967e-06
4.507227939758972e-06
4.507227939758972e-06
4.507227939758972e-06
4.507227939758972e-06
4.507227939758972e-06
4.505925632246494e-06
4.505302134687283e-06
4.505302134687283e-06
4.505302134687283e-06
4.505302134687283e-06
4.50430253751617e-06
4.50430253751617e-06
4.498173123293126e-06
4.498173123293126e-06
4.498173123293126e-06
4.498173123293126e-06
4.498173123293126e-06
4.498173123293126e-06
4.498173123293126e-06
4.498173123293126e-06
4.498173123293126e-06
4.498173123293126e-06
4.498173123293126e-06
4.498173123293126e-06
4.498173123293126e-06
4.497476598949618e-06
4.497476598949618e-06
4.497476598949618e-06
4.497476598949618e-06
4.497476598949618e-06
4.497476598949618e-06
4.497476598949618e-06
4.497476598949618e-06
4.497476598949618e-06
4.497476598949618e-06
4.497476598949618e-06
4.497476598949618e-06
4.497476598949618e-06
4.497476598949618e-06
4.497476598949618e-06
4.497476598949618e-06
4.497476598949618e-06
4.497476598949618e-06
4.497476598949618e-06
4.497476598949618e-06
4.497476598949618e-06
4.497476598949618e-06
4.497476598949618e-06
4.497476598949618e-06
4.497476598949618e-06
4.497476598949618e-06
4.497476598949618e-06
4.497476598949618e-06
4.497476598949618e-06
4.497476598949618e-06
4.497476598949618e-06
4.497476598949618e-06
4.497476598949618e-06
4.497476598949618e-06
4.497476598949618e-06
4.497476598949618e-06
4.497476598949618e-06
4.497476598949618e-06
4.497005198265973e-06
4.494364407744372e-06
4.491760430530623e-06
4.488797811760447e-06
4.488191492336083e-06
4.487440744285617e-06
4.485358172846751e-06
4.483077445699217e-06
4.4824327706039495e-06
4.480025146344594e-06
4.479699629218946e-06
4.476621248469436e-06
4.475348059476149e-06
4.475106111545548e-06
4.475106111545548e-06
4.474979214433726e-06
4.474979214433726e-06
4.474851029026353e-06
4.474851029026353e-06
4.474022629233372e-06
4.474004080352777e-06
4.47374640152367e-06
4.4723509708089135e-06
4.4723509708089135e-06
4.4723509708089135e-06
4.4723509708089135e-06
4.4723509708089135e-06
4.4723509708089135e-06
4.4723509708089135e-06
4.4723509708089135e-06
4.4723509708089135e-06
4.4723509708089135e-06
4.472224073697092e-06
4.472224073697092e-06
4.472224073697092e-06
4.472224073697092e-06
4.472224073697092e-06
4.472224073697092e-06
4.472224073697092e-06
4.472224073697092e-06
4.472224073697092e-06
4.4720958882897186e-06
4.4720958882897186e-06
4.4720958882897186e-06
4.4720958882897186e-06
4.4720958882897186e-06
4.4720958882897186e-06
4.4720958882897186e-06
4.471835573308592e-06
