0.0036981653133414077
0.0007606133843312687
6.79604617451744e-05
6.43169838237067e-05
6.402407556282139e-05
6.375220731197018e-05
6.311454162859784e-05
5.8700557788349936e-05
3.707800798454285e-05
7.849837328340562e-06
7.685976999194749e-06
7.3312258580804535e-06
5.119582876054759e-06
4.2224929722724e-06
4.139099910980863e-06
3.6369594085009927e-06
3.1385554703928005e-06
2.9811371736760854e-06
2.91710011277809e-06
2.8525771815257196e-06
2.8239467878456385e-06
2.6576640490583253e-06
2.5967856820179946e-06
2.452867505837132e-06
2.4456537580502993e-06
2.4401110502726423e-06
2.433806115786415e-06
2.40889704038181e-06
2.393301814991193e-06
2.3816519973038263e-06
2.3659387286482444e-06
2.3601083091111295e-06
2.3573441671757455e-06
2.3570433039871484e-06
2.3562562404141706e-06
2.3507383695009433e-06
2.343293830874952e-06
2.340775205421758e-06
2.330632271060127e-06
2.3271544452337465e-06
2.3254205882500517e-06
2.325057173878923e-06
2.324422042157196e-06
2.3225834950189663e-06
2.319126234950781e-06
2.317548216899295e-06
2.3134568850436694e-06
2.312272340293632e-06
2.3100641595862106e-06
2.3100641595862106e-06
2.306219976021877e-06
2.3037592251000304e-06
2.3037592251000304e-06
2.3037592251000304e-06
2.3037592251000304e-06
2.3037592251000304e-06
2.3037592251000304e-06
2.303052134383161e-06
2.3008439536757618e-06
2.3008439536757618e-06
2.3008439536757618e-06
2.3008439536757618e-06
2.3008439536757618e-06
2.299539630606247e-06
2.29933874637854e-06
2.2992762823429343e-06
2.297272611104132e-06
2.297272611104132e-06
2.2962435532235896e-06
2.2962435532235896e-06
2.2962435532235896e-06
2.2962435532235896e-06
2.2962435532235896e-06
2.2962435532235896e-06
2.294539019189534e-06
2.294539019189534e-06
2.294539019189534e-06
2.294539019189534e-06
2.294539019189534e-06
2.294539019189534e-06
2.294539019189534e-06
2.291965234848477e-06
2.288759495910505e-06
2.288759495910505e-06
2.288759495910505e-06
2.288759495910505e-06
2.288759495910505e-06
2.288759495910505e-06
2.288759495910505e-06
2.288759495910505e-06
2.288759495910505e-06
2.288759495910505e-06
2.288759495910505e-06
2.288759495910505e-06
2.288759495910505e-06
2.288759495910505e-06
2.288759495910505e-06
2.288759495910505e-06
2.288759495910505e-06
2.288759495910505e-06
2.288759495910505e-06
2.288759495910505e-06
2.288011090179202e-06
2.288011090179202e-06
2.288011090179202e-06
2.288011090179202e-06
2.288011090179202e-06
2.288011090179202e-06
2.288011090179202e-06
2.288011090179202e-06
2.288011090179202e-06
2.288011090179202e-06
2.288011090179202e-06
2.288011090179202e-06
2.288011090179202e-06
2.288011090179202e-06
2.288011090179202e-06
2.288011090179202e-06
2.288011090179202e-06
2.288011090179202e-06
2.288011090179202e-06
2.288011090179202e-06
2.288011090179202e-06
2.288011090179202e-06
2.288011090179202e-06
2.288011090179202e-06
2.288011090179202e-06
2.288011090179202e-06
2.288011090179202e-06
2.288011090179202e-06
2.288011090179202e-06
2.288011090179202e-06
2.288011090179202e-06
2.288011090179202e-06
2.288011090179202e-06
2.288011090179202e-06
2.288011090179202e-06
2.288011090179202e-06
2.288011090179202e-06
2.288011090179202e-06
2.288011090179202e-06
2.288011090179202e-06
2.288011090179202e-06
2.288011090179202e-06
2.288011090179202e-06
2.288011090179202e-06
2.288011090179202e-06
2.288011090179202e-06
2.288011090179202e-06
2.288011090179202e-06
2.288011090179202e-06
2.288011090179202e-06
2.288011090179202e-06
2.288011090179202e-06
2.288011090179202e-06
2.288011090179202e-06
2.288011090179202e-06
2.287108064441585e-06
2.28502923267103e-06
2.284436437527679e-06
2.2784018789131666e-06
2.277989324116131e-06
2.2773728210326243e-06
2.273666578460494e-06
2.2727644176917486e-06
2.272688785967107e-06
2.2681171499628353e-06
2.267180159542767e-06
2.267180159542767e-06
2.2670532624309457e-06
2.266925077023572e-06
2.266925077023572e-06
2.266795583601838e-06
2.265280360378689e-06
2.2651490909929756e-06
2.265025277859494e-06
2.2636338677698013e-06
2.262885462038498e-06
2.262885462038498e-06
2.262885462038498e-06
2.262885462038498e-06
2.2627585649266767e-06
2.2627585649266767e-06
2.2627585649266767e-06
2.2627585649266767e-06
2.2627585649266767e-06
2.2627585649266763e-06
2.2627585649266763e-06
2.2627585649266763e-06
2.262630379519303e-06
2.262630379519303e-06
2.262630379519303e-06
2.262630379519303e-06
2.262630379519303e-06
2.262630379519303e-06
2.262630379519303e-06
2.262630379519303e-06
2.262630379519303e-06
2.262630379519303e-06
2.262500886097569e-06
