0.0000014340881665412627519892935570866576711068773875012993812561035156250000000000000000000000000000
0.0000014328361486613769975733160763620155364606034709140658378601074218750000000000000000000000000000
0.0000014340881665412627519892935570866576711068773875012993812561035156250000000000000000000000000000
0.0003877270005903913794795268010773270361823961138725280761718750000000000000000000000000000000000000
0.0000014328361486613769975733160763620155364606034709140658378601074218750000000000000000000000000000
0.0001011001948251002844269760827522475210571428760886192321777343750000000000000000000000000000000000
0.0000014340881665412627519892935570866576711068773875012993812561035156250000000000000000000000000000
0.0000014622715461129747932170338739488180124226346379145979881286621093750000000000000000000000000000
0.0001011003243185220072577340522101962960732635110616683959960937500000000000000000000000000000000000
0.0000014328361486613769975733160763620155364606034709140658378601074218750000000000000000000000000000
0.0000014538420791019450985589881245041432578091189498081803321838378906250000000000000000000000000000
0.0000014328361486613769975733160763620155364606034709140658378601074218750000000000000000000000000000
0.0000014807289282565402078339781080651427203065395588055253028869628906250000000000000000000000000000
0.0001011005794010412013215691184875311137147946283221244812011718750000000000000000000000000000000000
0.0000014340881665412627519892935570866576711068773875012993812561035156250000000000000000000000000000
0.0000014328361486613769975733160763620155364606034709140658378601074218750000000000000000000000000000
0.0000014622715461129747932170338739488180124226346379145979881286621093750000000000000000000000000000
0.0000014328361486613769975733160763620155364606034709140658378601074218750000000000000000000000000000
0.0000014538420791019450985589881245041432578091189498081803321838378906250000000000000000000000000000
0.0000014328361486613769975733160763620155364606034709140658378601074218750000000000000000000000000000
0.0000014328361486613769975733160763620155364606034709140658378601074218750000000000000000000000000000
0.0001010751986903813038785535094454814952769083902239799499511718750000000000000000000000000000000000
0.0000014328361486613769975733160763620155364606034709140658378601074218750000000000000000000000000000
0.0000015092092393340992734386682080915953463318146532401442527770996093750000000000000000000000000000
0.0000014328361486613769975733160763620155364606034709140658378601074218750000000000000000000000000000
0.0001011004525039293778761531616972035863000201061367988586425781250000000000000000000000000000000000
0.0000014328361486613769975733160763620155364606034709140658378601074218750000000000000000000000000000
0.0000014411658348791598571140160772729998939212237019091844558715820312500000000000000000000000000000
0.0000014538420791019450985589881245041432578091189498081803321838378906250000000000000000000000000000
0.0000014328361486613769975733160763620155364606034709140658378601074218750000000000000000000000000000
0.0000014328361486613769975733160763620155364606034709140658378601074218750000000000000000000000000000
0.0000014495953018901893400138250131425898814541142201051115989685058593750000000000000000000000000000
0.0000014340881665412627519892935570866576711068773875012993812561035156250000000000000000000000000000
0.0000014328361486613769975733160763620155364606034709140658378601074218750000000000000000000000000000
0.0001011004525039293778761531616972035863000201061367988586425781250000000000000000000000000000000000
0.0000014328361486613769975733160763620155364606034709140658378601074218750000000000000000000000000000
0.0000014328361486613769975733160763620155364606034709140658378601074218750000000000000000000000000000
0.0000015108851781044307218207240622875886515430465806275606155395507812500000000000000000000000000000
0.0000014340881665412627519892935570866576711068773875012993812561035156250000000000000000000000000000
0.0000014328361486613769975733160763620155364606034709140658378601074218750000000000000000000000000000
0.0001011004525039293778761531616972035863000201061367988586425781250000000000000000000000000000000000
0.0003877270005903913794795268010773270361823961138725280761718750000000000000000000000000000000000000
0.0000014328361486613769975733160763620155364606034709140658378601074218750000000000000000000000000000
0.0000014328361486613769975733160763620155364606034709140658378601074218750000000000000000000000000000
0.0000014340881665412627519892935570866576711068773875012993812561035156250000000000000000000000000000
0.0000014328361486613769975733160763620155364606034709140658378601074218750000000000000000000000000000
0.0003877266160144504625849337653420434435247443616390228271484375000000000000000000000000000000000000
0.0000014328361486613769975733160763620155364606034709140658378601074218750000000000000000000000000000
0.0000014328361486613769975733160763620155364606034709140658378601074218750000000000000000000000000000
0.0000014719299697577747518208082094792743532707390841096639633178710937500000000000000000000000000000
0.0000014328361486613769975733160763620155364606034709140658378601074218750000000000000000000000000000
0.0000014328361486613769975733160763620155364606034709140658378601074218750000000000000000000000000000
0.0000014495953018901893400138250131425898814541142201051115989685058593750000000000000000000000000000
0.0000014328361486613769975733160763620155364606034709140658378601074218750000000000000000000000000000
0.0000014340881665412627519892935570866576711068773875012993812561035156250000000000000000000000000000
0.0000014328361486613769975733160763620155364606034709140658378601074218750000000000000000000000000000
0.0001010754537729004979423885757228163129184395074844360351562500000000000000000000000000000000000000
0.0000014328361486613769975733160763620155364606034709140658378601074218750000000000000000000000000000
0.0000014538420791019450985589881245041432578091189498081803321838378906250000000000000000000000000000
0.0000014437465901860627105930678926171140119549818336963653564453125000000000000000000000000000000000
0.0000014328361486613769975733160763620155364606034709140658378601074218750000000000000000000000000000
0.0000014328361486613769975733160763620155364606034709140658378601074218750000000000000000000000000000
0.0000014328361486613769975733160763620155364606034709140658378601074218750000000000000000000000000000
0.0000014437465901860627105930678926171140119549818336963653564453125000000000000000000000000000000000
0.0000014328361486613769975733160763620155364606034709140658378601074218750000000000000000000000000000
0.0000014328361486613769975733160763620155364606034709140658378601074218750000000000000000000000000000
0.0000014340881665412627519892935570866576711068773875012993812561035156250000000000000000000000000000
0.0000015108851781044307218207240622875886515430465806275606155395507812500000000000000000000000000000
0.0000014328361486613769975733160763620155364606034709140658378601074218750000000000000000000000000000
0.0000015636814998951404695047995990764277962625783402472734451293945312500000000000000000000000000000
0.0001011003243185220072577340522101962960732635110616683959960937500000000000000000000000000000000000
0.0001011003243185220072577340522101962960732635110616683959960937500000000000000000000000000000000000
0.0001011004525039293778761531616972035863000201061367988586425781250000000000000000000000000000000000
0.0001011003243185220072577340522101962960732635110616683959960937500000000000000000000000000000000000
0.0000014340881665412627519892935570866576711068773875012993812561035156250000000000000000000000000000
0.0000014340881665412627519892935570866576711068773875012993812561035156250000000000000000000000000000
0.0000014328361486613769975733160763620155364606034709140658378601074218750000000000000000000000000000
0.0000014328361486613769975733160763620155364606034709140658378601074218750000000000000000000000000000
0.0001011004525039293778761531616972035863000201061367988586425781250000000000000000000000000000000000
0.0000014340881665412627519892935570866576711068773875012993812561035156250000000000000000000000000000
0.0000014328361486613769975733160763620155364606034709140658378601074218750000000000000000000000000000
0.0000014340881665412627519892935570866576711068773875012993812561035156250000000000000000000000000000
0.0001011005794010412013215691184875311137147946283221244812011718750000000000000000000000000000000000
0.0000014538420791019450985589881245041432578091189498081803321838378906250000000000000000000000000000
0.0000014328361486613769975733160763620155364606034709140658378601074218750000000000000000000000000000
0.0000014328361486613769975733160763620155364606034709140658378601074218750000000000000000000000000000
0.0000014328361486613769975733160763620155364606034709140658378601074218750000000000000000000000000000
0.0001011004525039293778761531616972035863000201061367988586425781250000000000000000000000000000000000
0.0000014982089338816454803757520150564452876551513327285647392272949218750000000000000000000000000000
0.0001010753268757886744969726189324887855036649852991104125976562500000000000000000000000000000000000
0.0000014328361486613769975733160763620155364606034709140658378601074218750000000000000000000000000000
0.0001011003243185220072577340522101962960732635110616683959960937500000000000000000000000000000000000
0.0001011003243185220072577340522101962960732635110616683959960937500000000000000000000000000000000000
0.0003877016198797314820365111920352774177445098757743835449218750000000000000000000000000000000000000
0.0000014328361486613769975733160763620155364606034709140658378601074218750000000000000000000000000000
0.0000014328361486613769975733160763620155364606034709140658378601074218750000000000000000000000000000
0.0000014413220476250185234751936130814797820676176343113183975219726562500000000000000000000000000000
0.0000014413220476250185234751936130814797820676176343113183975219726562500000000000000000000000000000
0.0003877016211680270156569871886631517554633319377899169921875000000000000000000000000000000000000000
0.0001011001948251002844269760827522475210571428760886192321777343750000000000000000000000000000000000
0.0000014891583952675699024920238575098174749200552469119429588317871093750000000000000000000000000000
0.0000018840316655761624727667604556335945176215318497270345687866210937500000000000000000000000000000
0.0000014495953018901893400138250131425898814541142201051115989685058593750000000000000000000000000000
0.0000014328361486613769975733160763620155364606034709140658378601074218750000000000000000000000000000
0.0000014328361486613769975733160763620155364606034709140658378601074218750000000000000000000000000000
0.0000014483997159629156285999161332678220048819639487192034721374511718750000000000000000000000000000
0.0000014328361486613769975733160763620155364606034709140658378601074218750000000000000000000000000000
0.0000014495953018901893400138250131425898814541142201051115989685058593750000000000000000000000000000
0.0001011005794010412013215691184875311137147946283221244812011718750000000000000000000000000000000000
0.0000014411658348791598571140160772729998939212237019091844558715820312500000000000000000000000000000
0.0001011004525039293778761531616972035863000201061367988586425781250000000000000000000000000000000000
0.0000016499393400799186745563475534059882932069740490987896919250488281250000000000000000000000000000
0.0003877267455078721447581102665935759432613849639892578125000000000000000000000000000000000000000000
0.0000014568291829739451114997250691374119924148544669151306152343750000000000000000000000000000000000
0.0000014328361486613769975733160763620155364606034709140658378601074218750000000000000000000000000000
0.0001010754537729004979423885757228163129184395074844360351562500000000000000000000000000000000000000
0.0000014328361486613769975733160763620155364606034709140658378601074218750000000000000000000000000000
0.0000014328361486613769975733160763620155364606034709140658378601074218750000000000000000000000000000
0.0000014340881665412627519892935570866576711068773875012993812561035156250000000000000000000000000000
0.0003877270005903913794795268010773270361823961138725280761718750000000000000000000000000000000000000
0.0000014328361486613769975733160763620155364606034709140658378601074218750000000000000000000000000000
0.0001011004525039293778761531616972035863000201061367988586425781250000000000000000000000000000000000
0.0000014328361486613769975733160763620155364606034709140658378601074218750000000000000000000000000000
0.0000014622715461129747932170338739488180124226346379145979881286621093750000000000000000000000000000
0.0001011004525039293778761531616972035863000201061367988586425781250000000000000000000000000000000000
0.0000015844667740664294028996939359132944957764266291633248329162597656250000000000000000000000000000
0.0000014495953018901893400138250131425898814541142201051115989685058593750000000000000000000000000000
0.0000014328361486613769975733160763620155364606034709140658378601074218750000000000000000000000000000
0.0001011005794010412013215691184875311137147946283221244812011718750000000000000000000000000000000000
0.0000014340881665412627519892935570866576711068773875012993812561035156250000000000000000000000000000
0.0001011001948251002844269760827522475210571428760886192321777343750000000000000000000000000000000000
0.0000014328361486613769975733160763620155364606034709140658378601074218750000000000000000000000000000
0.0001011004525039293778761531616972035863000201061367988586425781250000000000000000000000000000000000
0.0000014411658348791598571140160772729998939212237019091844558715820312500000000000000000000000000000
0.0001011004525039293778761531616972035863000201061367988586425781250000000000000000000000000000000000
0.0000014411658348791598571140160772729998939212237019091844558715820312500000000000000000000000000000
0.0000014891583952675699024920238575098174749200552469119429588317871093750000000000000000000000000000
0.0000014328361486613769975733160763620155364606034709140658378601074218750000000000000000000000000000
0.0000014413220476250185234751936130814797820676176343113183975219726562500000000000000000000000000000
0.0001011001948251002844269760827522475210571428760886192321777343750000000000000000000000000000000000
0.0000014411658348791598571140160772729998939212237019091844558715820312500000000000000000000000000000
0.0001010751999786768510515566621421612580888904631137847900390625000000000000000000000000000000000000
0.0000014328361486613769975733160763620155364606034709140658378601074218750000000000000000000000000000
0.0000015552520328841334329780929021658231192759558325633406639099121093750000000000000000000000000000
0.0000014437465901860627105930678926171140119549818336963653564453125000000000000000000000000000000000
0.0000014328361486613769975733160763620155364606034709140658378601074218750000000000000000000000000000
0.0000014340881665412627519892935570866576711068773875012993812561035156250000000000000000000000000000
0.0000014328361486613769975733160763620155364606034709140658378601074218750000000000000000000000000000
0.0001011005794010412013215691184875311137147946283221244812011718750000000000000000000000000000000000
0.0001011003243185220072577340522101962960732635110616683959960937500000000000000000000000000000000000
0.0001011003243185220072577340522101962960732635110616683959960937500000000000000000000000000000000000
0.0000014340881665412627519892935570866576711068773875012993812561035156250000000000000000000000000000
0.0000014437465901860627105930678926171140119549818336963653564453125000000000000000000000000000000000
0.0000014328361486613769975733160763620155364606034709140658378601074218750000000000000000000000000000
0.0001010750691969595810477955399875327202607877552509307861328125000000000000000000000000000000000000
0.0000014340881665412627519892935570866576711068773875012993812561035156250000000000000000000000000000
0.0000014328361486613769975733160763620155364606034709140658378601074218750000000000000000000000000000
0.0000014610759601857008700448881804989653687698591966181993484497070312500000000000000000000000000000
0.0000014340881665412627519892935570866576711068773875012993812561035156250000000000000000000000000000
0.0000014340881665412627519892935570866576711068773875012993812561035156250000000000000000000000000000
0.0000014328361486613769975733160763620155364606034709140658378601074218750000000000000000000000000000
0.0001011003243185220072577340522101962960732635110616683959960937500000000000000000000000000000000000
0.0000014328361486613769975733160763620155364606034709140658378601074218750000000000000000000000000000
0.0001011005794010412013215691184875311137147946283221244812011718750000000000000000000000000000000000
0.0000014340881665412627519892935570866576711068773875012993812561035156250000000000000000000000000000
0.0000014328361486613769975733160763620155364606034709140658378601074218750000000000000000000000000000
0.0001011005794010412013215691184875311137147946283221244812011718750000000000000000000000000000000000
0.0000014411658348791598571140160772729998939212237019091844558715820312500000000000000000000000000000
0.0000014328361486613769975733160763620155364606034709140658378601074218750000000000000000000000000000
0.0000014328361486613769975733160763620155364606034709140658378601074218750000000000000000000000000000
0.0000014413220476250185234751936130814797820676176343113183975219726562500000000000000000000000000000
0.0000014568291829739451114997250691374119924148544669151306152343750000000000000000000000000000000000
0.0000014437465901860627105930678926171140119549818336963653564453125000000000000000000000000000000000
0.0000014328361486613769975733160763620155364606034709140658378601074218750000000000000000000000000000
0.0000014328361486613769975733160763620155364606034709140658378601074218750000000000000000000000000000
0.0000014340881665412627519892935570866576711068773875012993812561035156250000000000000000000000000000
0.0000014328361486613769975733160763620155364606034709140658378601074218750000000000000000000000000000
0.0000014411658348791598571140160772729998939212237019091844558715820312500000000000000000000000000000
0.0001011003243185220072577340522101962960732635110616683959960937500000000000000000000000000000000000
0.0001011003243185220072577340522101962960732635110616683959960937500000000000000000000000000000000000
0.0003877270005903913794795268010773270361823961138725280761718750000000000000000000000000000000000000
0.0000014328361486613769975733160763620155364606034709140658378601074218750000000000000000000000000000
0.0000014340881665412627519892935570866576711068773875012993812561035156250000000000000000000000000000
0.0000014538420791019450985589881245041432578091189498081803321838378906250000000000000000000000000000
0.0000015104612572139850278546456888162374809780885698273777961730957031250000000000000000000000000000
0.0000014460127784105138641190368281597145028172235470265150070190429687500000000000000000000000000000
0.0000014340881665412627519892935570866576711068773875012993812561035156250000000000000000000000000000
0.0003877267455078721447581102665935759432613849639892578125000000000000000000000000000000000000000000
0.0000014328361486613769975733160763620155364606034709140658378601074218750000000000000000000000000000
0.0000014495953018901893400138250131425898814541142201051115989685058593750000000000000000000000000000
0.0001010749422998477576023795831972051928460132330656051635742187500000000000000000000000000000000000
0.0000014437465901860627105930678926171140119549818336963653564453125000000000000000000000000000000000
0.0000014411658348791598571140160772729998939212237019091844558715820312500000000000000000000000000000
0.0001011004525039293778761531616972035863000201061367988586425781250000000000000000000000000000000000
0.0001011001948251002844269760827522475210571428760886192321777343750000000000000000000000000000000000
0.0000014538420791019450985589881245041432578091189498081803321838378906250000000000000000000000000000
0.0003877268736932795289290565321493886585813015699386596679687500000000000000000000000000000000000000
0.0003877268736932795289290565321493886585813015699386596679687500000000000000000000000000000000000000
0.0000014328361486613769975733160763620155364606034709140658378601074218750000000000000000000000000000
0.0000014413220476250185234751936130814797820676176343113183975219726562500000000000000000000000000000
