0.0001211828531081533675455366716455785081052454188466072082519531250000000000000000000000000000000000
0.0000085711134871409423534576593750600181920162867754697799682617187500000000000000000000000000000000
0.0000085532534414349148946732012688265456290537258610129356384277343750000000000000000000000000000000
0.0000095778664976055990571334949890136556405195733532309532165527343750000000000000000000000000000000
0.0002510232655113917477236740172230611278791911900043487548828125000000000000000000000000000000000000
0.0000085617812922112129878776665137252166459802538156509399414062500000000000000000000000000000000000
0.0000128331507941085881684996350404759368757368065416812896728515625000000000000000000000000000000000
0.0000129004546833643423547639123016850248859554994851350784301757812500000000000000000000000000000000
0.0000085944839928742608188387552825560078417765907943248748779296875000000000000000000000000000000000
0.0000087015120047448896265385870352204733535472769290208816528320312500000000000000000000000000000000
0.0000128784993743962039792127702297896973959723254665732383728027343750000000000000000000000000000000
0.0000085517414402962084609511814181637134879565564915537834167480468750000000000000000000000000000000
0.0000090674790471929828182106464451450733577075880020856857299804687500000000000000000000000000000000
0.0001211576005829008407209401720905361798941157758235931396484375000000000000000000000000000000000000
0.0000085716876149965543678702073471242783853085711598396301269531250000000000000000000000000000000000
0.0001268708902601020302447487608787923818454146385192871093750000000000000000000000000000000000000000
0.0000086235913803681480202393064282695434030756587162613868713378906250000000000000000000000000000000
0.0000122509376992090345491730890570281076179526280611753463745117187500000000000000000000000000000000
0.0001211577313646181378297556063827755679085385054349899291992187500000000000000000000000000000000000
0.0000085711134871409423534576593750600181920162867754697799682617187500000000000000000000000000000000
0.0000129009551325163945877973203923971823314786888659000396728515625000000000000000000000000000000000
0.0001211829826015751039288217971723327082145260646939277648925781250000000000000000000000000000000000
0.0000085457327764810449104420503330103997541300486773252487182617187500000000000000000000000000000000
0.0000090844270070101322420369829857555998842144617810845375061035156250000000000000000000000000000000
0.0001211829838898706646543521059378178961196681484580039978027343750000000000000000000000000000000000
0.0002509982733011203396428223655334477371070533990859985351562500000000000000000000000000000000000000
0.0000085458609618884172229270543286183681175316451117396354675292968750000000000000000000000000000000
0.0004604715118993781409854892938682269232231192290782928466796875000000000000000000000000000000000000
0.0000096761145636092352060242047229188244727993151172995567321777343750000000000000000000000000000000
0.0000085468750960215296100111817545474934831872815266251564025878906250000000000000000000000000000000
0.0000085711134871409423534576593750600181920162867754697799682617187500000000000000000000000000000000
0.0001211573428642296349150644929615339151496300473809242248535156250000000000000000000000000000000000
0.0000154848832143541199706480993025792258777073584496974945068359375000000000000000000000000000000000
0.0000085458609618884172229270543286183681175316451117396354675292968750000000000000000000000000000000
0.0000090114214436018175331810642347818429698236286640167236328125000000000000000000000000000000000000
0.0000085457327764810449104420503330103997541300486773252487182617187500000000000000000000000000000000
0.0000144009914861552142199005790978993957196507835760712623596191406250000000000000000000000000000000
0.0002510231386541220501874838166855852250591851770877838134765625000000000000000000000000000000000000
0.0000085716876149965543678702073471242783853085711598396301269531250000000000000000000000000000000000
0.0000085711134871409423534576593750600181920162867754697799682617187500000000000000000000000000000000
0.0000086515303472833580988345103524039814146817661821842193603515625000000000000000000000000000000000
0.0001211825953894821617396609925165762433607596904039382934570312500000000000000000000000000000000000
0.0000085711134871409423534576593750600181920162867754697799682617187500000000000000000000000000000000
0.0000085457327764810449104420503330103997541300486773252487182617187500000000000000000000000000000000
0.0000093395887415099350506225359125345164557074895128607749938964843750000000000000000000000000000000
0.0000130247407753859372164361579704561222570191603153944015502929687500000000000000000000000000000000
0.0000128928344234286169602476598838869392693595727905631065368652343750000000000000000000000000000000
0.0002509985283836395201541302757419771296554245054721832275390625000000000000000000000000000000000000
0.0000128882046679832356343058455405703455198818119242787361145019531250000000000000000000000000000000
0.0000086186649597558640450512337793931294527283171191811561584472656250000000000000000000000000000000
0.0000092015496405328103877822865097613203033688478171825408935546875000000000000000000000000000000000
0.0000347192928864270498857079461085817229104577563703060150146484375000000000000000000000000000000000
0.0000085824874925837509005233441627957802211312809959053993225097656250000000000000000000000000000000
0.0001211572160069599102738199802864471621433040127158164978027343750000000000000000000000000000000000
0.0000085549186979388085324757518002058986894553527235984802246093750000000000000000000000000000000000
0.0001211822055404177813590221868267349236703012138605117797851562500000000000000000000000000000000000
0.0001211832376840943115451840195184729509492171928286552429199218750000000000000000000000000000000000
0.0000133097671565148265206005376293241226903774077072739601135253906250000000000000000000000000000000
0.0000085840977149203102675081161754278014086594339460134506225585937500000000000000000000000000000000
0.0000129933825658960636003106878244572897074249340221285820007324218750000000000000000000000000000000
0.0001211568248297578839160065777846853052324149757623672485351562500000000000000000000000000000000000
0.0000085458609618884172229270543286183681175316451117396354675292968750000000000000000000000000000000
0.0025658345504336629687436310831571972812525928020477294921875000000000000000000000000000000000000000
0.0000100121903036929886933285860362019548119860701262950897216796875000000000000000000000000000000000
0.0000088527808932351907770250468154848988433514023199677467346191406250000000000000000000000000000000
0.0002510235271146684407454763299227806783164851367473602294921875000000000000000000000000000000000000
0.0000085591927996796185435608370073445883008389500901103019714355468750000000000000000000000000000000
0.0000133481568315610705496637375389035184980457415804266929626464843750000000000000000000000000000000
0.0001211828557044632804834058403820051807997515425086021423339843750000000000000000000000000000000000
0.0002510235271146684407454763299227806783164851367473602294921875000000000000000000000000000000000000
0.0000089751118734922744009157788425135038323787739500403404235839843750000000000000000000000000000000
0.0000135260109726007752265928771318037604487471980974078178405761718750000000000000000000000000000000
0.0000128884648304858860905913742200823435268830507993698120117187500000000000000000000000000000000000
0.0002509980169303056255110384586970440068398602306842803955078125000000000000000000000000000000000000
0.0000085716876149965543678702073471242783853085711598396301269531250000000000000000000000000000000000
0.0000085600265794690582119149876993979830785974627360701560974121093750000000000000000000000000000000
0.0000133736726013738892263884791566930232420418178662657737731933593750000000000000000000000000000000
0.0000085711134871409423534576593750600181920162867754697799682617187500000000000000000000000000000000
0.0004683352755823796779999224071389107848517596721649169921875000000000000000000000000000000000000000
0.0000088128366998583636704889948676466815413732547312974929809570312500000000000000000000000000000000
0.0000085711134871409423534576593750600181920162867754697799682617187500000000000000000000000000000000
0.0000085472675812379200386247057874555821399553678929805755615234375000000000000000000000000000000000
0.0000125881315504653727227945755884341849650809308513998985290527343750000000000000000000000000000000
0.0000085688839553258711024229243857774918069480918347835540771484375000000000000000000000000000000000
0.0000130320697696620071216787664636349575175700010731816291809082031250000000000000000000000000000000
0.0000121455206197917584925701287024146779458533274009823799133300781250000000000000000000000000000000
0.0002509984001982321359831840101861644143355078995227813720703125000000000000000000000000000000000000
0.0000127036790576151243975424470766810713939776178449392318725585937500000000000000000000000000000000
0.0001211819531347121107383094096299203101807506754994392395019531250000000000000000000000000000000000
0.0002509986552807513707046005446699155072565190494060516357421875000000000000000000000000000000000000
0.0000085459878590002389742771166103452173956611659377813339233398437500000000000000000000000000000000
0.0003302555009399076664695915628300326716271229088306427001953125000000000000000000000000000000000000
0.0000130369761007938917801414827057904233242879854515194892883300781250000000000000000000000000000000
0.0001211574749938033830403902313399555623618653044104576110839843750000000000000000000000000000000000
0.0000125235052147460082771482023367148883608024334535002708435058593750000000000000000000000000000000
0.0000085469241616210608008087981635192420526436762884259223937988281250000000000000000000000000000000
0.0001211824711285223635888128046467215881420997902750968933105468750000000000000000000000000000000000
0.0000104868270574605279105108099346743699697981355711817741394042968750000000000000000000000000000000
0.0000129015292603720066022098683644614425247709732502698898315429687500000000000000000000000000000000
0.0000086733664275473045337551403211051592734293080866336822509765625000000000000000000000000000000000
0.0000157603385648216603196012514098711676524544600397348403930664062500000000000000000000000000000000
0.0000089660951587894093179394866544029696342477109283208847045898437500000000000000000000000000000000
0.0000089304862202165065685833048036990078344388166442513465881347656250000000000000000000000000000000
0.0000085711134871409423534576593750600181920162867754697799682617187500000000000000000000000000000000
0.0000135938446000114791827528479273290429318876704201102256774902343750000000000000000000000000000000
0.0000085836066669427329604369694693311032551719108596444129943847656250000000000000000000000000000000
0.0000138614038004145008519188420059720101562561467289924621582031250000000000000000000000000000000000
0.0000132909527547480933842892827922987919464503647759556770324707031250000000000000000000000000000000
0.0000128726631772667757301707031070137077222170773893594741821289062500000000000000000000000000000000
0.0000085788988185266087325422587617218539435270940884947776794433593750000000000000000000000000000000
0.0001211578582617299612751715631731030953233130276203155517578125000000000000000000000000000000000000
0.0000086027689819488726267636066746824496931367320939898490905761718750000000000000000000000000000000
0.0000099418271478823480276961616075581673612759914249181747436523437500000000000000000000000000000000
0.0000128352167540274632973962623538888294660864630714058876037597656250000000000000000000000000000000
0.0002509984014865277238137686310892604524269700050354003906250000000000000000000000000000000000000000
0.0001211831107869824880997680627281454235344426706433296203613281250000000000000000000000000000000000
0.0000086210929965149425983819003738162223271501716226339340209960937500000000000000000000000000000000
0.0002510235258263728529148917090196846402250230312347412109375000000000000000000000000000000000000000
0.0000085473957666452923511097097830635505033569643273949623107910156250000000000000000000000000000000
0.0000087133135793577294305129257723230296051042387261986732482910156250000000000000000000000000000000
0.0000085711134871409423534576593750600181920162867754697799682617187500000000000000000000000000000000
0.0000087563393757059034141305639553642947703337995335459709167480468750000000000000000000000000000000
0.0003655156722983725304729207827847403677878901362419128417968750000000000000000000000000000000000000
0.0000128184042196787911479030630523823219846235588192939758300781250000000000000000000000000000000000
0.0000116466757787966520963250302567182359325670404359698295593261718750000000000000000000000000000000
0.0000128640746242442238040596530490589088913111481815576553344726562500000000000000000000000000000000
0.0000085853997585540927088738893946384678201866336166858673095703125000000000000000000000000000000000
0.0000085459878590002389742771166103452173956611659377813339233398437500000000000000000000000000000000
0.0000120471381183961791461406801162503654722968349233269691467285156250000000000000000000000000000000
0.0000129014010749646342897248643688534741613693768158555030822753906250000000000000000000000000000000
0.0000343780617537015669381815496929988285046420060098171234130859375000000000000000000000000000000000
0.0000085711134871409423534576593750600181920162867754697799682617187500000000000000000000000000000000
0.0004175104504245680378179961245166396111017093062400817871093750000000000000000000000000000000000000
0.0000145320951201796237536824005220914557412470458075404167175292968750000000000000000000000000000000
0.0000085516145431843867096011191364368642098270356655120849609375000000000000000000000000000000000000
0.0000128854673662378579830677452489062773111072601750493049621582031250000000000000000000000000000000
0.0000087666407195363193029843257297883951650874223560094833374023437500000000000000000000000000000000
0.0000091967655306670518746857065361943739389971597120165824890136718750000000000000000000000000000000
0.0000188599444246803231483092244680221938324393704533576965332031250000000000000000000000000000000000
0.0000094420581824686293574656545390944017981382785364985466003417968750000000000000000000000000000000
0.0000128216309364348317480610320306944061030662851408123970031738281250000000000000000000000000000000
0.0001211828569927588412089361491474903687048936262726783752441406250000000000000000000000000000000000
0.0000090381269755310117701603556117362359145772643387317657470703125000000000000000000000000000000000
0.0000086367532040363759540668731062851293245330452919006347656250000000000000000000000000000000000000
0.0000085611092004317729188718477661979022741434164345264434814453125000000000000000000000000000000000
0.0000085458609618884172229270543286183681175316451117396354675292968750000000000000000000000000000000
0.0000106352194472899810640019804819367266190965892747044563293457031250000000000000000000000000000000
0.0000129012089267400380904974449558508808877377305179834365844726562500000000000000000000000000000000
0.0000085386962078442593248196051947118689895432908087968826293945312500000000000000000000000000000000
0.0001058200308549962380183159793567426731897285208106040954589843750000000000000000000000000000000000
0.0000085474292584622272981762988730558561201178235933184623718261718750000000000000000000000000000000
0.0001211831107869824880997680627281454235344426706433296203613281250000000000000000000000000000000000
0.0000086424975123878116251572092942900837897468591108918190002441406250000000000000000000000000000000
0.0000085459878590002389742771166103452173956611659377813339233398437500000000000000000000000000000000
0.0001211576005829008407209401720905361798941157758235931396484375000000000000000000000000000000000000
0.0000085600009168929935187081561864808065820398041978478431701660156250000000000000000000000000000000
0.0000085646975043039448306477282035764631018537329509854316711425781250000000000000000000000000000000
0.0000087383422839887263237380887748173563522868789732456207275390625000000000000000000000000000000000
0.0001211576031792107536588093408269628525886218994855880737304687500000000000000000000000000000000000
0.0000127741229708009851784474009139813688307185657322406768798828125000000000000000000000000000000000
0.0000086377063335534448742332111481623257986939279362559318542480468750000000000000000000000000000000
0.0000085457327764810449104420503330103997541300486773252487182617187500000000000000000000000000000000
0.0000128669415280707063694611014259550074712024070322513580322265625000000000000000000000000000000000
0.0000090474001581819468275746237706513852572243195027112960815429687500000000000000000000000000000000
0.0000102195888644001550954031748430494985768746118992567062377929687500000000000000000000000000000000
0.0000085459878590002389742771166103452173956611659377813339233398437500000000000000000000000000000000
0.0000085475226637571141024597720647903997814864851534366607666015625000000000000000000000000000000000
0.0000085788988185266087325422587617218539435270940884947776794433593750000000000000000000000000000000
0.0000085459878590002389742771166103452173956611659377813339233398437500000000000000000000000000000000
0.0000085458609618884172229270543286183681175316451117396354675292968750000000000000000000000000000000
0.0000085832117339747311456988124178657528773328522220253944396972656250000000000000000000000000000000
0.0001211829826015751039288217971723327082145260646939277648925781250000000000000000000000000000000000
0.0000085843184278203202286754852634587109605490695685148239135742187500000000000000000000000000000000
0.0000085457327764810449104420503330103997541300486773252487182617187500000000000000000000000000000000
0.0000085459878590002389742771166103452173956611659377813339233398437500000000000000000000000000000000
0.0000129950050501330464203892864349931812739669112488627433776855468750000000000000000000000000000000
0.0000085458609618884172229270543286183681175316451117396354675292968750000000000000000000000000000000
0.0000126780637628813067053438340403559436708746943622827529907226562500000000000000000000000000000000
0.0002509981425194030696390612433788191992789506912231445312500000000000000000000000000000000000000000
0.0000085555312204946391162934185570243528218270512297749519348144531250000000000000000000000000000000
0.0000085470335918801570778899345803836240520467981696128845214843750000000000000000000000000000000000
0.0000089686210687850281955474027184571639281784882768988609313964843750000000000000000000000000000000
0.0000120551808708624214852740685888221605637227185070514678955078125000000000000000000000000000000000
0.0000085647379773151991068759827929746109020925359800457954406738281250000000000000000000000000000000
0.0000138882681900678876709808590161898678161378484219312667846679687500000000000000000000000000000000
0.0000085697353023956675439638114299967242004640866070985794067382812500000000000000000000000000000000
0.0000085464350897440292373396023006826283108239294961094856262207031250000000000000000000000000000000
0.0000085457327764810449104420503330103997541300486773252487182617187500000000000000000000000000000000
0.0001211568248297578839160065777846853052324149757623672485351562500000000000000000000000000000000000
0.0000085735943976621691319005627573979211319965543225407600402832031250000000000000000000000000000000
0.0000138017759971366846499622738075885308717261068522930145263671875000000000000000000000000000000000
0.0000131034889949634615234023288232734216762764845043420791625976562500000000000000000000000000000000
0.0000085532235508206832299291436094712537396844709292054176330566406250000000000000000000000000000000
0.0000128914045079514021020956893170961166106280870735645294189453125000000000000000000000000000000000
0.0001211827262110415441001207148552509806904708966612815856933593750000000000000000000000000000000000
0.0000128586694224188489575795568686800152136129327118396759033203125000000000000000000000000000000000
0.0000085458609618884172229270543286183681175316451117396354675292968750000000000000000000000000000000
0.0000085458609618884172229270543286183681175316451117396354675292968750000000000000000000000000000000
0.0000085458609618884172229270543286183681175316451117396354675292968750000000000000000000000000000000
0.0000085474569006299399312681988605255867241794476285576820373535156250000000000000000000000000000000
