0.00010026948988939942
9.260617105439286e-05
9.24917248137281e-05
9.176778958585796e-05
9.076504162243816e-05
9.013981584506158e-06
8.035008733614655e-06
6.061812755330083e-06
4.317658638312826e-06
3.3191915063317856e-06
2.640274781813361e-06
1.952692029586343e-06
1.8186047298954677e-06
1.6561825856996022e-06
1.6088008327893816e-06
1.5930602697661667e-06
1.5558515550977803e-06
1.5558515550977803e-06
1.5552011062973926e-06
1.5493368151651915e-06
1.5452212095687034e-06
1.5383811345446557e-06
1.5291809119132464e-06
1.5284565832865049e-06
1.5227773236899253e-06
1.5226661719806575e-06
1.5100610527999933e-06
1.5092216516680364e-06
1.4960560615539275e-06
1.4951279466678239e-06
1.4941399564342095e-06
1.4941399564342095e-06
1.4770242271063534e-06
1.4701936361325366e-06
1.4676541287478341e-06
1.4626606284724255e-06
1.4620996965536795e-06
1.4572297714911752e-06
1.4550127514925169e-06
1.4550127514925169e-06
1.4550127514925169e-06
1.453114717785612e-06
1.450120719202719e-06
1.450120719202719e-06
1.4500532506645265e-06
1.448498011559928e-06
1.448498011559928e-06
1.448498011559928e-06
1.448498011559928e-06
1.448498011559928e-06
1.448498011559928e-06
1.448498011559928e-06
1.4455695948794237e-06
1.445504012977035e-06
1.445504012977035e-06
1.445504012977035e-06
1.445504012977035e-06
1.445504012977035e-06
1.445504012977035e-06
1.4436059792701303e-06
1.4425790277011777e-06
1.4416836962599445e-06
1.4413234267732165e-06
1.4413234267732165e-06
1.4413234267732165e-06
1.4413234267732165e-06
1.4413234267732165e-06
1.4413234267732165e-06
1.4389892730444723e-06
1.4389892730444723e-06
1.4389892730444723e-06
1.4389892730444723e-06
1.4389892730444723e-06
1.4389892730444723e-06
1.4389892730444723e-06
1.4389892730444723e-06
1.4382922560189917e-06
1.4382922560189917e-06
1.4382922560189917e-06
1.4382922560189917e-06
1.4382922560189917e-06
1.436672449962446e-06
1.4336755497933076e-06
1.4336755497933076e-06
1.4336755497933076e-06
1.4336755497933076e-06
1.4336755497933076e-06
1.4336755497933076e-06
1.4336755497933076e-06
1.4336755497933076e-06
1.4336755497933076e-06
1.4336755497933076e-06
1.4336755497933076e-06
1.4336755497933076e-06
1.4336755497933076e-06
1.4336755497933076e-06
1.4336755497933076e-06
1.4336755497933076e-06
1.4336755497933076e-06
1.4336755497933076e-06
1.4336755497933076e-06
1.4336755497933076e-06
1.4336755497933076e-06
1.4336755497933076e-06
1.4336755497933076e-06
1.4336755497933076e-06
1.432836148661377e-06
1.432836148661377e-06
1.432836148661377e-06
1.432836148661377e-06
1.432836148661377e-06
1.432836148661377e-06
1.432836148661377e-06
1.432836148661377e-06
1.432836148661377e-06
1.432836148661377e-06
1.432836148661377e-06
1.432836148661377e-06
1.432836148661377e-06
1.432836148661377e-06
1.432836148661377e-06
1.432836148661377e-06
1.432836148661377e-06
1.432836148661377e-06
1.432836148661377e-06
1.432836148661377e-06
1.432836148661377e-06
1.432836148661377e-06
1.432836148661377e-06
1.432836148661377e-06
1.432836148661377e-06
1.432836148661377e-06
1.432836148661377e-06
1.432836148661377e-06
1.432836148661377e-06
1.432836148661377e-06
1.432836148661377e-06
1.432836148661377e-06
1.432836148661377e-06
1.432836148661377e-06
1.432836148661377e-06
1.432836148661377e-06
1.432836148661377e-06
1.432836148661377e-06
1.432836148661377e-06
1.432836148661377e-06
1.432836148661377e-06
1.432836148661377e-06
1.432836148661377e-06
1.432836148661377e-06
1.432836148661377e-06
1.432836148661377e-06
1.432836148661377e-06
1.432836148661377e-06
1.432836148661377e-06
1.432836148661377e-06
1.432836148661377e-06
1.432836148661377e-06
1.432836148661377e-06
1.432836148661377e-06
1.432836148661377e-06
1.432836148661377e-06
1.432836148661377e-06
1.432836148661377e-06
1.432836148661377e-06
1.432836148661377e-06
1.432836148661377e-06
1.432836148661377e-06
1.432836148661377e-06
1.432836148661377e-06
1.432836148661377e-06
1.432836148661377e-06
1.432836148661377e-06
1.432836148661377e-06
1.432836148661377e-06
1.4256280831589765e-06
1.4237561325994466e-06
1.4225969124047259e-06
1.418661847116617e-06
1.4157677844452868e-06
1.4155037792505446e-06
1.4137420238155028e-06
1.4136151267036812e-06
1.4133574478745736e-06
1.4110139701367083e-06
1.4108933993904953e-06
1.4107588876175134e-06
1.408549921652604e-06
1.4075836234088519e-06
1.4075836234088514e-06
1.4075836234088514e-06
1.4075836234088514e-06
1.4075836234088514e-06
1.4075836234088514e-06
1.4074554380014783e-06
1.4074554380014783e-06
1.4074554380014783e-06
1.4074554380014783e-06
1.4074554380014783e-06
1.4073259445797442e-06
