0
25
31
37
39
42
44
48
57
68
82
90
96
128
131
139
156
157
174
176
190
207
214
243
276
281
285
292
299
328
332
342
345
357
358
361
369
376
382
390
392
417
427
439
442
449
465
467
469
477
483
491
497
499
504
512
520
528
545
549
560
589
594
602
603
619
634
639
661
681
684
698
729
746
759
764
765
767
768
781
801
806
814
856
858
869
870
872
891
898
900
901
905
907
940
944
948
973
997
1015
1043
1059
1063
1066
1068
1070
1071
1078
1087
1088
1092
1097
1117
1153
1158
1175
1176
1177
1178
1186
1192
1195
1202
1204
1210
1221
1239
1249
1250
1291
1295
1311
1347
1349
1361
1368
1394
1402
1403
1405
1410
1416
1418
1441
1443
1449
1451
1465
1473
1480
1500
1507
1515
1524
1527
1546
1643
1658
1667
1675
1679
1689
1701
1713
1720
1738
1746
1749
1753
1799
1803
1808
1810
1828
1840
1854
1888
1907
1920
1931
1945
1949
1969
1983
1985
1993
2015
2016
2019
2020
2022
2026
2034
2038
2049
2065
2078
2092
2104
2114
2124
2135
2137
2150
2157
2170
2175
2182
2190
2196
2206
2208
2216
2218
2239
2243
2254
2277
2283
2284
2294
2301
2303
2320
2346
2357
2365
2394
2399
2413
2419
2438
2446
2455
2459
2460
2465
2466
2467
2478
2492
2504
2521
2539
2542
2546
2589
2598
2606
2622
2626
2629
2661
2664
2681
2685
2688
2691
2693
2704
2706
2708
2739
2746
2747
2753
2754
2756
2763
2766
2795
2804
2809
2817
2830
2835
2841
2855
2857
2864
2866
2868
2869
2872
2876
2890
2911
2914
2924
2942
2943
2977
2982
2990
3026
3029
3032
3049
3061
3064
3081
3097
3119
3122
3144
3168
3201
3214
3223
3276
3277
3286
3331
3338
3344
3365
3374
3394
3403
3433
3435
3439
3441
3450
3452
3458
3463
3464
3470
3474
3485
3500
3504
3516
3549
3557
3562
3568
3572
3580
3589
3590
3598
3622
3636
3653
3658
3668
3674
3709
3712
3717
3729
3731
3733
3735
3742
3754
3758
3762
3782
3866
3867
3892
3914
3925
3928
3941
3954
3984
4015
4025
4029
4033
4049
4062
4077
4078
4079
4080
4115
4121
4122
4126
4134
4146
4169
4172
4182
4190
4245
4256
4261
4263
4275
4280
4287
4288
4295
4303
4305
4315
4320
4325
4326
4352
4354
4369
4373
4376
4380
4383
4385
4388
4400
4411
4419
4427
4437
4447
4448
4456
4462
4474
4489
4491
4496
4498
4520
4528
4549
4562
4578
4617
4624
4625
4627
4628
4633
4634
4635
4641
4651
4655
4657
4668
4671
4690
4704
4707
4708
4709
4738
4746
4750
4769
4777
4786
4798
4802
4803
4811
4812
4815
4822
4824
4829
4830
4840
4860
4863
4867
4879
4892
4903
4914
4920
4931
4937
4939
4958
4967
5007
5009
5010
5012
5015
5021
5032
5036
5045
5050
5063
5071
5080
5098
5103
5109
5124
5126
5128
5157
5191
5195
5202
5211
5220
5243
5262
5271
5280
5284
5311
5315
5331
5340
5351
5353
5381
5391
5399
5416
5418
5440
5443
5450
5451
5461
5474
5476
5516
5543
5550
5556
5565
5580
5587
5600
5625
5628
5629
5640
5651
5659
5673
5683
5699
5707
5717
5738
5739
5748
5754
5760
5768
5774
5775
5787
5796
5814
5818
5840
5854
5860
5880
5888
5921
5932
5939
5945
5954
5981
5987
5988
5991
5996
6011
6025
6033
6040
6054
6060
6070
6076
6080
6086
6092
6100
6101
6111
6114
6126
6137
6151
6154
6155
6156
6180
6184
6194
6227
6228
6229
6258
6262
6274
6275
6291
6293
6295
6325
6349
6359
6361
6367
6377
6407
6408
6423
6441
6461
6493
6504
6507
6511
6512
6514
6558
6566
6573
6581
6596
6598
6603
6605
6606
6609
6610
6623
6628
6634
6643
6651
6657
6659
6670
6673
6685
6691
6696
6702
6707
6718
6729
6750
6760
6762
6773
6779
6792
6796
6799
6807
6811
6817
6827
6838
6844
6850
6890
6903
6920
6925
6934
6936
6953
6960
6961
6964
6973
6977
6981
6987
7002
7003
7013
7015
7031
7049
7051
7056
7060
7088
7104
7109
7114
7116
7126
7163
7167
7177
7180
7186
7190
7196
7202
7205
7213
7216
7220
7273
7277
7284
7286
7287
7288
7292
7294
7302
7324
7327
7331
7349
7356
7360
7370
7391
7402
7410
7413
7415
7416
7420
7427
7429
7438
7439
7441
7479
7484
7502
7505
7509
7524
7528
7542
7550
7585
7598
7615
7618
7629
7639
7645
7653
7654
7662
7681
7693
7695
7698
7701
7712
7716
7718
7729
7732
7740
7744
7745
7769
7788
7789
7794
7835
7844
7882
7895
7898
7910
7920
7936
7940
7971
7985
7996
7999
8001
8003
8057
8065
8073
8076
8083
8090
8097
8113
8121
8134
8138
8147
8151
8169
8204
8213
8219
8234
8246
8264
8281
8297
8319
8325
8334
8355
8358
8401
8410
8426
8451
8455
8461
8465
8476
8486
8488
8497
8501
8524
8535
8536
8545
8551
8557
8590
8594
8603
8611
8633
8708
8735
8752
8753
8757
8772
8793
8806
8835
8839
8865
8870
8896
8912
8921
8953
8954
8959
8961
8968
8990
9006
9011
9024
9050
9066
9070
9094
9115
9126
9138
9141
9175
9176
9177
9184
9204
9222
9234
9238
9239
9251
9274
9278
9309
9310
9321
9335
9347
9371
9373
9384
9394
9418
9422
9431
9447
9465
9466
9471
9479
9480
9494
9510
9524
9528
9533
9551
9563
9569
9578
9581
9607
9608
9624
9633
9639
9645
9652
9656
9660
9681
9726
9762
9783
9795
9805
9826
9838
9844
9860
9861
9872
9877
9882
9884
9903
9922
9932
9946
9957
9962
9982
9992
10020
10023
10036
10038
10049
10069
10073
10089
10096
10097
10106
10107
10108
10123
10124
10129
10142
10146
10148
10151
10154
10161
10169
10185
10186
10194
10203
10218
10224
10230
10244
10252
10254
10266
10268
10280
10286
10293
10298
10346
10362
10383
10388
10389
10395
10404
10405
10437
10458
10463
10473
10482
10494
10513
10536
10538
10539
10540
10560
10574
10593
10614
10634
10663
10670
10671
10679
10697
10708
10713
10714
10718
10733
10739
10756
10757
10779
10783
10803
10804
10807
10808
10823
10837
10848
10850
10854
10860
10871
10877
10893
10960
10963
10966
10967
10988
11006
11008
11032
11040
11042
11067
11115
11119
11120
11151
11178
11190
11211
11232
11238
11244
11253
11273
11277
11280
11284
11291
11297
11301
11335
11336
11373
11393
11428
11431
11439
11440
11452
11462
11465
11469
11474
11536
11546
11554
11561
11564
11581
11607
11609
11610
11620
11621
11631
11645
11661
11692
11724
11739
11757
11761
11762
11764
11767
11771
11782
11784
11793
11794
11799
11804
11808
11820
11828
11834
11848
11878
11880
11891
11916
11918
11921
11925
11934
11941
11953
11965
11970
11977
11986
12031
12040
12042
12046
12069
12078
12092
12100
12105
12110
12113
12118
12124
12128
12134
12145
12157
12176
12185
12186
12189
12201
12243
12248
12256
12260
12261
12272
12315
12327
12334
12338
12340
12341
12343
12355
12357
12360
12372
12380
12387
12392
12395
12398
12416
12422
12435
12447
12449
12454
12475
12494
12496
12501
12521
12533
12539
12544
12561
12588
12595
12622
12626
12634
12639
12669
12692
12693
12701
12716
12720
12740
12744
12771
12773
12782
12785
12793
12795
12808
12813
12820
12844
12859
12860
12868
12869
12873
12882
12908
12911
12912
12935
12937
12952
12963
12969
12971
12976
12988
13009
13010
13032
13043
13069
13076
13078
13084
13085
13087
13088
13092
13104
13132
13163
13194
13195
13242
13263
13276
13283
13284
13291
13299
13305
13312
13313
13331
13344
13345
13360
13389
13400
13404
13405
13426
13442
13445
13471
13482
13484
13492
13510
13528
13537
13550
13578
13579
13583
13615
13619
13620
13631
13632
13662
13665
13673
13705
13708
13719
13720
13731
13759
13762
13764
13786
13787
13797
13803
13815
13822
13834
13837
13842
13845
13857
13863
13882
13887
13896
13898
13918
13919
13955
13956
13959
13962
13971
13976
13992
13997
13999
14020
14027
14029
14037
14054
14075
14094
14105
14119
14130
14141
14156
14164
14167
14182
14242
14246
14250
14255
14278
14294
14297
14305
14341
14351
14353
14357
14373
14395
14398
14402
14407
14429
14431
14438
14447
14460
14474
14476
14479
14483
14502
14569
14587
14588
14601
14603
14615
14635
14674
14685
14688
14690
14694
14696
14699
14702
14707
14715
14736
14742
14754
14763
14782
14791
14792
14807
14811
14842
14847
14890
14902
14915
14933
14942
14948
14952
14953
14974
14976
14977
14985
15003
15008
15013
15014
15016
15020
15022
15026
15032
15036
15059
15075
15079
15115
15117
15122
15124
15127
15130
15139
15143
15164
15191
15211
15228
15231
15232
15248
15253
15257
15262
15283
15289
15290
15294
15295
15299
15309
15325
15331
15337
15348
15359
15363
15367
15368
15377
15378
15384
15400
15418
15419
15423
15427
15430
15451
15455
15496
15512
15536
15546
15552
15553
15560
15570
15576
15579
15597
15609
15612
15620
15622
15634
15647
15650
15673
15690
15692
15711
15720
15732
15737
15750
15762
15770
15771
15780
15792
15796
15801
15813
15818
15820
15828
15878
15883
15886
15911
15916
15934
15939
15943
15950
15954
15961
15965
15966
15977
15985
15998
16009
16010
16030
16047
16051
16059
16065
16067
16080
16100
16111
16123
16130
16142
16144
16148
16151
16171
16173
16177
16178
16181
16187
16189
16216
16218
16221
16227
16234
16239
16245
16255
16257
16271
16312
16313
16315
16338
16359
16367
16373
16375
16403
16426
16433
16434
16441
16469
16486
16500
16525
16526
16530
16558
16559
16594
16596
16602
16623
16639
16642
16647
16659
16672
16673
16685
16686
16687
16691
16699
16700
16701
16703
16710
16722
16732
16739
16755
16764
16789
16805
16819
16822
16828
16885
16889
16891
16897
16902
16914
16920
16924
16940
16970
16975
16984
16988
16989
16990
17000
17023
17041
17054
17055
17072
17075
17092
17096
17101
17109
17111
17126
17132
17161
17162
17170
17176
17183
17198
17200
17209
17227
17264
17308
17315
17352
17366
17367
17381
17389
17391
17428
17448
17454
17456
17472
17502
17504
17509
17511
17522
17541
17556
17557
17561
17566
17594
17601
17607
17619
17628
17634
17640
17642
17647
17654
17655
17676
17685
17687
17689
17694
17708
17780
17782
17800
17814
17818
17828
17849
17862
17868
17872
17878
17893
17894
17907
17908
17909
17912
17932
17940
17944
17947
17952
17956
17957
17973
17994
17995
17996
18016
18035
18047
18051
18054
18055
18066
18071
18078
18103
18125
18136
18140
18170
18174
18180
18183
18206
18230
18236
18237
18257
18268
18276
18285
18296
18297
18346
18356
18361
18367
18377
18379
18385
18398
18412
18414
18420
18435
18447
18460
18466
18468
18477
18498
18504
18508
18535
18536
18571
18591
18593
18624
18632
18647
18652
18660
18666
18669
18681
18685
18693
18694
18711
18715
18717
18720
18725
18744
18750
18756
18788
18799
18824
18845
18855
18879
18888
18910
18912
18913
18917
18923
18927
18932
18946
18949
18962
18989
19002
19023
19050
19051
19052
19053
19063
19070
19076
19109
19119
19126
19134
19138
19160
19166
19174
19187
19211
19245
19252
19265
19274
19289
19290
19299
19301
19303
19321
19344
19347
19376
19396
19400
19426
19440
19449
19455
19471
19494
19500
19501
19511
19513
19515
19532
19538
19539
19553
19558
19563
19566
19589
19591
19613
19630
19642
19648
19651
19653
19654
19659
19674
19685
19695
19735
19740
19745
19746
19747
19764
19772
19788
19789
19795
19799
19816
19820
19822
19837
19841
19846
19857
19861
19915
19926
19952
19967
19988
19991
19995
20001
20003
20020
20022
20034
20053
20057
20078
20079
20096
20115
20116
20126
20130
20138
20144
20149
20153
20158
20160
20169
20183
20196
20199
20208
20215
20223
20230
20238
20247
20248
20262
20271
20272
20279
20291
20302
20303
20315
20322
20323
20333
20361
20375
20383
20384
20391
20394
20397
20404
20412
20419
20423
20450
20458
20462
20469
20477
20487
20504
20512
20546
20551
20556
20564
20567
20575
20578
20583
20595
20611
20613
20616
20624
20660
20666
20670
20672
20678
20679
20680
20691
20695
20700
20714
20728
20732
20738
20748
20758
20770
20788
20800
20802
20821
20842
20843
20851
20854
20855
20869
20891
20895
20900
20901
20903
20906
20921
20925
20933
20938
20941
21007
21029
21041
21051
21059
21062
21068
21074
21091
21094
21095
21097
21100
21102
21110
21111
21115
21117
21120
21125
21132
21176
21184
21185
21190
21194
21208
21217
21219
21224
21233
21239
21259
21265
21284
21301
21329
21333
21338
21385
21408
21411
21413
21430
21437
21441
21458
21481
21489
21515
21521
21540
21543
21547
21549
21559
21561
21576
21613
21630
21637
21657
21659
21660
21662
21667
21676
21677
21682
21685
21709
21728
21738
21742
21756
21774
21779
21783
21827
21830
21835
21841
21863
21869
21877
21880
21893
21897
21916
21932
21942
21950
21959
21969
21973
21992
21998
22016
22018
22045
22055
22061
22079
22087
22103
22104
22119
22124
22128
22130
22137
22149
22155
22163
22167
22169
22179
22182
22184
22188
22194
22203
22206
22209
22211
22220
22225
22227
22231
22239
22241
22272
22302
22304
22339
22351
22354
22356
22359
22360
22362
22376
22385
22392
22399
22432
22445
22466
22472
22489
22491
22518
22539
22548
22549
22552
22554
22557
22578
22618
22638
22643
22651
22663
22674
22683
22694
22696
22702
22710
22718
22721
22725
22726
22745
22751
22756
22759
22760
22761
22771
22777
22801
22802
22810
22814
22816
22817
22823
22825
22828
22853
22856
22865
22866
22879
22883
22892
22898
22899
22903
22911
22916
22917
22925
22928
22930
22946
22955
22961
22964
22969
22971
22972
23000
23068
23069
23071
23073
23078
23083
23084
23086
23087
23088
23127
23160
23183
23205
23206
23208
23209
23210
23214
23224
23225
23226
23227
23235
23252
23273
23277
23281
23285
23305
23323
23336
23342
23358
23364
23368
23393
23411
23442
23453
23454
23468
23469
23471
23489
23505
23510
23517
23542
23553
23557
23564
23577
23582
23599
23602
23606
23610
23614
23631
23640
23645
23649
23650
23652
23660
23669
23671
23687
23709
23734
23755
23756
23765
23791
23800
23804
23811
23813
23835
23848
23850
23882
23889
23901
23906
23908
23909
23924
23925
23935
23948
23959
23966
23969
23990
23991
24003
24025
24026
24028
24029
24033
24045
24047
24049
24051
24055
24061
24088
24111
24113
24126
24131
24134
24136
24175
24192
24204
24205
24240
24249
24258
24277
24301
24323
24327
24333
24339
24351
24398
24413
24442
24461
24463
24479
24484
24485
24487
24501
24504
24505
24512
24513
24526
24536
24539
24555
24559
24564
24567
24569
24579
24590
24598
24622
24637
24648
24654
24658
24677
24699
24709
24730
24744
24804
24808
24819
24860
24865
24870
24877
24906
24908
24931
24956
25013
25016
25026
25027
25037
25038
25046
25062
25083
25099
25102
25109
25119
25121
25129
25180
25183
25187
25205
25210
25211
25214
25229
25239
25256
25273
25279
25325
25333
25343
25346
25347
25366
25368
25401
25407
25417
25419
25426
25431
25442
25444
25467
25496
25503
25516
25519
25522
25525
25526
25534
25535
25537
25556
25566
25567
25579
25581
25619
25620
25632
25647
25653
25699
25702
25713
25728
25740
25744
25748
25752
25756
25774
25777
25789
25790
25795
25824
25828
25831
25833
25834
25841
25849
25850
25866
25877
25884
25906
25916
25917
25918
25926
25929
25934
25957
25960
25966
25969
25974
25981
25982
25994
26014
26019
26037
26038
26077
26087
26090
26091
26094
26100
26103
26111
26123
26146
26147
26149
26160
26180
26182
26185
26193
26195
26203
26207
26218
26231
26239
26252
26287
26289
26299
26304
26315
26321
26329
26331
26338
26351
26376
26390
26397
26402
26406
26410
26452
26453
26456
26462
26463
26468
26480
26483
26495
26502
26512
26517
26528
26534
26538
26544
26551
26553
26554
26560
26579
26585
26599
26615
26625
26644
26647
26648
26652
26657
26676
26679
26682
26686
26691
26715
26716
26732
26733
26763
26773
26780
26795
26796
26800
26801
26814
26830
26849
26850
26854
26878
26881
26882
26884
26894
26909
26913
26928
26949
26953
26966
26979
26982
26985
26989
27001
27009
27013
27017
27021
27027
27035
27040
27048
27054
27062
27067
27077
27079
27081
27102
27104
27107
27109
27127
27135
27138
27171
27200
27213
27219
27246
27252
27261
27265
27280
27286
27300
27310
27335
27352
27354
27357
27359
27374
27376
27381
27388
27404
27412
27417
27424
27458
27485
27489
27504
27506
27509
27515
27535
27548
27557
27569
27580
27590
27594
27595
27602
27605
27612
27619
27626
27631
27654
27678
27684
27686
27692
27693
27697
27702
27752
27756
27763
27770
27796
27806
27810
27817
27828
27835
27861
27881
27882
27885
27895
27901
27909
27914
27918
27919
27923
27950
27957
27963
27992
27998
27999
28006
28012
28015
28043
28054
28135
28145
28156
28159
28161
28168
28183
28190
28193
28205
28208
28210
28230
28232
28238
28247
28257
28269
28283
28288
28290
28294
28309
28321
28378
28397
28422
28425
28431
28432
28439
28442
28462
28468
28471
28511
28527
28552
28555
28564
28567
28570
28591
28606
28626
28632
28643
28651
28657
28665
28684
28687
28692
28714
28720
28722
28742
28752
28776
28777
28789
28792
28793
28796
28800
28804
28819
28823
28829
28845
28855
28861
28870
28880
28884
28892
28920
28922
28940
28941
28949
28952
28958
28965
28966
28967
28987
28989
29013
29020
29022
29026
29027
29045
29050
29052
29079
29091
29098
29103
29119
29151
29168
29185
29192
29201
29208
29213
29221
29224
29225
29237
29247
29251
29276
29279
29292
29293
29298
29311
29317
29320
29334
29341
29344
29346
29349
29353
29354
29362
29365
29367
29385
29387
29390
29420
29422
29425
29434
29438
29439
29441
29452
29455
29457
29463
29483
29492
29496
29502
29508
29517
29535
29539
29548
29556
29569
29571
29591
29593
29603
29617
29625
29641
29651
29653
29659
29670
29671
29691
29693
29698
29706
29737
29738
29745
29747
29754
29781
29789
29798
29806
29811
29812
29829
29836
29861
29863
29864
29903
29915
29918
29923
29926
29934
29937
29948
29950
29954
29958
29968
29969
29970
29977
29979
29989
29994
29999
30018
30025
30027
30030
30033
30044
30045
30054
30057
30058
30063
30065
30081
30083
30085
30088
30093
30118
30142
30170
30172
30178
30179
30183
30188
30197
30199
30202
30220
30248
30249
30251
30257
30269
30281
30297
30303
30307
30313
30329
30337
30343
30354
30356
30359
30372
30378
30381
30383
30389
30405
30407
30417
30441
30454
30457
30465
30471
30482
30497
30513
30521
30526
30541
30547
30551
30558
30574
30597
30605
30607
30612
30628
30629
30631
30646
30670
30672
30689
30723
30745
30750
30752
30760
30807
30829
30832
30836
30839
30840
30857
30873
30879
30886
30894
30897
30930
30938
30941
30950
30957
30966
31005
31024
31032
31043
31063
31105
31108
31116
31125
31131
31146
31150
31154
31157
31169
31172
31177
31181
31184
31191
31194
31196
31213
31222
31223
31232
31239
31240
31253
31255
31281
31300
31303
31327
31339
31342
31347
31381
31396
31408
31413
31430
31432
31444
31449
31451
31478
31490
31505
31506
31530
31537
31539
31554
31568
31581
31590
31593
31594
31595
31601
31615
31622
31632
31649
31654
31668
31673
31678
31681
31682
31687
31690
31691
31694
31704
31705
31715
31723
31730
31735
31748
31760
31806
31826
31838
31862
31870
31876
31886
31908
31912
31934
31938
31945
31955
31967
31973
31980
32003
32006
32022
32028
32030
32031
32034
32044
32049
32056
32060
32063
32087
32088
32092
32112
32124
32125
32132
32136
32145
32148
32163
32171
32230
32231
32245
32246
32253
32268
32269
32281
32283
32286
32306
32310
32323
32335
32351
32356
32362
32366
32370
32379
32384
32406
32417
32422
32430
32439
32444
32446
32463
32471
32478
32482
32487
32489
32491
32496
32503
32507
32513
32532
32543
32548
32550
32561
32580
32586
32591
32598
32606
32609
32618
32638
32647
32656
32665
32689
32693
32714
32718
32720
32723
32733
32748
32752
32756
32791
32792
32793
32802
32835
32837
32840
32845
32863
32870
32874
32891
32908
32909
32916
32924
32929
32935
32938
32947
32948
32949
32956
32958
32974
32976
32980
32985
33003
33009
33032
33051
33054
33055
33066
33092
33148
33151
33159
33160
33166
33191
33194
33214
33216
33236
33239
33254
33294
33299
33304
33319
33322
33329
33344
33346
33349
33351
33352
33404
33405
33406
33414
33431
33439
33441
33454
33455
33461
33480
33483
33490
33509
33518
33519
33526
33528
33544
33547
33569
33573
33580
33601
33629
33638
33659
33669
33717
33723
33746
33777
33785
33802
33845
33876
33887
33902
33910
33911
33913
33919
33922
33936
33965
34005
34023
34046
34048
34049
34060
34063
34065
34073
34109
34128
34137
34139
34161
34168
34176
34181
34199
34202
34217
34231
34235
34241
34246
34257
34267
34272
34279
34280
34288
34308
34323
34338
34350
34353
34365
34456
34457
34459
34481
34488
34490
34492
34499
34500
34512
34517
34539
34560
34570
34578
34579
34585
34608
34610
34615
34625
34630
34639
34654
34657
34680
34683
34710
34714
34734
34742
34752
34757
34762
34770
34774
34789
34797
34802
34810
34842
34853
34854
34868
34873
34879
34913
34916
34921
34924
34943
34946
34947
34956
34989
34998
34999
35024
35033
35037
35041
35066
35076
35084
35118
35130
35141
35165
35191
35200
35223
35230
35260
35262
35271
35273
35287
35288
35292
35314
35334
35354
35358
35360
35367
35410
35418
35427
35429
35435
35437
35451
35461
35465
35468
35488
35489
35495
35506
35512
35521
35533
35540
35547
35556
35564
35615
35640
35646
35647
35652
35693
35700
35703
35704
35744
35754
35760
35784
35789
35792
35793
35797
35806
35829
35834
35843
35848
35861
35872
35884
35892
35894
35897
35906
35908
35929
35940
35946
35958
35967
35979
36002
36008
36023
36034
36035
36039
36044
36052
36076
36079
36085
36087
36088
36096
36100
36106
36110
36114
36117
36118
36119
36125
36136
36144
36151
36159
36168
36172
36181
36191
36198
36226
36235
36239
36275
36293
36316
36336
36338
36340
36358
36362
36374
36377
36382
36402
36404
36407
36419
36424
36429
36433
36443
36448
36451
36463
36468
36472
36489
36491
36498
36500
36504
36505
36516
36523
36531
36539
36570
36589
36611
36612
36613
36629
36631
36634
36635
36659
36661
36670
36676
36698
36704
36711
36714
36715
36724
36735
36740
36746
36756
36759
36764
36776
36782
36783
36784
36787
36838
36841
36842
36843
36848
36854
36857
36877
36880
36890
36905
36906
36911
36934
36946
36967
36970
36984
36988
36991
36993
37004
37016
37018
37040
37072
37086
37093
37097
37101
37102
37107
37108
37112
37146
37147
37157
37164
37177
37194
37206
37207
37228
37231
37260
37268
37270
37274
37279
37285
37290
37304
37322
37342
37355
37358
37361
37403
37405
37410
37423
37447
37473
37484
37485
37490
37495
37538
37552
37563
37571
37572
37574
37579
37593
37599
37609
37625
37628
37629
37630
37637
37639
37643
37648
37667
37690
37695
37721
37724
37740
37744
37748
37765
37769
37773
37783
37787
37790
37792
37795
37802
37808
37809
37812
37819
37836
37846
37874
37877
37889
37892
37899
37926
37940
37951
37960
37965
37970
37980
37992
38007
38013
38045
38049
38057
38060
38087
38103
38111
38116
38121
38130
38141
38153
38179
38195
38217
38222
38224
38236
38243
38252
38264
38269
38280
38296
38306
38308
38314
38323
38349
38359
38363
38370
38373
38379
38389
38393
38414
38428
38432
38438
38444
38447
38460
38466
38469
38473
38493
38504
38519
38522
38530
38541
38544
38559
38565
38569
38580
38583
38597
38603
38609
38613
38620
38643
38650
38652
38661
38675
38680
38687
38694
38695
38700
38711
38712
38727
38728
38743
38755
38783
38800
38806
38826
38844
38850
38856
38867
38871
38876
38886
38894
38901
38904
38914
38917
38940
38982
38992
38993
38996
39006
39015
39028
39046
39050
39071
39078
39086
39102
39120
39143
39157
39164
39185
39193
39209
39212
39234
39240
39248
39266
39271
39282
39311
39323
39332
39347
39370
39376
39379
39396
39403
39404
39406
39411
39415
39425
39429
39430
39473
39481
39512
39514
39517
39530
39532
39548
39557
39574
39603
39610
39623
39635
39640
39649
39675
39678
39702
39703
39707
39708
39724
39742
39747
39755
39759
39761
39763
39790
39793
39798
39800
39806
39819
39824
39846
39864
39866
39874
39891
39930
39931
39932
39938
39947
39950
39952
39962
39990
39995
40002
40007
40008
40009
40012
40016
40022
40030
40031
40038
40049
40052
40103
40105
40107
40119
40122
40131
40142
40155
40199
40201
40208
40229
40233
40255
40260
40265
40278
40286
40309
40345
40348
40402
40421
40465
40467
40476
40478
40483
40502
40516
40525
40540
40555
40556
40584
40603
40615
40616
40622
40629
40631
40634
40650
40657
40659
40695
40698
40701
40703
40706
40716
40722
40725
40742
40764
40776
40800
40823
40824
40835
40837
40841
40843
40845
40847
40849
40860
40862
40865
40894
40900
40918
40925
40927
40937
40946
40951
40956
40958
40962
40963
40973
40974
40982
40987
40988
40995
40998
41000
41013
41028
41037
41042
41051
41053
41062
41081
41085
41090
41127
41170
41173
41176
41182
41194
41195
41215
41223
41225
41227
41229
41235
41244
41263
41266
41270
41275
41280
41281
41297
41312
41348
41350
41363
41378
41380
41382
41387
41413
41437
41456
41460
41463
41473
41475
41479
41482
41501
41506
41510
41519
41540
41541
41555
41563
41570
41575
41586
41589
41594
41606
41609
41612
41617
41618
41619
41624
41636
41639
41644
41647
41656
41661
41662
41676
41679
41685
41693
41704
41721
41723
41761
41762
41797
41805
41806
41810
41828
41833
41834
41837
41840
41843
41855
41858
41881
41882
41883
41887
41904
41923
41932
41935
41943
41950
41951
41952
41953
41963
41973
41975
41976
41982
41986
42002
42025
42030
42032
42043
42048
42057
42061
42064
42071
42075
42076
42077
42096
42124
42131
42151
42152
42164
42172
42180
42194
42202
42240
42242
42261
42279
42297
42307
42323
42328
42352
42363
42385
42408
42409
42424
42432
42441
42444
42452
42466
42472
42475
42485
42493
42525
42526
42532
42535
42542
42552
42555
42567
42607
42616
42622
42639
42669
42670
42678
42690
42691
42703
42715
42720
42726
42759
42778
42794
42806
42811
42813
42827
42843
42861
42869
42880
42890
42911
42913
42950
42957
42981
42983
42989
42993
43003
43004
43014
43051
43062
43070
43071
43076
43080
43094
43102
43107
43116
43129
43141
43146
43165
43177
43186
43191
43193
43201
43211
43214
43220
43231
43239
43283
43288
43304
43313
43317
43323
43324
43330
43340
43345
43350
43351
43359
43364
43365
43371
43380
43390
43396
43408
43411
43446
43468
43484
43501
43520
43530
43562
43564
43584
43592
43594
43606
43611
43617
43621
43622
43627
43638
43644
43656
43682
43685
43703
43715
43738
43750
43752
43770
43773
43786
43787
43788
43790
43793
43825
43846
43870
43871
43891
43918
43946
43955
43974
43986
44009
44037
44040
44065
44071
44073
44087
44093
44095
44112
44129
44139
44146
44151
44152
44168
44234
44249
44255
44261
44263
44264
44268
44276
44306
44311
44322
44331
44366
44367
44395
44399
44418
44449
44457
44462
44485
44515
44522
44567
44576
44583
44592
44597
44611
44614
44626
44629
44635
44643
44646
44654
44656
44683
44693
44703
44721
44732
44733
44743
44747
44761
44765
44772
44789
44791
44794
44798
44811
44835
44839
44848
44860
44870
44871
44876
44877
44895
44899
44906
44913
44937
44938
44943
44950
44962
44979
44984
45001
45030
45040
45053
45068
45109
45110
45128
45130
45133
45138
45145
45156
45170
45185
45186
45189
45199
45207
45211
45218
45224
45229
45260
45268
45279
45300
45307
45316
45327
45332
45344
45367
45378
45383
45384
45389
45401
45402
45410
45428
45433
45453
45460
45485
45486
45522
45524
45528
45533
45556
45558
45560
45565
45579
45580
45586
45616
45631
45635
45636
45640
45642
45664
45665
45669
45675
45681
45686
45692
45694
45704
45705
45709
45738
45745
45757
45759
45776
45791
45793
45812
45813
45829
45831
45835
45846
45849
45871
45875
45890
45907
45914
45923
45930
45934
45954
45963
45964
45970
45982
45984
46006
46023
46034
46044
46054
46073
46075
46086
46096
46115
46135
46159
46160
46161
46162
46184
46197
46201
46217
46229
46233
46235
46237
46280
46294
46302
46308
46313
46320
46357
46359
46361
46376
46389
46398
46412
46413
46418
46425
46434
46449
46456
46458
46467
46476
46479
46500
46506
46507
46512
46534
46535
46542
46547
46549
46553
46595
46601
46609
46633
46655
46658
46667
46696
46699
46705
46706
46709
46714
46716
46743
46797
46808
46831
46863
46869
46871
46873
46874
46882
46894
46906
46920
46930
46939
46947
46955
46965
46967
46973
46977
47025
47027
47055
47059
47069
47072
47075
47078
47083
47087
47107
47124
47133
47141
47144
47146
47161
47163
47173
47174
47180
47188
47192
47194
47195
47200
47205
47221
47230
47245
47249
47257
47258
47269
47271
47276
47277
47287
47302
47312
47320
47323
47330
47333
47335
47345
47398
47399
47407
47410
47420
47448
47459
47462
47466
47478
47487
47506
47523
47530
47563
47566
47570
47591
47605
47608
47616
47619
47626
47634
47639
47640
47676
47699
47717
47729
47731
47734
47737
47740
47758
47764
47770
47777
47783
47787
47789
47793
47796
47798
47802
47804
47807
47817
47835
47842
47850
47859
47891
47896
47935
47938
47945
47950
47959
47988
47989
47991
47996
48003
48008
48009
48016
48021
48022
48023
48024
48040
48043
48044
48056
48059
48086
48088
48090
48091
48103
48124
48128
48145
48157
48171
48178
48179
48180
48211
48213
48272
48274
48285
48299
48302
48317
48322
48348
48365
48384
48396
48399
48403
48418
48431
48436
48442
48456
48477
48479
48495
48513
48519
48521
48535
48540
48552
48554
48572
48576
48577
48586
48588
48591
48597
48598
48617
48618
48624
48625
48635
48643
48650
48653
48655
48665
48667
48668
48690
48696
48710
48713
48724
48732
48735
48738
48758
48760
48762
48764
48765
48769
48770
48771
48781
48782
48787
48796
48802
48804
48816
48828
48849
48857
48863
48875
48882
48891
48895
48901
48908
48911
48914
48915
48936
48958
48961
48973
48978
48988
49011
49025
49027
49040
49048
49050
49057
49065
49083
49097
49129
49133
49143
49144
49169
49173
49176
49185
49194
49199
49202
49237
49240
49244
49250
49257
49272
49283
49287
49292
49311
49318
49321
49332
49336
49341
49372
49373
49375
49385
49389
49391
49393
49410
49414
49424
49457
49465
49490
49503
49513
49534
49537
49550
49554
49565
49581
49592
49598
49606
49625
49649
49662
49676
49681
49687
49705
49721
49726
49728
49747
49753
49758
49764
49769
49773
49788
49792
49796
49797
49799
49800
49818
49820
49843
49848
49853
49861
49881
49886
49895
49898
49912
49914
49933
49965
49966
49969
49976
49985
49988
49995
50003
50007
50008
50015
50020
50023
50044
50046
50062
50065
50085
50086
50123
50138
50141
50146
50164
50193
50216
50218
50227
50264
50276
50294
50296
50297
50308
50317
50318
50327
50346
50347
50354
50365
50369
50390
50399
50402
50403
50410
50435
50437
50440
50447
50448
50467
50486
50490
50493
50497
50505
50506
50508
50514
50562
50563
50567
50569
50585
50588
50601
50612
50615
50622
50626
50632
50652
50663
50676
50711
50713
50719
50722
50728
50735
50741
50743
50747
50753
50765
50770
50797
50814
50818
50824
50848
50854
50860
50861
50864
50870
50886
50888
50894
50896
50906
50912
50920
50923
50934
50940
50946
50947
50960
50966
50979
50991
50995
51005
51020
51021
51027
51039
51044
51059
51067
51084
51096
51115
51117
51120
51154
51165
51175
51178
51190
51227
51249
51269
51285
51286
51297
51304
51309
51326
51329
51332
51335
51345
51346
51350
51356
51360
51375
51380
51381
51387
51398
51400
51406
51442
51444
51457
51473
51498
51499
51510
51513
51516
51538
51553
51557
51576
51602
51614
51618
51623
51649
51655
51664
51665
51682
51687
51693
51702
51727
51735
51738
51744
51748
51750
51758
51776
51788
51790
51801
51807
51820
51831
51833
51838
51843
51861
51867
51871
51875
51877
51884
51894
51901
51904
51911
51924
51925
51932
51933
51953
51955
51967
51968
51983
51985
51998
52001
52007
52026
52035
52044
52068
52094
52117
52139
52182
52185
52193
52196
52200
52207
52213
52217
52238
52247
52250
52253
52269
52282
52291
52308
52314
52315
52320
52325
52329
52355
52360
52384
52417
52420
52428
52446
52488
52491
52492
52507
52508
52509
52527
52537
52548
52557
52561
52612
52617
52619
52624
52625
52627
52645
52652
52664
52668
52675
52697
52698
52701
52708
52720
52735
52748
52754
52756
52757
52761
52763
52765
52771
52772
52774
52778
52793
52810
52815
52854
52871
52872
52882
52895
52901
52922
52926
52929
52937
52977
53008
53040
53068
53085
53105
53107
53113
53115
53130
53143
53144
53146
53150
53158
53165
53168
53170
53183
53190
53198
53211
53219
53239
53240
53251
53257
53258
53272
53281
53286
53293
53325
53330
53331
53363
53393
53396
53414
53415
53423
53439
53441
53455
53464
53520
53530
53544
53555
53569
53571
53576
53579
53590
53598
53599
53617
53620
53623
53633
53638
53642
53652
53656
53661
53666
53668
53672
53673
53674
53676
53703
53736
53738
53739
53745
53747
53761
53762
53785
53824
53830
53833
53836
53854
53857
53860
53888
53895
53913
53922
53939
53940
53941
53942
53945
53958
53977
53988
53994
54050
54053
54072
54077
54086
54087
54089
54094
54098
54140
54183
54184
54196
54207
54216
54224
54229
54244
54263
54269
54272
54285
54286
54287
54299
54301
54314
54320
54321
54324
54334
54342
54360
54364
54368
54372
54388
54390
54412
54418
54424
54431
54434
54443
54454
54459
54462
54496
54497
54499
54513
54528
54543
54566
54567
54586
54588
54592
54604
54606
54607
54610
54614
54629
54645
54667
54689
54704
54709
54710
54714
54716
54733
54766
54773
54786
54792
54798
54800
54816
54817
54824
54826
54870
54877
54881
54889
54901
54913
54917
54932
54937
54946
54948
54970
54973
54974
54976
54979
54986
54987
55010
55013
55014
55015
55046
55062
55073
55074
55078
55083
55112
55114
55157
55169
55175
55181
55185
55187
55191
55194
55245
55249
55251
55261
55274
55284
55292
55300
55307
55320
55329
55333
55341
55344
55359
55362
55369
55412
55437
55441
55442
55454
55469
55475
55480
55483
55496
55501
55502
55504
55516
55527
55535
55565
55570
55571
55574
55578
55588
55593
55596
55614
55626
55633
55647
55664
55666
55684
55685
55693
55694
55706
55709
55715
55730
55749
55754
55761
55763
55768
55773
55775
55815
55817
55825
55830
55837
55839
55843
55860
55883
55892
55903
55928
55934
55940
55947
55950
55956
55960
55983
56004
56019
56020
56022
56035
56038
56057
56065
56067
56074
56081
56082
56096
56129
56131
56132
56134
56142
56147
56157
56161
56162
56168
56176
56180
56195
56210
56219
56223
56233
56236
56260
56273
56294
56300
56317
56318
56320
56322
56334
56338
56347
56349
56352
56353
56386
56397
56422
56430
56455
56466
56471
56475
56498
56506
56507
56509
56518
56528
56531
56534
56544
56555
56566
56582
56583
56593
56594
56606
56615
56629
56632
56638
56641
56648
56657
56659
56661
56662
56667
56668
56678
56684
56685
56686
56689
56691
56692
56697
56701
56717
56724
56727
56728
56738
56744
56781
56809
56822
56840
56848
56852
56854
56879
56895
56909
56911
56913
56916
56928
56932
56934
56935
56942
56946
56955
56957
56965
56975
56988
56999
57002
57003
57008
57016
57026
57042
57051
57070
57078
57090
57111
57115
57120
57159
57162
57167
57174
57189
57204
57221
57248
57251
57270
57274
57279
57284
57321
57342
57344
57361
57367
57376
57399
57404
57419
57421
57422
57425
57430
57437
57441
57445
57449
57468
57474
57479
57505
57511
57513
57514
57518
57553
57561
57584
57591
57613
57618
57619
57620
57638
57647
57648
57662
57673
57677
57686
57688
57694
57702
57705
57710
57718
57722
57724
57731
57733
57743
57748
57758
57759
57765
57767
57773
57775
57808
57811
57823
57833
57838
57849
57880
57884
57923
57941
57966
57971
57979
57989
57991
57997
58002
58024
58033
58035
58041
58057
58062
58077
58105
58111
58113
58117
58123
58125
58126
58157
58170
58171
58173
58188
58193
58207
58214
58215
58222
58237
58253
58260
58274
58280
58282
58285
58297
58302
58307
58309
58312
58313
58319
58326
58341
58370
58378
58387
58409
58414
58436
58462
58495
58510
58516
58534
58535
58573
58597
58598
58601
58602
58627
58632
58635
58643
58648
58674
58676
58680
58682
58690
58715
58722
58725
58728
58734
58757
58762
58802
58806
58822
58823
58831
58834
58843
58848
58849
58851
58861
58862
58868
58876
58881
58887
58889
58891
58893
58922
58924
58933
58936
58939
58942
58953
58959
58972
58981
58984
58993
59004
59007
59010
59011
59022
59023
59026
59046
59052
59066
59068
59072
59081
59088
59092
59104
59106
59108
59125
59138
59150
59152
59169
59180
59189
59210
59296
59300
59303
59304
59318
59321
59324
59332
59348
59355
59366
59385
59386
59391
59397
59398
59412
59414
59415
59416
59436
59440
59462
59463
59467
59479
59495
59499
59502
59503
59514
59516
59531
59532
59544
59554
59555
59564
59567
59574
59577
59578
59582
59591
59607
59611
59630
59634
59637
59639
59651
59676
59677
59687
59692
59693
59694
59699
59703
59710
59714
59723
59724
59725
59728
59733
59753
59755
59760
59765
59769
59800
59805
59810
59817
59819
59823
59852
59854
59862
59871
59878
59885
59896
59908
59910
59917
59928
59938
59945
59957
59958
59959
59971
59979
59994
