6
10
18
20
28
32
34
36
80
102
108
115
120
123
127
130
137
140
142
152
173
195
223
224
226
244
249
264
267
271
273
277
301
303
309
310
311
326
331
348
375
377
378
383
398
402
404
406
425
428
437
444
451
457
459
466
471
472
474
487
533
548
550
552
556
573
576
585
613
618
627
629
633
649
650
652
658
663
667
668
669
676
691
717
727
748
778
783
785
788
798
811
815
816
831
844
845
878
879
882
892
930
945
967
979
980
985
986
993
999
1005
1017
1026
1032
1046
1081
1083
1084
1105
1124
1127
1149
1163
1164
1184
1190
1196
1205
1212
1232
1235
1248
1265
1269
1280
1286
1297
1298
1301
1307
1326
1328
1331
1344
1392
1437
1439
1446
1450
1461
1462
1479
1482
1485
1489
1502
1505
1506
1508
1509
1547
1558
1559
1571
1576
1601
1616
1642
1656
1660
1670
1682
1685
1698
1702
1715
1734
1737
1740
1744
1747
1762
1767
1770
1773
1774
1781
1786
1792
1814
1819
1822
1848
1859
1862
1871
1873
1886
1890
1893
1895
1896
1908
1926
1929
1938
1939
1944
1951
1958
1962
1970
1971
1995
1997
2031
2032
2033
2036
2048
2061
2086
2087
2112
2126
2133
2163
2167
2169
2180
2195
2203
2212
2225
2227
2245
2248
2259
2263
2264
2267
2278
2282
2286
2288
2289
2300
2312
2336
2349
2361
2377
2381
2391
2403
2431
2435
2479
2490
2497
2513
2526
2527
2536
2553
2555
2557
2559
2570
2573
2576
2578
2582
2586
2587
2602
2617
2625
2630
2636
2644
2670
2679
2682
2683
2698
2703
2720
2740
2749
2752
2773
2781
2796
2797
2799
2800
2821
2844
2858
2878
2884
2891
2907
2925
2932
2952
2955
2959
2961
2967
2991
3020
3024
3028
3033
3044
3046
3047
3058
3068
3078
3079
3089
3114
3121
3138
3150
3158
3185
3191
3204
3206
3213
3222
3227
3243
3244
3245
3251
3254
3287
3298
3320
3326
3329
3330
3333
3336
3353
3381
3388
3389
3413
3418
3426
3427
3443
3444
3446
3459
3460
3469
3477
3502
3517
3539
3541
3543
3553
3554
3574
3584
3610
3615
3621
3628
3637
3667
3683
3719
3727
3744
3753
3757
3766
3774
3779
3784
3785
3787
3792
3803
3805
3821
3827
3830
3839
3863
3865
3873
3896
3902
3904
3907
3911
3930
3932
3939
3965
3971
3988
3998
4006
4009
4023
4035
4047
4054
4055
4082
4092
4095
4097
4110
4112
4113
4117
4129
4137
4147
4151
4156
4186
4192
4232
4239
4292
4298
4307
4314
4327
4343
4355
4361
4386
4406
4423
4433
4441
4450
4452
4468
4482
4497
4501
4531
4537
4551
4559
4563
4577
4580
4582
4603
4643
4652
4666
4675
4676
4687
4688
4718
4719
4722
4727
4752
4790
4814
4817
4834
4842
4849
4857
4882
4904
4922
4932
4944
4946
4961
4965
4980
4984
4986
4999
5025
5048
5052
5060
5061
5062
5066
5074
5076
5078
5079
5083
5087
5094
5099
5100
5110
5111
5114
5140
5142
5146
5149
5152
5154
5158
5175
5196
5198
5201
5214
5216
5233
5235
5250
5260
5265
5275
5278
5295
5301
5325
5330
5336
5338
5339
5344
5369
5373
5379
5393
5395
5400
5408
5429
5433
5477
5482
5487
5488
5494
5525
5536
5539
5547
5567
5578
5581
5598
5612
5647
5664
5666
5674
5689
5709
5715
5724
5740
5741
5758
5773
5801
5804
5811
5812
5821
5824
5832
5833
5841
5855
5859
5867
5877
5884
5889
5896
5900
5922
5951
5956
5958
5959
5960
5969
5971
5985
5997
6004
6017
6024
6029
6038
6053
6072
6077
6079
6081
6093
6096
6108
6115
6128
6139
6152
6153
6162
6170
6178
6179
6199
6201
6207
6214
6223
6246
6261
6268
6273
6283
6304
6312
6315
6316
6323
6336
6337
6340
6360
6370
6381
6416
6419
6420
6433
6447
6458
6482
6487
6488
6503
6529
6553
6563
6564
6577
6578
6582
6587
6589
6590
6601
6607
6629
6632
6654
6693
6697
6700
6706
6717
6730
6735
6742
6753
6755
6769
6774
6804
6809
6813
6833
6834
6862
6864
6866
6875
6909
6919
6962
6963
6968
6975
6978
6999
7000
7020
7042
7044
7047
7055
7061
7069
7098
7099
7106
7112
7132
7153
7182
7183
7185
7200
7215
7224
7240
7245
7261
7281
7283
7291
7300
7306
7323
7334
7343
7357
7358
7381
7396
7397
7403
7405
7408
7432
7452
7456
7475
7476
7527
7538
7549
7557
7581
7583
7586
7607
7611
7612
7613
7627
7631
7657
7682
7700
7734
7750
7755
7756
7812
7823
7830
7859
7868
7885
7888
7903
7908
7934
7935
7939
7942
7950
7960
7968
7977
7993
8020
8031
8072
8088
8091
8092
8128
8133
8137
8144
8173
8178
8195
8198
8209
8229
8231
8245
8249
8257
8267
8268
8274
8278
8287
8294
8301
8305
8326
8327
8347
8357
8378
8386
8396
8400
8416
8420
8431
8432
8439
8452
8460
8487
8491
8498
8499
8500
8508
8512
8517
8521
8541
8552
8569
8578
8579
8587
8597
8601
8613
8615
8616
8619
8626
8632
8635
8643
8661
8662
8669
8676
8696
8706
8727
8729
8741
8748
8749
8763
8787
8791
8799
8801
8846
8849
8852
8869
8881
8903
8917
8927
8928
8937
8941
8960
8965
8974
8993
9014
9016
9025
9027
9031
9046
9062
9069
9071
9079
9081
9092
9101
9107
9109
9133
9136
9151
9161
9165
9194
9207
9219
9235
9240
9254
9255
9285
9291
9293
9319
9336
9352
9358
9369
9374
9376
9379
9415
9417
9429
9445
9478
9498
9506
9586
9590
9593
9596
9597
9611
9616
9627
9636
9640
9649
9669
9678
9685
9690
9716
9733
9734
9740
9741
9744
9746
9748
9763
9764
9765
9770
9811
9814
9817
9818
9832
9845
9863
9867
9879
9883
9888
9893
9923
9927
9948
9956
9975
10008
10018
10025
10026
10027
10034
10046
10055
10068
10070
10074
10103
10117
10145
10152
10165
10189
10207
10217
10245
10248
10257
10277
10285
10296
10300
10303
10307
10312
10322
10333
10345
10358
10364
10372
10391
10410
10415
10418
10440
10441
10443
10446
10451
10454
10456
10471
10478
10479
10487
10488
10515
10519
10555
10556
10597
10599
10605
10619
10628
10656
10658
10661
10668
10684
10685
10694
10695
10699
10721
10729
10740
10790
10799
10806
10809
10844
10849
10864
10868
10878
10881
10887
10891
10909
10917
10933
10936
10969
10972
10974
10981
10982
10989
10994
11012
11021
11023
11024
11025
11044
11048
11050
11076
11080
11088
11089
11090
11109
11121
11129
11131
11132
11171
11182
11185
11194
11210
11231
11236
11245
11250
11263
11266
11270
11276
11279
11303
11317
11321
11326
11329
11339
11355
11365
11374
11396
11407
11430
11443
11458
11459
11470
11485
11486
11490
11505
11509
11532
11533
11534
11535
11538
11547
11558
11567
11577
11583
11593
11629
11632
11638
11639
11643
11651
11656
11663
11668
11673
11678
11680
11701
11702
11732
11734
11737
11740
11742
11745
11749
11752
11773
11787
11790
11796
11812
11818
11840
11850
11860
11865
11874
11930
11944
11947
11948
11963
11971
11981
11997
12013
12015
12025
12026
12063
12066
12071
12076
12080
12090
12099
12129
12136
12138
12148
12160
12161
12164
12174
12182
12197
12198
12204
12218
12220
12222
12228
12234
12238
12267
12306
12309
12329
12337
12342
12371
12381
12383
12385
12407
12409
12411
12433
12436
12440
12441
12459
12466
12467
12469
12485
12488
12492
12493
12499
12508
12536
12542
12570
12574
12577
12579
12590
12606
12646
12653
12664
12670
12695
12698
12703
12717
12719
12721
12724
12741
12753
12759
12774
12777
12787
12800
12802
12809
12816
12818
12825
12834
12838
12898
12899
12920
12924
12956
12960
12985
12989
12993
12994
13011
13015
13023
13024
13054
13073
13081
13086
13115
13117
13119
13129
13140
13144
13148
13157
13159
13177
13180
13184
13193
13200
13206
13216
13227
13249
13259
13277
13281
13301
13311
13315
13320
13322
13332
13353
13368
13373
13375
13376
13378
13406
13408
13411
13456
13479
13495
13507
13514
13515
13517
13522
13526
13530
13540
13561
13575
13576
13592
13594
13611
13624
13634
13656
13660
13664
13674
13682
13686
13690
13692
13698
13747
13756
13757
13777
13789
13792
13850
13855
13856
13867
13883
13886
13888
13891
13900
13902
13916
13917
13936
13942
13946
13965
13967
13981
13990
14000
14006
14023
14044
14045
14057
14069
14071
14078
14079
14108
14138
14140
14147
14160
14168
14169
14175
14191
14193
14196
14198
14209
14215
14223
14228
14243
14247
14254
14260
14266
14273
14285
14289
14291
14302
14338
14354
14360
14366
14383
14384
14390
14422
14430
14456
14468
14469
14487
14490
14491
14498
14500
14504
14526
14545
14568
14572
14574
14586
14605
14617
14634
14636
14638
14652
14661
14663
14675
14691
14737
14739
14755
14757
14765
14766
14771
14777
14809
14819
14837
14849
14864
14872
14882
14908
14909
14914
14923
14929
14934
14937
14950
14960
14962
14967
14978
15007
15009
15015
15034
15035
15082
15088
15107
15110
15129
15132
15133
15144
15146
15153
15156
15157
15160
15163
15169
15190
15196
15210
15230
15238
15243
15259
15271
15274
15317
15318
15323
15330
15340
15376
15393
15396
15399
15425
15426
15431
15435
15436
15443
15458
15472
15482
15500
15501
15505
15507
15520
15541
15547
15549
15572
15599
15603
15615
15627
15629
15630
15659
15661
15665
15666
15671
15683
15693
15694
15701
15712
15718
15721
15729
15738
15745
15778
15786
15788
15843
15862
15869
15873
15892
15898
15899
15906
15912
15919
15921
15922
15928
15940
15945
15948
15952
15955
15960
15964
15967
15992
16003
16006
16016
16041
16049
16064
16081
16086
16091
16092
16099
16108
16121
16140
16186
16202
16215
16217
16228
16260
16262
16278
16294
16295
16307
16316
16326
16339
16352
16383
16395
16397
16407
16413
16429
16443
16454
16460
16467
16481
16487
16504
16534
16535
16540
16581
16584
16619
16624
16628
16637
16646
16653
16665
16674
16678
16684
16711
16743
16749
16750
16751
16756
16760
16775
16777
16783
16796
16817
16818
16839
16845
16846
16856
16859
16862
16867
16892
16899
16901
16909
16915
16938
16958
16959
16967
17018
17019
17031
17048
17057
17060
17062
17070
17077
17082
17119
17121
17130
17135
17137
17142
17143
17153
17158
17160
17165
17172
17184
17191
17201
17217
17226
17236
17246
17254
17259
17302
17304
17314
17320
17328
17330
17331
17346
17361
17380
17382
17388
17393
17397
17400
17417
17432
17435
17475
17486
17487
17495
17507
17517
17531
17540
17548
17549
17552
17576
17592
17602
17613
17617
17618
17630
17637
17639
17646
17678
17682
17690
17692
17706
17737
17749
17753
17767
17768
17781
17796
17799
17801
17804
17805
17812
17831
17846
17847
17852
17857
17877
17887
17904
17906
17925
17929
17938
17941
17959
17960
17961
18000
18020
18040
18041
18045
18046
18056
18060
18062
18068
18085
18090
18095
18110
18116
18121
18133
18138
18145
18157
18160
18167
18205
18211
18238
18280
18282
18292
18293
18298
18314
18319
18331
18342
18344
18369
18381
18392
18402
18409
18448
18451
18461
18463
18465
18486
18494
18510
18512
18516
18522
18537
18538
18543
18555
18556
18559
18560
18561
18565
18566
18579
18596
18602
18625
18639
18667
18674
18682
18686
18761
18775
18783
18810
18819
18834
18840
18853
18864
18869
18884
18886
18905
18906
18936
18953
18972
18976
18983
18988
18993
18994
18995
18996
19020
19021
19030
19040
19044
19046
19047
19048
19069
19082
19089
19106
19110
19118
19139
19143
19150
19151
19157
19158
19195
19198
19200
19213
19216
19237
19255
19261
19298
19302
19337
19353
19355
19372
19377
19392
19417
19432
19447
19450
19460
19469
19473
19492
19505
19512
19517
19523
19530
19547
19548
19550
19559
19560
19569
19580
19592
19598
19609
19611
19612
19632
19640
19661
19662
19682
19700
19706
19708
19712
19724
19728
19741
19762
19778
19792
19803
19812
19823
19875
19876
19891
19908
19916
19921
19933
19939
19940
19946
19973
19986
19994
20012
20018
20023
20032
20040
20061
20068
20070
20074
20083
20091
20093
20094
20106
20121
20124
20131
20145
20148
20161
20165
20166
20189
20202
20210
20217
20225
20228
20232
20236
20237
20239
20240
20249
20258
20293
20296
20313
20324
20326
20343
20357
20364
20377
20405
20408
20409
20415
20426
20433
20438
20440
20452
20476
20491
20492
20506
20529
20536
20550
20574
20576
20579
20588
20589
20591
20603
20606
20628
20630
20640
20654
20663
20673
20681
20689
20692
20699
20710
20721
20729
20735
20736
20740
20751
20753
20762
20764
20804
20808
20813
20818
20834
20850
20862
20867
20882
20888
20892
20894
20896
20897
20917
20927
20934
20935
20951
20968
20976
20977
20990
21019
21020
21024
21025
21031
21033
21038
21043
21047
21063
21064
21071
21076
21081
21085
21098
21099
21101
21122
21136
21139
21141
21146
21148
21151
21159
21160
21171
21191
21196
21198
21211
21228
21229
21234
21263
21264
21276
21291
21302
21314
21318
21323
21339
21340
21353
21363
21364
21365
21368
21376
21377
21383
21388
21396
21405
21409
21414
21438
21450
21461
21462
21473
21490
21505
21509
21520
21525
21548
21572
21575
21584
21611
21614
21619
21620
21625
21631
21647
21668
21672
21675
21695
21706
21713
21718
21725
21734
21741
21747
21759
21769
21785
21792
21797
21799
21807
21808
21812
21814
21844
21849
21852
21853
21859
21865
21876
21899
21900
21907
21921
21923
21949
21953
21956
21993
22002
22010
22014
22019
22047
22049
22053
22065
22066
22077
22080
22090
22099
22100
22111
22125
22127
22129
22135
22138
22140
22142
22151
22153
22174
22175
22197
22202
22204
22207
22269
22281
22297
22298
22322
22324
22333
22347
22367
22370
22390
22403
22408
22416
22423
22427
22434
22451
22481
22482
22511
22527
22534
22541
22547
22555
22568
22570
22589
22592
22594
22596
22609
22619
22628
22632
22650
22655
22665
22676
22689
22690
22697
22707
22709
22744
22749
22764
22778
22788
22789
22792
22793
22795
22811
22812
22818
22822
22837
22841
22852
22857
22863
22870
22894
22904
22932
22936
22944
22954
22965
22967
22982
23018
23019
23030
23039
23044
23054
23056
23079
23090
23098
23110
23121
23129
23146
23152
23154
23172
23202
23204
23215
23218
23259
23268
23272
23282
23298
23302
23308
23324
23347
23351
23384
23391
23400
23424
23439
23440
23450
23476
23477
23485
23501
23506
23511
23546
23551
23555
23603
23605
23627
23633
23638
23657
23668
23670
23677
23701
23702
23715
23735
23742
23761
23781
23792
23799
23807
23812
23842
23846
23859
23872
23875
23893
23895
23903
23921
23928
23933
23937
23940
23943
23955
23975
23981
23987
24004
24005
24014
24017
24027
24075
24078
24080
24098
24110
24112
24127
24146
24152
24154
24156
24163
24165
24182
24189
24195
24202
24203
24209
24221
24226
24233
24237
24238
24243
24250
24251
24282
24293
24294
24299
24307
24310
24312
24368
24397
24414
24452
24466
24468
24473
24514
24522
24531
24565
24573
24580
24591
24594
24617
24618
24621
24673
24686
24708
24717
24728
24734
24739
24747
24749
24756
24757
24772
24777
24785
24797
24802
24821
24845
24864
24868
24869
24891
24900
24916
24923
24948
24953
24962
24973
24983
25003
25006
25010
25022
25028
25031
25035
25036
25043
25067
25073
25103
25117
25122
25124
25132
25137
25143
25161
25165
25170
25171
25172
25186
25193
25206
25227
25241
25247
25248
25265
25267
25271
25324
25326
25359
25363
25374
25376
25379
25391
25397
25398
25402
25418
25429
25455
25459
25481
25485
25489
25500
25509
25545
25574
25580
25598
25600
25601
25610
25650
25661
25672
25678
25688
25712
25716
25721
25760
25768
25778
25785
25801
25813
25822
25838
25839
25844
25870
25876
25879
25886
25895
25927
25938
25940
25943
25947
25983
25993
25999
26044
26050
26056
26061
26079
26082
26109
26112
26121
26138
26159
26173
26177
26184
26196
26222
26225
26242
26245
26250
26269
26280
26316
26318
26324
26326
26342
26368
26394
26401
26403
26412
26444
26451
26461
26471
26488
26497
26506
26523
26535
26537
26542
26548
26559
26562
26565
26572
26573
26575
26601
26608
26609
26612
26616
26635
26637
26650
26677
26678
26692
26693
26702
26705
26713
26731
26736
26744
26754
26770
26778
26786
26818
26829
26858
26863
26869
26871
26872
26875
26883
26889
26901
26907
26920
26934
26952
26954
26956
26974
26977
26988
27000
27003
27019
27020
27023
27024
27026
27030
27033
27038
27046
27073
27083
27092
27122
27131
27133
27145
27189
27190
27197
27203
27217
27221
27229
27232
27245
27251
27257
27260
27276
27316
27332
27342
27343
27350
27394
27397
27407
27413
27414
27431
27437
27450
27471
27483
27488
27495
27520
27530
27531
27536
27553
27558
27578
27598
27606
27620
27625
27628
27629
27630
27645
27653
27657
27663
27664
27668
27687
27689
27698
27703
27707
27725
27757
27759
27774
27789
27825
27827
27837
27840
27841
27857
27859
27860
27867
27872
27893
27898
27900
27916
27917
27935
27942
27945
27952
27974
27976
27985
27989
28002
28004
28011
28029
28039
28062
28081
28093
28095
28103
28105
28109
28110
28122
28123
28129
28146
28150
28154
28176
28185
28206
28211
28219
28229
28251
28258
28259
28261
28270
28291
28301
28320
28322
28331
28374
28399
28400
28408
28414
28428
28437
28478
28483
28500
28507
28522
28547
28565
28576
28577
28586
28588
28593
28598
28612
28620
28629
28637
28647
28648
28655
28662
28681
28682
28698
28715
28717
28718
28744
28754
28757
28794
28799
28803
28807
28831
28840
28848
28856
28868
28903
28944
28960
28963
28964
28973
28977
28979
28988
29019
29023
29032
29041
29049
29058
29081
29096
29107
29120
29130
29133
29135
29143
29150
29153
29169
29171
29173
29176
29184
29194
29223
29227
29235
29236
29246
29254
29261
29281
29283
29302
29315
29321
29328
29336
29338
29339
29360
29418
29437
29443
29456
29459
29466
29472
29475
29487
29518
29524
29528
29578
29586
29611
29612
29613
29620
29622
29628
29632
29642
29661
29662
29665
29675
29678
29683
29685
29688
29703
29704
29720
29736
29741
29742
29743
29749
29751
29752
29753
29759
29763
29774
29780
29786
29791
29795
29809
29819
29825
29831
29832
29835
29839
29844
29846
29851
29854
29870
29876
29884
29886
29889
29899
29905
29908
29921
29944
29987
30011
30019
30028
30031
30035
30041
30047
30049
30060
30070
30089
30091
30103
30106
30107
30111
30139
30144
30152
30174
30176
30193
30194
30195
30206
30237
30246
30284
30286
30292
30298
30299
30315
30322
30341
30357
30363
30391
30401
30406
30418
30435
30440
30448
30461
30464
30467
30472
30475
30480
30493
30506
30518
30524
30549
30553
30575
30577
30579
30593
30594
30599
30608
30611
30624
30633
30634
30641
30647
30650
30651
30654
30658
30679
30692
30697
30719
30735
30736
30744
30747
30749
30767
30771
30773
30794
30796
30812
30824
30831
30844
30860
30910
30919
30924
30928
30933
30940
30946
30976
30980
31008
31010
31014
31028
31051
31074
31087
31102
31123
31130
31145
31152
31174
31189
31198
31199
31218
31225
31226
31228
31231
31238
31242
31245
31249
31268
31285
31292
31293
31301
31316
31330
31346
31377
31393
31395
31416
31427
31437
31446
31457
31461
31467
31468
31487
31523
31524
31531
31536
31538
31547
31553
31558
31559
31564
31570
31574
31577
31608
31611
31617
31628
31635
31643
31644
31647
31648
31652
31662
31676
31685
31697
31709
31710
31717
31718
31728
31743
31752
31763
31764
31769
31810
31817
31822
31825
31828
31831
31837
31841
31844
31845
31848
31850
31853
31855
31858
31877
31885
31904
31906
31914
31935
31953
31963
31982
31985
31986
32002
32005
32009
32014
32035
32053
32068
32078
32107
32119
32140
32149
32154
32161
32162
32183
32206
32227
32252
32258
32263
32271
32278
32301
32308
32314
32357
32363
32369
32378
32390
32400
32421
32457
32459
32477
32479
32480
32501
32516
32530
32539
32549
32565
32578
32585
32622
32633
32664
32666
32670
32674
32678
32679
32685
32690
32691
32694
32702
32725
32727
32728
32730
32736
32743
32746
32751
32765
32779
32810
32821
32838
32839
32841
32854
32872
32876
32887
32894
32911
32921
32941
32957
32987
32996
32997
32998
33002
33004
33005
33016
33045
33046
33088
33104
33105
33106
33113
33119
33127
33129
33136
33141
33158
33163
33167
33201
33204
33212
33222
33224
33227
33228
33252
33253
33264
33266
33280
33285
33286
33290
33315
33325
33368
33397
33416
33426
33428
33446
33456
33463
33474
33479
33487
33489
33503
33506
33535
33539
33571
33572
33579
33585
33593
33596
33627
33645
33646
33650
33653
33658
33667
33679
33681
33692
33716
33720
33731
33732
33740
33747
33757
33807
33825
33837
33839
33843
33851
33877
33880
33886
33890
33897
33908
33921
33928
33937
33938
33948
33950
33960
33962
33983
33984
33994
34014
34032
34045
34051
34052
34066
34091
34105
34106
34107
34116
34123
34126
34150
34163
34175
34182
34200
34209
34245
34251
34255
34258
34259
34265
34281
34283
34285
34287
34295
34304
34306
34309
34310
34316
34322
34334
34335
34339
34349
34359
34382
34389
34398
34403
34407
34417
34421
34423
34431
34454
34498
34519
34520
34543
34553
34563
34567
34573
34574
34575
34576
34581
34622
34628
34635
34684
34692
34699
34702
34705
34717
34750
34755
34765
34785
34801
34811
34820
34824
34834
34835
34861
34891
34894
34896
34927
34932
34937
34958
34978
34983
34991
34993
35004
35011
35015
35022
35025
35050
35054
35068
35069
35075
35080
35109
35120
35126
35128
35138
35145
35152
35182
35229
35251
35253
35278
35294
35295
35311
35313
35327
35331
35369
35374
35376
35388
35413
35414
35415
35432
35457
35459
35492
35501
35504
35531
35537
35541
35548
35550
35554
35577
35584
35586
35622
35629
35636
35644
35648
35658
35666
35670
35680
35698
35706
35764
35768
35771
35773
35796
35798
35819
35824
35826
35837
35874
35880
35886
35943
35952
35971
35981
35996
35997
36029
36030
36042
36074
36102
36109
36121
36128
36134
36142
36146
36149
36153
36160
36178
36197
36199
36204
36238
36247
36268
36272
36273
36281
36285
36295
36301
36321
36324
36325
36333
36334
36342
36349
36350
36354
36363
36367
36388
36392
36403
36439
36453
36460
36474
36484
36499
36524
36530
36532
36533
36562
36566
36567
36572
36578
36580
36598
36601
36604
36619
36625
36643
36647
36663
36666
36671
36678
36686
36688
36693
36706
36708
36713
36716
36753
36780
36791
36795
36829
36855
36858
36859
36861
36867
36898
36903
36913
36923
36943
36950
36987
36997
36998
37002
37003
37030
37036
37049
37058
37067
37069
37071
37073
37074
37099
37104
37105
37109
37110
37114
37122
37126
37135
37154
37156
37158
37183
37187
37197
37210
37217
37220
37224
37233
37238
37243
37245
37247
37248
37254
37281
37282
37291
37303
37340
37357
37359
37363
37364
37375
37390
37391
37402
37407
37408
37413
37430
37454
37455
37459
37469
37480
37483
37508
37513
37516
37520
37534
37542
37543
37545
37582
37610
37612
37616
37617
37623
37634
37651
37652
37663
37686
37700
37704
37716
37742
37756
37827
37829
37844
37848
37880
37882
37891
37893
37894
37900
37904
37913
37915
37930
37944
37963
37968
37975
37995
38003
38011
38012
38024
38030
38043
38044
38059
38072
38081
38084
38091
38098
38109
38112
38118
38119
38139
38161
38171
38178
38184
38190
38191
38213
38214
38216
38227
38253
38255
38270
38272
38289
38294
38297
38298
38301
38304
38316
38317
38322
38347
38360
38367
38378
38386
38396
38403
38410
38419
38425
38437
38441
38471
38477
38485
38489
38500
38511
38525
38534
38536
38546
38553
38558
38564
38567
38571
38594
38607
38615
38621
38623
38640
38645
38649
38660
38685
38704
38713
38724
38736
38757
38763
38768
38771
38774
38778
38797
38804
38808
38833
38853
38854
38859
38860
38865
38874
38877
38878
38884
38896
38897
38900
38911
38924
38948
38953
38960
38961
38971
39002
39003
39014
39022
39030
39031
39045
39049
39051
39052
39055
39057
39059
39064
39066
39068
39069
39105
39108
39126
39127
39149
39150
39155
39159
39161
39165
39168
39171
39180
39182
39186
39189
39197
39206
39216
39227
39243
39247
39265
39287
39307
39308
39319
39334
39353
39401
39424
39444
39469
39474
39476
39492
39498
39499
39521
39534
39558
39568
39575
39607
39616
39618
39625
39629
39632
39642
39648
39665
39667
39671
39696
39697
39698
39714
39716
39727
39741
39758
39762
39775
39776
39780
39801
39840
39851
39859
39862
39867
39880
39888
39890
39899
39904
39905
39910
39918
39923
39933
39958
39969
39988
39999
40020
40036
40043
40053
40057
40067
40078
40081
40084
40085
40090
40094
40129
40130
40132
40133
40148
40165
40169
40170
40175
40180
40181
40182
40185
40187
40196
40213
40219
40220
40221
40224
40228
40230
40253
40256
40264
40275
40299
40307
40319
40336
40346
40357
40362
40387
40404
40413
40446
40447
40451
40455
40456
40461
40469
40470
40475
40492
40498
40507
40519
40520
40527
40528
40544
40546
40547
40548
40549
40552
40592
40643
40645
40670
40674
40702
40711
40721
40728
40729
40736
40739
40771
40794
40799
40818
40827
40907
40914
40931
40932
40967
40978
40984
40986
40991
40992
40999
41014
41022
41026
41057
41120
41136
41140
41145
41161
41164
41174
41178
41179
41180
41184
41190
41234
41237
41252
41253
41255
41282
41284
41314
41319
41332
41346
41349
41360
41365
41371
41373
41374
41375
41376
41390
41395
41397
41398
41406
41427
41451
41481
41499
41507
41517
41520
41530
41545
41550
41557
41572
41573
41583
41584
41592
41593
41645
41671
41680
41694
41702
41706
41719
41720
41722
41736
41757
41766
41768
41776
41777
41783
41786
41788
41799
41815
41826
41863
41879
41897
41900
41907
41914
41920
41921
41927
41928
41929
41944
41946
41962
42003
42005
42008
42009
42040
42053
42062
42065
42078
42102
42106
42114
42127
42134
42137
42146
42148
42157
42159
42163
42174
42186
42193
42199
42210
42221
42234
42245
42259
42272
42273
42283
42286
42292
42294
42303
42304
42308
42318
42326
42332
42339
42351
42358
42360
42392
42394
42413
42415
42425
42443
42457
42464
42477
42486
42491
42498
42515
42520
42524
42534
42540
42543
42551
42556
42557
42580
42584
42590
42591
42596
42598
42599
42601
42608
42612
42675
42684
42729
42731
42739
42744
42764
42792
42805
42820
42829
42832
42845
42846
42849
42862
42873
42874
42882
42891
42922
42927
42938
42940
42944
42946
42971
42973
42975
42990
43010
43026
43029
43034
43056
43077
43097
43111
43125
43133
43135
43137
43147
43158
43160
43172
43209
43215
43216
43223
43224
43226
43245
43261
43264
43275
43278
43282
43287
43293
43305
43308
43318
43322
43329
43339
43346
43361
43363
43370
43376
43388
43407
43419
43449
43460
43463
43477
43478
43496
43517
43519
43525
43528
43529
43532
43537
43545
43551
43552
43556
43571
43574
43597
43598
43609
43614
43630
43634
43636
43640
43649
43655
43658
43660
43661
43670
43689
43706
43709
43712
43718
43730
43760
43768
43774
43776
43784
43795
43800
43807
43817
43822
43841
43844
43852
43854
43861
43877
43887
43901
43919
43923
43936
43941
43950
43952
43957
43959
43966
43968
43997
44016
44022
44026
44030
44042
44046
44047
44061
44064
44077
44084
44094
44104
44107
44115
44132
44138
44144
44160
44166
44174
44191
44222
44233
44236
44240
44241
44244
44250
44257
44279
44290
44297
44298
44305
44310
44317
44324
44328
44330
44333
44336
44359
44360
44364
44368
44373
44375
44381
44383
44394
44404
44414
44415
44423
44426
44465
44478
44482
44497
44501
44509
44534
44537
44544
44551
44557
44564
44585
44586
44594
44596
44598
44609
44612
44619
44628
44630
44640
44645
44652
44655
44667
44669
44675
44680
44699
44710
44714
44728
44750
44751
44764
44771
44792
44807
44815
44856
44864
44866
44868
44885
44891
44898
44911
44914
44916
44926
44927
44928
44944
44949
44952
44988
44990
44993
44996
45003
45009
45031
45032
45035
45042
45050
45059
45069
45070
45071
45078
45096
45100
45111
45114
45120
45122
45123
45129
45135
45137
45140
45152
45159
45161
45174
45184
45201
45210
45228
45231
45239
45251
45254
45270
45276
45288
45294
45295
45298
45324
45331
45336
45338
45352
45357
45361
45372
45397
45414
45415
45430
45451
45459
45461
45468
45471
45487
45489
45501
45506
45508
45515
45532
45539
45541
45542
45543
45547
45548
45552
45557
45570
45583
45589
45591
45592
45601
45615
45617
45618
45633
45644
45674
45703
45721
45722
45737
45748
45768
45773
45817
45819
45844
45845
45866
45879
45882
45885
45886
45887
45901
45903
45967
45987
45993
46005
46015
46026
46038
46041
46046
46068
46077
46080
46081
46099
46125
46151
46158
46171
46190
46191
46192
46193
46207
46218
46224
46230
46231
46240
46245
46251
46266
46297
46307
46321
46345
46346
46358
46375
46386
46391
46392
46410
46437
46446
46447
46477
46480
46489
46495
46521
46529
46563
46581
46584
46608
46613
46614
46618
46645
46648
46654
46662
46664
46679
46697
46729
46750
46760
46766
46777
46781
46787
46788
46795
46817
46819
46820
46855
46859
46886
46891
46897
46898
46927
46933
46937
46948
46962
46980
46989
46996
46997
47001
47011
47021
47029
47032
47038
47047
47050
47052
47057
47094
47097
47104
47109
47123
47130
47143
47153
47159
47198
47209
47210
47211
47214
47231
47243
47246
47265
47266
47293
47301
47307
47372
47389
47390
47394
47401
47411
47415
47422
47424
47425
47433
47444
47447
47463
47471
47479
47501
47502
47514
47527
47534
47536
47538
47547
47555
47568
47579
47581
47599
47602
47614
47621
47625
47635
47646
47651
47658
47661
47668
47669
47679
47680
47698
47711
47723
47726
47730
47732
47745
47756
47759
47763
47790
47797
47809
47810
47815
47844
47845
47848
47858
47871
47877
47888
47918
47925
47952
47955
47957
47980
47981
47983
47984
47993
48020
48037
48047
48050
48051
48061
48069
48077
48084
48110
48133
48137
48151
48159
48160
48169
48184
48208
48215
48218
48222
48223
48225
48243
48259
48262
48264
48271
48275
48282
48295
48306
48309
48320
48326
48331
48337
48343
48344
48345
48371
48374
48397
48413
48415
48422
48426
48449
48462
48464
48467
48473
48499
48500
48504
48514
48516
48556
48585
48647
48651
48654
48688
48703
48711
48726
48739
48757
48780
48851
48869
48887
48894
48898
48902
48919
48924
48932
48944
48947
48948
48977
48979
48982
49014
49016
49020
49028
49029
49034
49036
49042
49049
49051
49066
49068
49071
49075
49078
49131
49154
49168
49178
49179
49182
49188
49213
49220
49226
49231
49234
49253
49264
49269
49270
49273
49286
49288
49297
49300
49306
49327
49331
49333
49352
49357
49380
49404
49420
49432
49442
49458
49459
49461
49481
49520
49547
49577
49580
49596
49617
49629
49632
49673
49683
49688
49691
49702
49706
49722
49725
49727
49736
49749
49774
49782
49786
49790
49816
49829
49857
49875
49894
49897
49903
49906
49935
49940
49947
49981
49986
50011
50021
50031
50033
50038
50047
50059
50070
50077
50079
50115
50125
50148
50163
50199
50212
50215
50248
50251
50266
50269
50271
50278
50285
50287
50288
50292
50306
50309
50314
50325
50329
50331
50332
50333
50339
50342
50364
50381
50388
50392
50408
50409
50431
50439
50451
50458
50484
50499
50507
50518
50536
50539
50540
50553
50573
50581
50597
50598
50602
50611
50627
50645
50646
50649
50654
50657
50665
50677
50678
50681
50698
50704
50761
50773
50779
50801
50802
50805
50832
50840
50863
50874
50880
50936
50950
50956
50964
50965
50975
51019
51046
51062
51071
51075
51086
51089
51095
51099
51108
51109
51124
51133
51135
51172
51183
51184
51185
51195
51204
51214
51236
51237
51243
51308
51313
51315
51316
51321
51338
51343
51353
51361
51364
51374
51390
51403
51404
51410
51411
51416
51424
51426
51427
51429
51433
51440
51447
51449
51468
51487
51492
51493
51509
51528
51531
51570
51574
51586
51587
51590
51591
51601
51604
51609
51613
51616
51629
51635
51650
51694
51705
51712
51732
51736
51739
51747
51752
51756
51760
51766
51796
51815
51821
51839
51846
51849
51874
51886
51897
51915
51931
51980
51982
51990
52010
52013
52015
52018
52022
52039
52041
52052
52053
52064
52144
52150
52157
52158
52168
52189
52206
52210
52231
52233
52237
52240
52249
52255
52256
52262
52271
52273
52277
52285
52290
52292
52294
52304
52307
52312
52327
52396
52399
52401
52410
52426
52430
52453
52458
52466
52482
52494
52506
52517
52519
52541
52546
52547
52566
52570
52581
52590
52597
52598
52599
52600
52606
52609
52614
52618
52626
52634
52637
52648
52654
52686
52709
52714
52722
52749
52773
52786
52791
52795
52818
52826
52833
52868
52869
52876
52879
52889
52891
52898
52900
52903
52908
52910
52913
52948
52963
52969
52972
52974
52987
52990
53005
53017
53025
53027
53028
53030
53032
53033
53038
53039
53048
53052
53060
53104
53116
53124
53129
53131
53140
53159
53161
53171
53173
53181
53193
53203
53215
53217
53225
53236
53248
53273
53277
53299
53302
53309
53311
53316
53323
53336
53345
53358
53359
53365
53372
53390
53391
53406
53412
53431
53440
53447
53463
53467
53478
53480
53511
53531
53533
53534
53552
53554
53573
53577
53578
53600
53604
53608
53614
53616
53628
53629
53660
53691
53692
53704
53748
53751
53760
53770
53774
53778
53784
53796
53809
53818
53829
53839
53843
53847
53852
53865
53883
53918
53919
53923
53934
53952
53966
53972
53982
53999
54002
54010
54022
54064
54081
54088
54092
54101
54116
54118
54137
54147
54156
54168
54180
54187
54188
54202
54256
54265
54267
54280
54300
54312
54319
54362
54373
54392
54398
54402
54404
54413
54439
54452
54465
54491
54492
54504
54505
54517
54522
54524
54525
54534
54540
54541
54551
54573
54576
54584
54585
54587
54591
54594
54596
54615
54619
54631
54636
54639
54648
54649
54655
54672
54675
54679
54695
54722
54724
54726
54734
54751
54756
54796
54797
54831
54835
54845
54848
54863
54864
54872
54883
54897
54899
54920
54928
54934
54975
54985
54996
55002
55011
55031
55033
55036
55045
55059
55071
55079
55094
55102
55135
55138
55170
55183
55190
55206
55214
55241
55256
55268
55306
55308
55323
55325
55340
55343
55349
55351
55353
55365
55366
55380
55386
55390
55395
55397
55404
55407
55461
55462
55467
55482
55491
55499
55514
55517
55521
55603
55623
55635
55636
55642
55645
55653
55665
55676
55689
55698
55724
55750
55764
55765
55766
55792
55795
55821
55827
55832
55844
55851
55867
55879
55889
55898
55901
55908
55916
55920
55955
55975
55991
56003
56009
56017
56062
56076
56085
56086
56088
56094
56104
56106
56152
56153
56158
56172
56174
56194
56199
56203
56205
56207
56216
56227
56232
56261
56266
56267
56332
56339
56357
56359
56382
56390
56391
56403
56409
56412
56415
56421
56440
56443
56464
56468
56488
56493
56494
56504
56510
56512
56515
56520
56525
56529
56573
56598
56603
56611
56624
56642
56647
56651
56664
56672
56674
56687
56702
56722
56740
56748
56753
56764
56766
56767
56777
56784
56794
56811
56834
56844
56857
56859
56864
56867
56878
56885
56897
56899
56926
56933
56937
56939
56941
56961
56969
56974
56980
56981
56987
56995
57023
57029
57050
57055
57060
57067
57086
57094
57110
57121
57128
57133
57145
57153
57156
57158
57165
57172
57175
57186
57190
57192
57199
57205
57211
57212
57218
57220
57222
57228
57241
57242
57247
57252
57261
57273
57290
57291
57294
57302
57306
57307
57313
57327
57347
57349
57350
57351
57358
57362
57363
57382
57383
57388
57394
57401
57414
57431
57438
57465
57483
57485
57488
57512
57542
57547
57551
57558
57560
57565
57568
57572
57577
57597
57600
57602
57604
57611
57616
57627
57636
57637
57650
57655
57668
57676
57684
57691
57693
57701
57728
57751
57753
57769
57771
57783
57815
57834
57835
57839
57845
57854
57856
57862
57865
57887
57897
57904
57918
57927
57933
57938
57945
57948
57958
58005
58018
58019
58021
58032
58043
58080
58099
58101
58107
58124
58130
58133
58135
58145
58156
58184
58197
58200
58217
58219
58223
58240
58259
58266
58269
58303
58310
58318
58320
58334
58343
58344
58356
58397
58402
58404
58408
58411
58413
58415
58425
58432
58444
58459
58476
58480
58483
58491
58515
58529
58558
58561
58562
58564
58570
58571
58577
58580
58587
58594
58599
58622
58649
58669
58670
58671
58694
58698
58708
58738
58744
58746
58765
58766
58803
58805
58809
58814
58816
58817
58818
58835
58846
58855
58858
58860
58864
58869
58875
58879
58885
58899
58904
58956
58960
58979
58983
58995
58996
58997
59020
59021
59034
59043
59045
59057
59061
59069
59070
59087
59090
59101
59102
59111
59128
59147
59155
59159
59161
59174
59193
59199
59200
59208
59214
59221
59248
59251
59271
59282
59283
59294
59312
59316
59338
59357
59371
59373
59389
59390
59394
59396
59408
59418
59431
59439
59450
59455
59473
59482
59487
59492
59494
59496
59500
59523
59526
59533
59551
59556
59559
59566
59568
59579
59594
59596
59606
59614
59618
59638
59642
59664
59668
59672
59686
59691
59705
59717
59752
59754
59763
59767
59772
59777
59778
59785
59788
59806
59816
59824
59834
59839
59841
59846
59851
59873
59879
59890
59900
59912
59961
59962
59964
59975
59976
59977
59986
59987
59997
