12
15
38
41
45
46
54
58
69
95
132
135
149
159
166
185
188
195
199
207
229
235
241
244
247
265
268
270
274
276
282
287
291
300
346
356
358
362
375
378
381
384
399
406
409
412
449
490
508
515
568
569
587
592
605
608
620
628
640
644
650
655
661
666
679
720
724
729
738
754
772
777
788
798
813
815
818
820
823
865
871
876
877
878
879
881
895
910
917
920
929
936
943
949
953
957
970
972
975
992
995
1021
1033
1036
1039
1055
1067
1073
1081
1101
1118
1120
1124
1130
1131
1136
1155
1161
1164
1171
1184
1194
1208
1216
1233
1234
1238
1242
1243
1249
1255
1257
1260
1262
1266
1267
1277
1287
1325
1363
1368
1378
1380
1387
1392
1395
1397
1413
1416
1421
1432
1436
1451
1462
1477
1482
1518
1543
1555
1557
1558
1573
1598
1608
1613
1615
1626
1633
1642
1644
1648
1650
1654
1674
1696
1710
1711
1716
1718
1722
1723
1748
1775
1781
1783
1784
1797
1800
1805
1811
1825
1827
1830
1831
1834
1835
1854
1874
1886
1904
1911
1913
1917
1920
1928
1937
1938
1939
1946
1964
1972
2025
2026
2027
2028
2029
2038
2052
2060
2074
2081
2082
2084
2089
2114
2129
2142
2168
2173
2191
2217
2223
2232
2237
2246
2248
2250
2271
2287
2301
2318
2323
2345
2359
2362
2378
2406
2414
2421
2432
2445
2447
2455
2465
2471
2473
2477
2523
2526
2532
2540
2543
2545
2556
2576
2581
2584
2601
2605
2610
2612
2613
2615
2634
2643
2671
2681
2685
2686
2692
2694
2696
2704
2706
2723
2727
2740
2773
2783
2784
2786
2789
2792
2794
2795
2798
2812
2821
2832
2836
2845
2872
2880
2886
2909
2923
2926
2927
2928
2958
2959
2978
2983
2995
3005
3024
3032
3048
3056
3075
3080
3085
3111
3117
3126
3127
3129
3143
3145
3181
3197
3203
3209
3235
3263
3277
3297
3298
3301
3307
3316
3333
3339
3353
3355
3372
3381
3386
3388
3400
3412
3426
3438
3453
3478
3481
3495
3530
3550
3556
3576
3591
3595
3618
3630
3634
3648
3650
3657
3694
3720
3744
3756
3765
3798
3816
3836
3859
3868
3877
3892
3904
3912
3920
3926
3928
3929
3966
3999
4008
4010
4012
4031
4037
4045
4061
4094
4098
4099
4104
4109
4113
4120
4130
4140
4176
4191
4195
4197
4200
4201
4221
4240
4252
4257
4294
4317
4318
4336
4346
4390
4407
4413
4416
4425
4430
4440
4451
4456
4468
4479
4481
4486
4499
4507
4547
4551
4574
4595
4603
4614
4651
4673
4687
4693
4699
4702
4706
4715
4741
4751
4752
4761
4770
4772
4783
4807
4808
4816
4818
4834
4838
4854
4861
4864
4874
4906
4918
4922
4926
4935
4938
4956
4964
4972
4973
4993
4997
5003
5005
5006
5018
5027
5031
5055
5069
5106
5118
5129
5157
5169
5201
5206
5233
5240
5243
5277
5281
5286
5294
5303
5307
5308
5339
5344
5369
5377
5378
5382
5416
5417
5426
5427
5437
5443
5445
5448
5457
5467
5472
5473
5493
5497
5506
5507
5509
5512
5515
5529
5530
5531
5535
5550
5561
5566
5577
5583
5595
5598
5605
5624
5637
5638
5645
5649
5659
5666
5674
5675
5683
5688
5694
5713
5715
5716
5726
5731
5741
5748
5752
5755
5771
5773
5785
5791
5807
5825
5841
5860
5882
5889
5899
5904
5910
5926
5936
5958
5963
5967
6007
6012
6031
6042
6050
6061
6065
6077
6081
6082
6091
6101
6132
6146
6152
6199
6207
6242
6247
6248
6249
6260
6264
6274
6277
6292
6295
6296
6297
6311
6313
6317
6332
6343
6362
6368
6404
6411
6414
6417
6437
6444
6446
6450
6457
6469
6474
6486
6515
6526
6533
6536
6548
6549
6554
6563
6579
6580
6586
6590
6598
6600
6604
6607
6621
6624
6632
6636
6637
6650
6684
6691
6693
6698
6712
6713
6741
6745
6749
6754
6766
6782
6804
6807
6816
6819
6822
6828
6848
6851
6869
6900
6908
6911
6912
6921
6923
6943
6978
7004
7008
7013
7016
7021
7023
7041
7043
7046
7047
7072
7079
7096
7098
7108
7115
7127
7133
7138
7145
7150
7173
7203
7218
7232
7237
7260
7269
7275
7299
7307
7323
7345
7350
7363
7366
7375
7383
7394
7402
7426
7437
7442
7482
7485
7496
7504
7524
7527
7533
7539
7547
7549
7564
7579
7587
7599
7603
7607
7623
7626
7648
7650
7652
7661
7674
7683
7687
7704
7713
7728
7735
7757
7770
7771
7778
7789
7799
7801
7815
7819
7831
7858
7862
7876
7887
7896
7898
7911
7919
7950
7963
7977
8009
8020
8023
8033
8038
8049
8054
8060
8083
8093
8094
8126
8127
8147
8174
8209
8212
8213
8218
8241
8254
8262
8265
8276
8290
8306
8307
8335
8338
8350
8355
8375
8386
8387
8392
8397
8398
8404
8409
8415
8428
8430
8439
8445
8453
8501
8506
8514
8524
8529
8537
8574
8575
8580
8587
8593
8602
8605
8607
8608
8645
8646
8650
8662
8690
8714
8723
8727
8763
8798
8807
8813
8828
8833
8845
8848
8849
8853
8881
8884
8892
8895
8901
8911
8933
8944
8955
8963
8986
9001
9004
9007
9035
9036
9040
9049
9065
9067
9080
9095
9102
9109
9126
9129
9147
9157
9164
9169
9170
9173
9174
9186
9193
9195
9203
9204
9216
9217
9226
9227
9239
9273
9280
9287
9288
9291
9292
9295
9303
9306
9307
9320
9323
9324
9328
9334
9337
9349
9364
9374
9400
9422
9437
9446
9448
9454
9457
9465
9473
9487
9492
9503
9507
9513
9515
9528
9534
9584
9587
9599
9609
9619
9621
9625
9636
9654
9658
9672
9679
9687
9689
9725
9734
9744
9776
9781
9786
9821
9835
9844
9852
9872
9881
9882
9904
9905
9910
9916
9917
9918
9939
9940
9944
9945
9950
9953
9954
9955
9971
9975
9995
9996
10026
10034
10042
10070
10071
10083
10085
10100
10112
10122
10127
10138
10144
10156
10159
10167
10174
10180
10181
10188
10199
10204
10209
10216
10220
10237
10251
10266
10272
10273
10281
10329
10335
10337
10348
10353
10358
10359
10378
10393
10408
10443
10446
10449
10452
10472
10496
10502
10514
10516
10517
10525
10539
10546
10549
10581
10587
10595
10598
10606
10616
10625
10641
10642
10657
10665
10667
10681
10697
10701
10703
10723
10727
10748
10758
10762
10778
10790
10793
10803
10818
10823
10826
10835
10848
10872
10875
10879
10943
10953
10978
10985
11002
11032
11033
11036
11049
11056
11092
11100
11102
11106
11111
11116
11121
11124
11141
11161
11182
11194
11199
11201
11230
11239
11250
11259
11266
11268
11289
11296
11310
11350
11355
11378
11381
11390
11399
11400
11417
11419
11431
11437
11440
11442
11443
11451
11453
11454
11461
11465
11470
11475
11487
11492
11511
11522
11524
11526
11538
11546
11562
11577
11584
11601
11620
11630
11645
11662
11671
11693
11696
11697
11701
11709
11724
11735
11772
11792
11798
11808
11819
11822
11827
11844
11869
11882
11885
11917
11918
11922
11923
11927
11930
11931
11932
11939
11943
11944
11949
11953
11958
11977
11985
12008
12017
12022
12062
12079
12081
12106
12116
12118
12122
12135
12153
12159
12167
12185
12186
12194
12197
12214
12220
12221
12237
12257
12258
12271
12281
12286
12295
12298
12310
12318
12320
12328
12329
12330
12352
12375
12389
12393
12400
12401
12414
12416
12439
12440
12442
12444
12453
12455
12460
12469
12471
12498
12505
12519
12520
12532
12533
12534
12537
12569
12574
12576
12587
12599
12603
12606
12611
12613
12617
12639
12643
12645
12653
12661
12666
12670
12685
12692
12697
12717
12742
12751
12757
12762
12772
12785
12794
12814
12826
12832
12889
12909
12916
12930
12940
12941
12952
12954
12959
12967
12976
12981
13015
13024
13026
13032
13033
13050
13055
13057
13062
13078
13087
13089
13095
13106
13108
13116
13133
13139
13143
13158
13162
13175
13179
13191
13192
13214
13223
13272
13285
13291
13292
13302
13316
13319
13323
13325
13326
13331
13346
13351
13352
13370
13373
13381
13390
13391
13407
13416
13429
13451
13456
13468
13501
13505
13516
13546
13556
13564
13568
13582
13592
13602
13604
13606
13615
13643
13645
13649
13653
13662
13666
13668
13700
13714
13717
13721
13727
13728
13742
13748
13754
13768
13773
13783
13797
13829
13843
13858
13877
13890
13892
13905
13917
13918
13919
13949
13951
13965
13966
13985
13994
13999
14007
14012
14024
14050
14058
14075
14090
14116
14118
14120
14189
14192
14205
14216
14222
14246
14255
14287
14289
14315
14330
14350
14360
14388
14397
14401
14411
14429
14439
14446
14447
14453
14461
14469
14478
14482
14483
14490
14495
14501
14503
14523
14531
14539
14540
14545
14549
14557
14582
14590
14637
14641
14648
14659
14660
14669
14673
14680
14683
14691
14733
14747
14753
14756
14774
14780
14789
14796
14835
14836
14852
14854
14876
14885
14893
14926
14929
14932
14948
14952
14962
14989
14992
14995
15005
15008
15037
15038
15039
15069
15083
15098
15115
15119
15126
15131
15134
15136
15154
15163
15165
15169
15171
15174
15191
15193
15200
15210
15233
15257
15260
15279
15287
15295
15317
15334
15365
15376
15389
15395
15398
15400
15407
15419
15428
15439
15447
15465
15472
15486
15489
15508
15510
15515
15531
15538
15562
15566
15570
15579
15582
15588
15592
15599
15602
15609
15634
15640
15644
15647
15677
15678
15680
15681
15699
15700
15701
15708
15712
15727
15730
15739
15745
15746
15755
15758
15760
15781
15784
15796
15808
15826
15828
15846
15851
15855
15874
15879
15895
15898
15903
15904
15905
15924
15931
15933
15939
15947
15957
15967
15970
16022
16039
16054
16066
16077
16081
16085
16092
16099
16126
16137
16150
16151
16167
16168
16187
16195
16207
16229
16240
16241
16244
16246
16260
16268
16279
16288
16292
16303
16305
16306
16312
16315
16317
16331
16332
16352
16365
16370
16386
16398
16400
16415
16421
16445
16447
16452
16466
16475
16485
16486
16494
16511
16518
16521
16532
16533
16538
16543
16545
16553
16554
16557
16566
16569
16575
16586
16590
16601
16627
16646
16655
16669
16670
16671
16672
16696
16698
16700
16708
16713
16737
16754
16789
16809
16813
16816
16834
16835
16837
16846
16851
16866
16872
16876
16898
16915
16917
16965
16971
16975
16988
16991
16997
16999
17001
17003
17007
17009
17028
17039
17040
17046
17047
17056
17090
17117
17121
17129
17145
17158
17171
17193
17195
17199
17202
17208
17212
17215
17216
17222
17230
17233
17239
17240
17254
17268
17274
17309
17314
17346
17367
17377
17395
17399
17420
17433
17442
17452
17459
17461
17470
17493
17509
17514
17521
17531
17542
17573
17590
17591
17598
17601
17615
17621
17637
17644
17649
17651
17667
17673
17674
17676
17688
17699
17700
17707
17728
17740
17752
17759
17781
17783
17789
17809
17822
17828
17835
17859
17865
17869
17884
17885
17898
17901
17933
17936
17937
17949
17969
17973
17974
17997
18000
18012
18018
18020
18039
18047
18058
18068
18069
18070
18074
18075
18084
18089
18092
18115
18116
18129
18144
18145
18146
18148
18152
18165
18177
18180
18196
18208
18215
18226
18230
18240
18250
18251
18253
18256
18261
18288
18310
18312
18324
18325
18333
18350
18377
18379
18392
18396
18405
18410
18426
18442
18446
18447
18451
18454
18457
18481
18485
18486
18507
18523
18526
18564
18565
18568
18580
18581
18590
18592
18595
18632
18642
18655
18668
18684
18703
18717
18744
18745
18749
18779
18792
18802
18808
18813
18818
18822
18838
18867
18877
18897
18898
18902
18916
18918
18932
18936
18966
18991
18993
18998
19010
19014
19030
19031
19041
19051
19056
19066
19075
19088
19101
19117
19118
19122
19146
19165
19167
19184
19188
19214
19228
19229
19231
19243
19271
19275
19287
19291
19298
19329
19342
19353
19359
19376
19390
19393
19397
19401
19408
19411
19413
19424
19429
19432
19437
19444
19453
19457
19466
19467
19469
19470
19483
19484
19494
19514
19532
19537
19560
19570
19574
19575
19585
19625
19626
19644
19648
19674
19679
19702
19716
19720
19743
19755
19756
19759
19768
19770
19772
19777
19783
19789
19792
19805
19816
19818
19824
19828
19832
19833
19850
19854
19921
19931
19935
19939
19951
19955
19957
19959
19968
19973
20008
20014
20018
20028
20030
20037
20044
20046
20058
20065
20079
20086
20087
20097
20098
20128
20132
20136
20158
20160
20168
20188
20200
20204
20216
20228
20229
20238
20266
20272
20275
20283
20288
20308
20309
20327
20329
20332
20336
20337
20342
20347
20352
20355
20362
20372
20379
20384
20399
20408
20414
20447
20448
20459
20472
20480
20481
20486
20501
20533
20535
20551
20565
20569
20584
20589
20596
20597
20600
20602
20607
20627
20630
20633
20635
20636
20644
20652
20664
20670
20723
20730
20736
20761
20765
20784
20791
20792
20826
20827
20830
20840
20858
20860
20862
20892
20899
20913
20915
20920
20930
20931
20933
20936
20937
20957
20959
20968
20973
20978
20980
20983
20987
20995
21001
21008
21012
21035
21037
21046
21047
21076
21083
21085
21105
21114
21117
21145
21149
21171
21174
21191
21196
21197
21221
21224
21227
21234
21246
21260
21263
21266
21284
21317
21320
21323
21336
21337
21350
21354
21358
21361
21369
21370
21387
21393
21397
21408
21416
21429
21439
21443
21444
21446
21450
21451
21465
21475
21480
21496
21500
21508
21519
21529
21561
21583
21589
21610
21621
21630
21635
21639
21642
21654
21659
21672
21678
21679
21685
21686
21688
21695
21697
21700
21704
21717
21719
21722
21726
21739
21752
21803
21804
21816
21826
21829
21832
21845
21852
21857
21862
21881
21882
21886
21891
21906
21909
21912
21928
21939
21956
21991
21999
22002
22028
22044
22063
22067
22076
22083
22099
22112
22116
22117
22119
22125
22130
22146
22149
22156
22157
22196
22218
22230
22239
22241
22254
22268
22281
22284
22289
22317
22381
22385
22388
22403
22405
22415
22417
22440
22441
22444
22451
22461
22488
22498
22501
22514
22517
22518
22520
22523
22540
22548
22578
22600
22605
22609
22612
22623
22632
22651
22657
22672
22675
22681
22685
22706
22718
22726
22732
22753
22755
22793
22796
22806
22818
22819
22827
22829
22833
22841
22842
22845
22848
22855
22874
22880
22883
22887
22888
22908
22913
22939
22948
22957
22959
22961
22972
22994
22995
23013
23019
23027
23030
23044
23045
23057
23065
23073
23074
23078
23082
23088
23095
23098
23102
23106
23148
23164
23170
23175
23180
23181
23205
23230
23235
23263
23277
23281
23282
23299
23311
23331
23338
23341
23347
23363
23376
23394
23404
23409
23417
23424
23425
23452
23454
23469
23488
23498
23503
23506
23528
23545
23547
23548
23563
23565
23582
23599
23607
23617
23621
23624
23632
23634
23637
23641
23645
23658
23683
23707
23709
23711
23714
23715
23719
23729
23740
23747
23766
23767
23772
23791
23812
23814
23820
23828
23840
23856
23861
23863
23880
23888
23901
23910
23912
23927
23933
23944
23956
23960
23970
23980
23989
24008
24011
24013
24020
24032
24046
24050
24053
24055
24057
24058
24062
24068
24071
24086
24097
24108
24114
24115
24117
24128
24129
24141
24152
24160
24165
24171
24181
24191
24197
24201
24242
24244
24248
24267
24271
24275
24325
24331
24342
24346
24349
24355
24393
24397
24440
24441
24450
24461
24482
24485
24486
24493
24494
24535
24536
24542
24578
24581
24587
24591
24592
24611
24628
24634
24656
24664
24666
24677
24682
24736
24756
24760
24774
24776
24792
24796
24802
24832
24855
24858
24875
24898
24911
24925
24932
24934
24949
24951
24965
24984
24989
25003
25007
25010
25023
25042
25051
25072
25079
25081
25090
25110
25111
25131
25157
25198
25225
25237
25259
25276
25291
25293
25310
25311
25320
25331
25341
25348
25358
25360
25361
25364
25370
25381
25393
25423
25424
25428
25431
25501
25511
25526
25541
25544
25552
25553
25560
25569
25576
25591
25622
25629
25650
25653
25656
25678
25691
25693
25721
25724
25731
25767
25769
25770
25771
25808
25834
25856
25857
25879
25887
25902
25925
25938
25939
25941
25981
25999
26004
26005
26007
26021
26084
26089
26104
26110
26117
26121
26128
26136
26145
26151
26163
26168
26171
26173
26174
26185
26201
26204
26205
26208
26217
26225
26237
26270
26275
26289
26312
26324
26340
26355
26387
26406
26409
26410
26430
26438
26445
26448
26450
26452
26453
26496
26512
26524
26530
26537
26538
26541
26548
26553
26556
26562
26609
26656
26688
26689
26692
26705
26730
26737
26759
26763
26765
26793
26801
26808
26823
26837
26887
26893
26896
26908
26911
26916
26917
26919
26920
26938
26939
26949
26982
26990
27008
27014
27021
27032
27041
27045
27065
27081
27085
27097
27105
27118
27138
27139
27143
27151
27154
27170
27178
27182
27200
27212
27220
27227
27231
27266
27270
27272
27281
27283
27289
27306
27319
27321
27339
27354
27368
27399
27400
27413
27423
27435
27442
27446
27453
27454
27464
27473
27487
27505
27515
27519
27525
27539
27544
27547
27557
27563
27568
27590
27602
27612
27616
27619
27630
27645
27648
27657
27659
27661
27669
27672
27673
27680
27681
27682
27685
27706
27728
27737
27758
27762
27767
27770
27771
27775
27798
27802
27839
27852
27853
27860
27867
27871
27873
27883
27895
27913
27919
27920
27925
27938
27953
27959
27960
27973
27983
27986
27999
28003
28048
28052
28063
28082
28115
28118
28122
28129
28132
28140
28142
28153
28156
28178
28192
28205
28220
28228
28252
28271
28309
28329
28337
28344
28348
28349
28359
28391
28408
28409
28419
28424
28434
28435
28440
28471
28480
28494
28510
28512
28522
28536
28542
28565
28572
28584
28585
28601
28647
28652
28654
28667
28669
28686
28689
28702
28718
28719
28725
28728
28749
28769
28780
28782
28793
28806
28816
28825
28835
28837
28840
28846
28856
28860
28873
28875
28893
28896
28899
28903
28911
28920
28927
28933
28952
28961
28966
28987
28990
29026
29033
29056
29080
29087
29102
29120
29128
29140
29141
29143
29191
29192
29199
29206
29233
29270
29282
29283
29284
29287
29293
29312
29314
29315
29317
29329
29335
29338
29354
29374
29378
29379
29381
29382
29385
29386
29390
29402
29406
29408
29417
29453
29469
29470
29474
29495
29502
29507
29518
29519
29521
29525
29530
29540
29541
29558
29567
29568
29570
29583
29593
29597
29610
29611
29613
29624
29626
29631
29640
29647
29648
29683
29684
29686
29716
29717
29723
29733
29741
29750
29751
29757
29758
29759
29762
29797
29804
29806
29809
29814
29818
29847
29860
29864
29883
29887
29901
29923
29931
29952
29974
29979
29984
30030
30044
30076
30088
30094
30096
30112
30118
30156
30161
30163
30165
30169
30189
30198
30216
30223
30236
30242
30275
30276
30311
30361
30365
30368
30373
30407
30416
30430
30446
30460
30475
30510
30513
30517
30538
30550
30553
30560
30565
30573
30601
30602
30610
30614
30621
30627
30636
30649
30655
30656
30672
30678
30680
30686
30689
30694
30698
30739
30752
30754
30767
30773
30783
30785
30789
30805
30807
30830
30833
30837
30847
30862
30871
30875
30878
30898
30907
30923
30930
30988
30995
31007
31043
31056
31067
31069
31100
31102
31111
31123
31139
31141
31173
31194
31205
31214
31223
31227
31235
31240
31252
31285
31307
31311
31314
31327
31338
31350
31369
31370
31382
31383
31389
31397
31403
31409
31423
31430
31434
31436
31438
31442
31471
31500
31503
31506
31514
31516
31517
31524
31534
31540
31544
31549
31550
31552
31568
31631
31638
31652
31657
31660
31661
31668
31674
31675
31686
31703
31711
31712
31725
31738
31742
31744
31750
31755
31760
31768
31806
31807
31812
31818
31836
31849
31852
31895
31920
31922
31930
31938
31947
31954
31975
31976
31983
31988
31993
32004
32006
32026
32029
32031
32035
32054
32056
32071
32072
32074
32079
32082
32085
32093
32117
32118
32130
32135
32139
32149
32159
32162
32164
32192
32195
32223
32231
32235
32236
32244
32254
32271
32274
32287
32293
32306
32308
32315
32335
32362
32364
32373
32389
32414
32419
32425
32453
32458
32460
32487
32490
32501
32518
32519
32530
32534
32539
32541
32547
32550
32552
32567
32572
32576
32581
32582
32587
32599
32604
32612
32636
32653
32654
32667
32687
32695
32699
32706
32717
32745
32754
32757
32767
32770
32781
32785
32786
32802
32813
32818
32858
32872
32900
32902
32916
32919
32930
32947
32990
32993
33007
33009
33018
33021
33027
33036
33037
33043
33044
33053
33055
33058
33071
33087
33090
33099
33101
33120
33131
33133
33139
33160
33174
33191
33192
33193
33197
33211
33225
33228
33240
33262
33266
33272
33281
33283
33294
33302
33306
33308
33326
33333
33340
33367
33381
33414
33420
33427
33428
33437
33468
33471
33474
33476
33479
33485
33533
33545
33562
33568
33570
33571
33593
33599
33604
33611
33624
33654
33681
33688
33693
33701
33726
33727
33747
33755
33758
33763
33766
33784
33786
33789
33796
33797
33801
33802
33821
33827
33858
33866
33870
33882
33893
33904
33933
33951
33952
33963
33976
33989
33999
34011
34028
34029
34038
34051
34061
34062
34067
34076
34087
34094
34126
34141
34160
34181
34204
34213
34246
34248
34254
34255
34260
34271
34279
34299
34317
34321
34325
34351
34360
34362
34369
34377
34378
34382
34417
34446
34457
34463
34477
34481
34489
34518
34525
34539
34547
34559
34562
34603
34604
34606
34614
34623
34626
34628
34637
34643
34647
34659
34666
34680
34682
34693
34696
34702
34714
34718
34723
34732
34733
34734
34742
34744
34755
34780
34788
34797
34799
34815
34825
34827
34830
34835
34845
34856
34861
34864
34872
34879
34900
34909
34934
34943
34949
34958
34959
34961
34962
34975
34985
34989
34995
35002
35009
35013
35075
35077
35091
35101
35113
35132
35134
35139
35144
35153
35162
35163
35172
35178
35184
35204
35206
35207
35223
35239
35241
35255
35261
35263
35289
35293
35302
35308
35315
35320
35335
35342
35343
35383
35387
35422
35460
35470
35485
35492
35499
35500
35511
35523
35530
35542
35546
35582
35586
35624
35637
35650
35658
35665
35666
35667
35686
35700
35719
35736
35739
35741
35751
35764
35767
35775
35777
35779
35804
35808
35810
35812
35823
35842
35852
35853
35855
35870
35873
35901
35906
35907
35921
35946
35947
35958
35966
35967
35968
35975
35980
36026
36028
36036
36038
36040
36050
36054
36056
36113
36116
36122
36131
36141
36149
36153
36154
36168
36187
36204
36208
36211
36215
36223
36234
36245
36246
36250
36254
36263
36271
36284
36296
36301
36309
36310
36334
36340
36344
36347
36354
36358
36362
36416
36423
36426
36435
36436
36437
36491
36512
36516
36517
36523
36525
36564
36566
36575
36576
36584
36599
36618
36624
36631
36640
36655
36663
36682
36699
36715
36716
36727
36729
36738
36741
36753
36773
36783
36788
36790
36791
36798
36804
36816
36855
36864
36865
36878
36891
36893
36909
36913
36914
36936
36942
36945
36949
36963
36973
37007
37009
37016
37018
37030
37032
37034
37042
37062
37064
37071
37074
37075
37082
37095
37101
37107
37129
37141
37146
37148
37150
37166
37177
37178
37179
37187
37188
37191
37193
37199
37200
37201
37206
37209
37215
37222
37230
37243
37260
37276
37300
37305
37313
37328
37329
37333
37353
37356
37358
37364
37382
37390
37396
37414
37428
37429
37449
37450
37461
37462
37470
37471
37495
37522
37532
37563
37578
37581
37611
37612
37613
37623
37625
37631
37643
37666
37680
37689
37693
37717
37740
37743
37745
37752
37759
37766
37768
37781
37805
37826
37847
37848
37857
37865
37882
37883
37884
37893
37912
37917
37933
37938
37939
37950
37951
37953
37974
38015
38039
38041
38047
38049
38052
38064
38072
38074
38088
38124
38125
38144
38164
38165
38170
38179
38189
38202
38211
38223
38232
38237
38238
38245
38247
38253
38254
38256
38263
38267
38280
38309
38317
38322
38327
38335
38345
38346
38363
38380
38387
38391
38395
38404
38406
38409
38427
38429
38433
38434
38439
38472
38486
38492
38500
38503
38514
38557
38563
38582
38583
38599
38607
38639
38642
38654
38657
38672
38676
38679
38683
38686
38693
38697
38700
38721
38737
38754
38759
38760
38765
38769
38778
38785
38796
38799
38811
38823
38825
38831
38846
38850
38860
38871
38879
38888
38897
38909
38920
38946
38974
38977
38988
38991
38992
39001
39007
39012
39029
39055
39063
39078
39087
39096
39104
39147
39163
39165
39169
39184
39188
39196
39204
39207
39211
39212
39213
39215
39220
39224
39229
39230
39270
39273
39287
39288
39289
39302
39304
39316
39319
39324
39327
39336
39364
39373
39381
39384
39398
39407
39439
39441
39448
39451
39454
39464
39476
39500
39501
39507
39518
39546
39548
39549
39553
39555
39556
39558
39564
39579
39586
39587
39622
39628
39636
39642
39651
39652
39653
39661
39674
39675
39679
39684
39714
39720
39722
39730
39733
39743
39749
39755
39770
39783
39790
39804
39807
39813
39814
39815
39817
39819
39820
39821
39834
39843
39849
39854
39857
39870
39873
39900
39905
39914
39941
39965
39976
40006
40007
40017
40022
40026
40051
40073
40077
40083
40109
40114
40120
40130
40144
40162
40173
40175
40188
40195
40201
40203
40212
40213
40230
40238
40267
40287
40296
40299
40322
40332
40342
40352
40357
40371
40386
40402
40411
40442
40445
40450
40454
40479
40485
40488
40504
40506
40511
40513
40521
40538
40545
40566
40571
40573
40580
40587
40596
40615
40624
40626
40632
40642
40649
40651
40660
40661
40671
40672
40685
40687
40691
40694
40695
40705
40706
40758
40780
40786
40800
40810
40815
40828
40829
40847
40854
40855
40883
40888
40891
40892
40912
40913
40917
40944
40960
40964
40972
40977
40982
40985
40986
40989
40991
41001
41004
41030
41042
41048
41056
41097
41107
41109
41111
41116
41125
41134
41139
41149
41155
41178
41184
41194
41202
41206
41217
41221
41233
41238
41265
41267
41275
41286
41287
41288
41297
41308
41313
41332
41334
41349
41350
41359
41375
41409
41416
41419
41428
41441
41444
41445
41448
41473
41490
41499
41503
41504
41506
41520
41529
41560
41573
41574
41575
41578
41591
41605
41625
41642
41643
41655
41663
41664
41675
41678
41693
41711
41716
41733
41753
41756
41759
41788
41792
41795
41797
41798
41810
41815
41820
41821
41828
41833
41842
41859
41870
41883
41898
41899
41924
41927
41933
41938
41969
42002
42004
42010
42017
42019
42024
42027
42029
42035
42039
42057
42076
42077
42094
42101
42108
42110
42111
42141
42151
42157
42177
42179
42186
42188
42203
42248
42255
42266
42276
42280
42289
42300
42303
42307
42310
42338
42361
42380
42381
42404
42442
42465
42466
42498
42511
42512
42521
42566
42575
42577
42579
42582
42589
42592
42595
42602
42610
42613
42618
42623
42624
42642
42648
42656
42671
42676
42681
42683
42690
42719
42720
42726
42732
42735
42753
42758
42779
42801
42803
42812
42821
42826
42829
42830
42859
42864
42894
42916
42926
42931
42935
42939
42940
42951
42956
42965
42970
42989
42998
42999
43001
43004
43005
43023
43025
43034
43035
43037
43043
43058
43061
43079
43087
43099
43103
43104
43106
43107
43121
43141
43178
43197
43205
43206
43209
43216
43217
43236
43239
43277
43278
43297
43306
43315
43324
43340
43341
43356
43370
43383
43394
43421
43431
43436
43437
43441
43449
43475
43486
43499
43515
43533
43552
43578
43588
43597
43599
43606
43624
43626
43635
43639
43642
43651
43652
43667
43673
43705
43723
43747
43760
43763
43777
43792
43793
43801
43804
43813
43815
43816
43842
43851
43860
43884
43890
43891
43898
43909
43924
43928
43935
43970
43980
44004
44031
44033
44040
44043
44048
44075
44076
44083
44097
44127
44146
44156
44158
44180
44182
44195
44202
44203
44216
44230
44259
44262
44278
44281
44282
44286
44299
44301
44303
44318
44324
44327
44332
44333
44356
44359
44369
44377
44385
44391
44418
44423
44428
44430
44432
44443
44462
44474
44509
44515
44516
44525
44526
44532
44533
44535
44540
44550
44594
44598
44604
44606
44645
44649
44660
44662
44666
44677
44684
44688
44707
44752
44755
44761
44773
44795
44809
44810
44832
44844
44846
44851
44857
44861
44862
44874
44893
44904
44914
44924
44931
44951
44953
44962
44978
44987
44994
45011
45028
45049
45064
45093
45114
45115
45118
45142
45158
45160
45180
45182
45183
45186
45187
45191
45195
45218
45247
45257
45265
45267
45273
45278
45295
45303
45316
45317
45343
45357
45360
45375
45379
45419
45450
45458
45464
45470
45477
45480
45481
45520
45529
45536
45552
45577
45583
45592
45594
45603
45608
45612
45641
45650
45685
45706
45715
45721
45741
45746
45749
45761
45770
45773
45834
45848
45861
45885
45927
45938
45941
45946
45962
45967
45971
45976
45991
46011
46025
46029
46046
46063
46066
46107
46112
46134
46148
46153
46156
46171
46177
46190
46198
46205
46214
46221
46232
46239
46242
46248
46253
46258
46263
46291
46299
46306
46311
46316
46323
46324
46326
46330
46341
46342
46343
46378
46391
46406
46420
46434
46441
46461
46463
46465
46467
46472
46475
46476
46479
46485
46494
46507
46509
46522
46525
46526
46527
46532
46553
46554
46567
46569
46589
46598
46619
46627
46629
46630
46641
46646
46669
46672
46673
46725
46732
46734
46738
46768
46791
46825
46841
46843
46864
46866
46870
46884
46886
46900
46915
46936
46968
46978
46979
46991
46993
47021
47034
47052
47060
47061
47079
47103
47117
47122
47136
47137
47140
47148
47149
47151
47156
47176
47189
47194
47198
47204
47212
47218
47230
47245
47257
47260
47300
47303
47306
47309
47310
47315
47325
47350
47356
47361
47362
47365
47371
47391
47392
47394
47397
47417
47419
47421
47422
47424
47428
47435
47447
47448
47459
47485
47492
47494
47504
47512
47527
47532
47541
47543
47544
47545
47562
47580
47585
47589
47596
47599
47619
47647
47656
47657
47672
47673
47674
47686
47695
47700
47707
47755
47761
47771
47777
47783
47785
47787
47839
47842
47852
47856
47868
47883
47891
47916
47929
47951
47977
47981
48019
48020
48023
48026
48034
48059
48070
48071
48075
48077
48078
48080
48098
48118
48123
48135
48143
48149
48161
48171
48172
48187
48196
48207
48234
48235
48239
48242
48266
48267
48275
48277
48285
48303
48305
48314
48315
48322
48326
48333
48341
48349
48380
48381
48394
48409
48416
48418
48431
48452
48461
48471
48497
48500
48501
48512
48517
48527
48533
48547
48549
48556
48559
48562
48614
48621
48636
48638
48659
48663
48666
48673
48687
48690
48694
48698
48709
48720
48727
48734
48737
48762
48777
48799
48821
48848
48869
48876
48878
48883
48885
48889
48890
48902
48929
48939
48940
48966
48974
48985
48993
48996
48998
49030
49033
49036
49043
49050
49057
49067
49073
49080
49098
49118
49132
49148
49169
49175
49195
49205
49229
49237
49240
49242
49243
49249
49251
49254
49297
49310
49317
49319
49321
49343
49353
49354
49358
49367
49396
49401
49407
49411
49426
49439
49449
49461
49477
49483
49486
49498
49528
49546
49551
49562
49569
49579
49581
49596
49621
49624
49625
49627
49645
49665
49669
49696
49701
49714
49719
49720
49741
49750
49752
49753
49755
49788
49789
49803
49806
49850
49853
49858
49863
49883
49891
49892
49910
49912
49917
49962
49964
49970
49980
49982
50009
50019
50032
50043
50056
50060
50103
50110
50131
50138
50150
50156
50190
50195
50197
50218
50220
50228
50236
50237
50239
50263
50265
50266
50276
50278
50285
50302
50308
50333
50344
50346
50350
50353
50363
50365
50395
50398
50402
50404
50407
50415
50420
50431
50433
50436
50448
50449
50451
50456
50475
50479
50483
50505
50516
50530
50563
50564
50566
50574
50592
50599
50609
50638
50640
50641
50646
50659
50666
50683
50694
50704
50711
50712
50717
50731
50754
50761
50795
50813
50815
50819
50826
50836
50846
50848
50855
50865
50870
50872
50880
50884
50885
50888
50903
50906
50915
50917
50923
50929
50938
50942
50944
50948
50976
50980
50981
50987
50997
51005
51007
51019
51053
51068
51094
51107
51111
51117
51121
51141
51156
51159
51167
51177
51178
51181
51186
51191
51192
51203
51206
51209
51219
51229
51244
51247
51258
51277
51282
51318
51327
51345
51359
51365
51366
51381
51384
51392
51398
51434
51439
51452
51468
51475
51502
51532
51541
51543
51572
51581
51593
51598
51655
51658
51663
51670
51685
51706
51712
51735
51738
51741
51745
51752
51754
51759
51764
51766
51776
51815
51817
51828
51836
51849
51851
51863
51875
51878
51924
51954
51962
51972
51978
51993
52001
52003
52008
52012
52022
52029
52030
52047
52049
52052
52072
52085
52092
52093
52101
52119
52122
52126
52127
52129
52135
52139
52149
52156
52159
52176
52192
52194
52220
52230
52241
52283
52298
52300
52304
52306
52310
52317
52325
52330
52354
52369
52405
52407
52409
52416
52424
52430
52432
52436
52468
52490
52501
52507
52512
52515
52518
52521
52524
52553
52560
52575
52582
52586
52597
52601
52612
52622
52623
52624
52628
52643
52651
52668
52671
52692
52722
52733
52746
52751
52762
52773
52779
52788
52795
52802
52821
52836
52880
52891
52898
52902
52917
52962
52965
52968
52969
52972
52980
52987
52997
53007
53009
53012
53018
53025
53041
53044
53051
53053
53071
53099
53104
53118
53121
53127
53140
53141
53158
53175
53183
53193
53205
53220
53228
53232
53240
53241
53243
53263
53274
53283
53289
53302
53311
53333
53336
53350
53376
53400
53415
53419
53426
53432
53435
53448
53450
53460
53466
53468
53470
53471
53475
53480
53484
53491
53492
53493
53500
53505
53508
53516
53518
53519
53521
53535
53563
53568
53571
53584
53586
53587
53589
53623
53631
53637
53642
53650
53675
53679
53700
53701
53706
53710
53714
53716
53724
53728
53729
53737
53753
53764
53767
53768
53777
53793
53797
53815
53827
53831
53836
53842
53846
53848
53868
53870
53883
53887
53896
53906
53915
53917
53924
53926
53951
53954
53960
53974
53979
53992
54004
54011
54014
54036
54037
54046
54047
54048
54055
54059
54065
54089
54094
54103
54104
54116
54123
54134
54150
54158
54178
54181
54190
54203
54204
54223
54230
54251
54266
54267
54271
54338
54339
54354
54380
54381
54382
54391
54392
54393
54417
54419
54425
54435
54454
54488
54501
54517
54520
54529
54561
54578
54582
54586
54612
54617
54621
54638
54643
54656
54657
54661
54667
54678
54679
54681
54699
54707
54720
54728
54731
54748
54752
54756
54771
54803
54818
54825
54836
54838
54874
54889
54897
54899
54929
54960
54969
54977
54981
54989
55001
55009
55021
55031
55049
55062
55077
55080
55107
55117
55126
55139
55185
55186
55209
55236
55251
55252
55261
55265
55269
55273
55275
55279
55285
55288
55290
55292
55302
55304
55318
55353
55385
55390
55391
55392
55402
55409
55413
55421
55425
55430
55435
55440
55446
55447
55450
55452
55478
55490
55491
55516
55520
55521
55525
55530
55533
55555
55566
55574
55592
55597
55615
55642
55646
55649
55665
55709
55710
55713
55723
55725
55730
55732
55750
55786
55794
55804
55825
55830
55837
55838
55860
55865
55871
55874
55887
55916
55945
55958
55976
55977
55982
55985
55995
56001
56014
56017
56043
56052
56053
56057
56077
56081
56086
56092
56104
56110
56118
56134
56138
56142
56171
56182
56192
56195
56205
56206
56214
56218
56224
56227
56230
56232
56240
56244
56248
56281
56293
56301
56314
56323
56327
56335
56351
56365
56377
56387
56392
56399
56405
56411
56421
56435
56438
56442
56451
56458
56460
56468
56475
56476
56481
56504
56506
56519
56521
56522
56535
56547
56552
56557
56562
56566
56585
56609
56612
56622
56631
56636
56638
56642
56645
56651
56665
56667
56681
56688
56705
56713
56731
56740
56748
56753
56756
56763
56791
56792
56793
56800
56801
56806
56810
56819
56825
56843
56850
56852
56860
56908
56909
56913
56943
56971
56974
56998
57028
57037
57038
57040
57049
57056
57058
57060
57066
57081
57107
57117
57120
57121
57122
57132
57140
57141
57153
57164
57165
57171
57179
57204
57217
57219
57227
57231
57236
57247
57252
57253
57262
57284
57292
57293
57302
57304
57314
57323
57325
57339
57348
57367
57369
57372
57380
57381
57389
57392
57407
57415
57425
57432
57450
57481
57484
57536
57545
57564
57584
57600
57611
57612
57626
57641
57645
57659
57691
57705
57738
57750
57754
57785
57789
57822
57838
57839
57846
57850
57860
57865
57874
57885
57891
57902
57929
57930
57941
57961
57968
57971
57974
57979
57994
58001
58021
58037
58067
58072
58084
58092
58102
58104
58107
58116
58126
58133
58143
58144
58151
58159
58177
58179
58185
58195
58197
58201
58209
58210
58228
58230
58239
58259
58264
58273
58319
58326
58348
58375
58388
58412
58415
58436
58464
58466
58482
58483
58485
58515
58517
58520
58580
58585
58594
58597
58608
58619
58640
58646
58675
58687
58700
58702
58710
58721
58765
58769
58783
58786
58794
58826
58830
58834
58852
58872
58884
58898
58913
58921
58930
58938
58942
58951
58962
58992
58995
58998
59009
59016
59028
59041
59048
59052
59065
59068
59080
59093
59104
59105
59110
59117
59124
59134
59145
59157
59166
59178
59199
59203
59208
59221
59230
59255
59273
59277
59292
59293
59320
59322
59324
59325
59328
59330
59336
59352
59353
59356
59359
59367
59370
59376
59379
59392
59395
59396
59398
59401
59402
59418
59474
59483
59485
59494
59497
59498
59511
59534
59538
59549
59569
59575
59589
59595
59596
59603
59606
59618
59632
59640
59647
59653
59658
59672
59695
59699
59707
59710
59719
59722
59739
59740
59743
59745
59756
59760
59816
59849
59852
59853
59870
59875
59879
59924
59938
59941
59949
59951
59965
59971
59980
59981
