16
51
84
91
92
95
104
111
114
118
119
125
134
135
145
146
147
149
175
178
188
198
210
212
216
218
232
233
246
263
274
279
280
297
307
321
340
343
344
360
367
380
387
391
393
397
403
409
412
416
423
424
461
470
480
489
496
503
506
538
539
544
546
559
567
568
582
583
592
628
631
647
664
665
679
683
685
699
705
708
709
710
740
749
760
786
802
808
810
823
830
842
860
866
874
883
893
896
908
919
952
974
981
991
996
1002
1006
1008
1009
1014
1024
1052
1058
1064
1074
1093
1095
1115
1120
1137
1145
1168
1179
1182
1188
1208
1215
1257
1260
1267
1270
1283
1290
1302
1303
1316
1325
1332
1336
1348
1353
1356
1366
1382
1384
1398
1400
1401
1412
1425
1431
1442
1484
1488
1503
1511
1529
1530
1536
1551
1554
1564
1566
1567
1580
1584
1605
1617
1621
1622
1628
1657
1671
1688
1691
1700
1711
1722
1727
1769
1775
1797
1809
1821
1825
1842
1843
1853
1864
1876
1891
1901
1915
1952
1963
1968
1996
2004
2028
2035
2037
2039
2059
2075
2093
2113
2117
2120
2144
2189
2210
2213
2219
2222
2224
2228
2262
2265
2268
2269
2274
2276
2291
2292
2296
2297
2299
2305
2306
2313
2314
2316
2322
2326
2333
2337
2350
2360
2374
2380
2390
2398
2408
2418
2424
2441
2448
2472
2475
2550
2564
2565
2566
2604
2610
2612
2613
2623
2663
2669
2694
2699
2702
2713
2722
2724
2741
2743
2745
2772
2775
2776
2778
2787
2788
2802
2805
2807
2815
2825
2829
2836
2840
2854
2859
2875
2880
2882
2892
2894
2901
2902
2947
2948
2950
2954
2969
2981
2984
2986
2988
3001
3003
3016
3039
3040
3048
3054
3056
3060
3070
3073
3074
3083
3090
3099
3103
3110
3116
3124
3126
3127
3132
3143
3169
3173
3175
3186
3189
3202
3203
3219
3232
3234
3250
3258
3260
3264
3265
3266
3268
3271
3272
3275
3280
3281
3289
3305
3309
3324
3337
3343
3355
3363
3367
3372
3376
3395
3396
3400
3402
3431
3438
3468
3476
3482
3484
3488
3501
3510
3511
3515
3520
3538
3544
3548
3570
3581
3593
3599
3602
3604
3606
3617
3627
3639
3650
3665
3670
3675
3693
3695
3737
3745
3765
3767
3778
3789
3798
3812
3818
3829
3833
3841
3849
3853
3857
3875
3877
3886
3889
3898
3899
3913
3917
3921
3937
3956
3957
3959
3994
4001
4008
4013
4034
4050
4056
4064
4096
4106
4118
4120
4125
4132
4143
4148
4158
4162
4170
4174
4199
4235
4236
4242
4250
4257
4267
4269
4291
4310
4317
4319
4324
4331
4333
4345
4362
4364
4366
4384
4389
4390
4393
4396
4401
4416
4424
4438
4454
4464
4476
4492
4502
4511
4514
4525
4526
4530
4534
4540
4556
4561
4570
4579
4584
4588
4594
4607
4614
4615
4622
4630
4638
4642
4644
4645
4648
4664
4667
4673
4679
4682
4692
4693
4697
4701
4710
4725
4732
4741
4791
4801
4839
4846
4847
4855
4866
4870
4872
4888
4890
4894
4906
4908
4924
4945
4951
4953
4963
4964
4968
4985
4996
4997
5000
5005
5013
5018
5019
5031
5041
5054
5058
5064
5065
5068
5093
5102
5105
5108
5112
5117
5120
5121
5127
5138
5155
5160
5168
5169
5188
5193
5204
5227
5251
5253
5259
5264
5272
5290
5319
5322
5343
5360
5362
5366
5384
5385
5387
5388
5403
5407
5417
5424
5425
5432
5434
5438
5445
5483
5491
5500
5502
5506
5509
5510
5513
5526
5532
5533
5540
5542
5560
5573
5575
5595
5602
5605
5606
5609
5613
5615
5618
5620
5624
5633
5660
5670
5691
5696
5708
5723
5728
5731
5734
5756
5759
5765
5770
5783
5791
5797
5810
5830
5836
5837
5846
5872
5881
5891
5911
5915
5929
5937
5947
5961
5966
5998
6010
6039
6041
6046
6051
6074
6094
6097
6120
6122
6124
6125
6133
6147
6161
6183
6195
6200
6202
6210
6230
6280
6282
6289
6298
6314
6327
6328
6348
6350
6351
6352
6356
6366
6376
6394
6403
6404
6410
6427
6435
6444
6446
6448
6459
6502
6513
6515
6522
6526
6528
6537
6557
6569
6592
6611
6618
6631
6636
6637
6640
6641
6644
6652
6676
6689
6692
6710
6724
6744
6745
6749
6754
6767
6772
6776
6784
6785
6808
6810
6821
6842
6843
6846
6847
6855
6863
6874
6904
6905
6913
6915
6926
6929
6937
6951
6952
6958
6984
6995
7016
7019
7027
7066
7073
7075
7086
7089
7107
7120
7128
7136
7138
7143
7146
7155
7161
7179
7192
7197
7209
7219
7227
7230
7231
7250
7257
7262
7271
7290
7298
7301
7311
7315
7337
7344
7346
7367
7371
7376
7384
7387
7406
7411
7428
7464
7467
7477
7483
7487
7491
7510
7511
7520
7523
7526
7544
7571
7584
7602
7616
7617
7623
7636
7669
7684
7719
7720
7737
7749
7751
7753
7764
7785
7792
7808
7827
7834
7847
7860
7863
7878
7892
7909
7917
7931
7946
7961
7964
7974
7995
8015
8022
8028
8048
8049
8051
8053
8056
8068
8070
8093
8101
8102
8104
8107
8112
8115
8125
8127
8129
8149
8155
8158
8161
8162
8172
8179
8187
8193
8201
8203
8223
8224
8225
8232
8233
8261
8266
8270
8277
8290
8300
8309
8315
8316
8320
8332
8336
8342
8352
8353
8354
8360
8374
8379
8383
8395
8402
8433
8440
8446
8447
8456
8459
8485
8494
8526
8537
8539
8555
8561
8574
8599
8606
8614
8618
8627
8630
8634
8659
8668
8674
8681
8687
8705
8707
8728
8743
8747
8766
8773
8785
8802
8804
8809
8819
8825
8827
8829
8832
8836
8847
8848
8871
8879
8911
8914
8919
8922
8946
8962
8969
8970
8984
8995
8998
8999
9021
9035
9037
9040
9041
9045
9056
9073
9083
9084
9093
9096
9108
9119
9122
9130
9131
9137
9143
9144
9152
9154
9168
9171
9180
9188
9212
9214
9227
9228
9230
9232
9244
9247
9252
9276
9287
9290
9295
9303
9304
9307
9311
9312
9313
9314
9317
9340
9343
9349
9361
9362
9363
9366
9395
9396
9406
9412
9425
9426
9433
9472
9482
9484
9487
9521
9523
9535
9541
9553
9565
9572
9589
9606
9612
9615
9620
9646
9650
9651
9655
9675
9677
9680
9687
9696
9699
9713
9724
9729
9751
9753
9756
9766
9773
9774
9776
9782
9787
9792
9800
9824
9828
9830
9834
9846
9848
9851
9858
9874
9885
9891
9895
9899
9945
9952
9959
9967
9974
9976
9977
9984
9987
9998
10010
10019
10057
10066
10072
10084
10091
10092
10110
10112
10119
10131
10141
10168
10175
10178
10188
10205
10206
10250
10262
10289
10297
10355
10370
10375
10378
10386
10393
10398
10406
10408
10419
10438
10442
10467
10468
10469
10480
10491
10492
10505
10509
10514
10546
10577
10583
10586
10592
10604
10607
10610
10620
10624
10636
10646
10664
10667
10686
10690
10692
10702
10704
10725
10737
10742
10758
10772
10773
10776
10777
10784
10826
10827
10828
10832
10835
10845
10857
10876
10882
10889
10916
10938
10957
10959
10971
10975
10980
10983
10993
10995
11007
11014
11029
11033
11061
11079
11082
11100
11128
11137
11150
11153
11154
11155
11165
11166
11177
11193
11198
11199
11200
11204
11205
11223
11233
11258
11282
11287
11298
11302
11306
11330
11331
11333
11359
11360
11377
11394
11409
11410
11412
11413
11415
11427
11432
11434
11454
11475
11489
11493
11496
11504
11523
11541
11555
11556
11563
11565
11566
11570
11572
11582
11585
11597
11710
11720
11721
11725
11726
11738
11775
11779
11802
11809
11814
11822
11831
11832
11846
11859
11864
11867
11870
11884
11899
11908
11911
11935
11946
11955
11957
11968
11969
11982
11993
11999
12027
12029
12030
12033
12049
12053
12061
12067
12086
12097
12107
12116
12117
12120
12150
12155
12158
12162
12173
12179
12180
12181
12184
12187
12190
12216
12229
12236
12239
12262
12277
12283
12302
12310
12322
12352
12364
12367
12368
12397
12402
12413
12427
12430
12431
12438
12445
12458
12472
12473
12482
12486
12503
12511
12513
12516
12540
12555
12572
12584
12585
12586
12598
12599
12602
12611
12612
12615
12631
12644
12663
12684
12686
12689
12704
12711
12715
12726
12735
12737
12748
12752
12760
12769
12797
12819
12824
12837
12843
12848
12852
12857
12861
12880
12889
12918
12919
12944
12945
12967
12970
12975
12981
12991
13000
13006
13008
13012
13017
13031
13035
13049
13067
13074
13082
13090
13103
13118
13120
13135
13139
13142
13178
13186
13191
13202
13210
13215
13217
13225
13226
13245
13264
13279
13317
13318
13333
13341
13397
13421
13437
13449
13453
13460
13476
13483
13485
13488
13509
13513
13519
13536
13542
13545
13546
13547
13549
13555
13585
13586
13587
13599
13604
13606
13613
13621
13640
13641
13661
13695
13700
13710
13718
13758
13765
13767
13810
13812
13819
13826
13844
13853
13860
13868
13871
13885
13899
13901
13913
13927
13951
13952
13983
13985
13995
14008
14014
14019
14025
14031
14038
14046
14047
14052
14068
14072
14101
14103
14134
14139
14166
14180
14192
14212
14214
14232
14236
14258
14259
14267
14287
14315
14317
14318
14321
14325
14327
14339
14355
14363
14375
14376
14389
14404
14411
14415
14427
14435
14437
14448
14457
14463
14471
14489
14523
14535
14542
14562
14567
14570
14571
14579
14589
14600
14611
14619
14623
14625
14626
14627
14630
14639
14645
14653
14657
14669
14677
14678
14680
14689
14697
14698
14703
14713
14723
14767
14774
14785
14786
14787
14808
14821
14827
14852
14855
14860
14868
14869
14881
14889
14928
14954
14966
14973
14987
14991
14998
15002
15004
15017
15021
15025
15038
15041
15044
15050
15063
15069
15077
15085
15094
15113
15116
15119
15126
15131
15161
15165
15177
15203
15205
15249
15251
15258
15293
15297
15303
15305
15311
15319
15338
15379
15382
15397
15404
15407
15410
15413
15415
15417
15421
15437
15462
15463
15467
15473
15476
15484
15491
15509
15515
15519
15527
15528
15530
15550
15559
15584
15586
15604
15645
15656
15663
15681
15682
15685
15699
15707
15740
15755
15764
15776
15781
15791
15793
15797
15799
15805
15815
15817
15825
15835
15868
15880
15884
15901
15909
15936
15937
15949
15970
15987
16025
16032
16054
16062
16066
16095
16109
16115
16120
16138
16146
16156
16160
16161
16162
16180
16185
16188
16220
16233
16244
16251
16259
16276
16286
16302
16306
16310
16317
16325
16328
16340
16342
16357
16370
16382
16390
16398
16399
16400
16410
16418
16436
16450
16462
16483
16505
16509
16514
16516
16528
16533
16556
16557
16565
16569
16571
16629
16631
16638
16667
16669
16675
16688
16694
16704
16706
16708
16717
16736
16737
16742
16745
16746
16753
16757
16766
16768
16770
16772
16778
16786
16803
16810
16814
16827
16855
16860
16877
16894
16904
16916
16926
16937
16951
16963
16976
16978
17003
17020
17021
17024
17036
17040
17050
17053
17063
17065
17079
17104
17106
17125
17129
17138
17139
17155
17164
17185
17190
17193
17194
17202
17205
17210
17233
17250
17251
17262
17275
17282
17283
17284
17305
17321
17333
17335
17343
17348
17355
17358
17364
17370
17372
17385
17390
17396
17410
17411
17414
17422
17429
17431
17498
17510
17514
17528
17530
17558
17567
17572
17577
17578
17583
17588
17591
17606
17608
17615
17633
17650
17652
17666
17673
17686
17697
17698
17714
17726
17728
17746
17765
17784
17798
17807
17809
17836
17861
17871
17882
17888
17899
17901
17919
17924
17936
17943
17970
17977
17978
17989
17990
17999
18002
18009
18023
18024
18026
18053
18082
18084
18086
18109
18117
18118
18130
18139
18141
18143
18150
18155
18166
18171
18192
18194
18213
18218
18222
18223
18228
18235
18241
18250
18255
18266
18288
18305
18307
18318
18322
18326
18340
18358
18363
18364
18371
18384
18390
18408
18411
18413
18433
18454
18469
18473
18480
18496
18519
18530
18539
18542
18547
18549
18552
18582
18606
18610
18645
18646
18662
18688
18705
18727
18747
18748
18751
18752
18764
18773
18786
18792
18800
18815
18818
18821
18829
18830
18833
18837
18847
18852
18860
18881
18885
18893
18895
18900
18924
18926
18928
18944
18948
18956
18959
18973
18975
18977
19001
19003
19008
19009
19011
19036
19042
19058
19059
19065
19077
19091
19120
19123
19129
19131
19146
19155
19156
19159
19161
19163
19167
19179
19184
19186
19189
19191
19201
19205
19206
19214
19236
19251
19267
19268
19292
19294
19296
19310
19348
19361
19374
19381
19385
19386
19388
19403
19415
19433
19445
19452
19454
19458
19477
19479
19484
19486
19495
19526
19528
19529
19534
19554
19573
19577
19585
19596
19597
19605
19617
19618
19619
19622
19626
19637
19644
19649
19672
19675
19677
19684
19693
19701
19705
19709
19711
19713
19719
19727
19731
19738
19743
19752
19753
19754
19755
19761
19763
19769
19797
19798
19802
19807
19813
19826
19827
19833
19835
19849
19854
19858
19863
19870
19877
19878
19892
19897
19902
19917
19922
19937
19945
19947
19962
19966
19989
19990
20042
20050
20080
20089
20104
20129
20135
20142
20163
20170
20173
20176
20197
20200
20212
20219
20226
20231
20252
20257
20274
20277
20283
20284
20287
20288
20316
20325
20328
20334
20335
20339
20345
20356
20360
20363
20372
20374
20381
20399
20416
20427
20428
20429
20448
20461
20473
20475
20494
20502
20547
20548
20563
20566
20568
20569
20602
20610
20631
20639
20642
20648
20668
20669
20713
20723
20724
20733
20749
20754
20763
20766
20769
20776
20777
20795
20806
20833
20839
20840
20849
20865
20878
20899
20905
20907
20916
20924
20931
20939
20949
20994
21005
21010
21015
21032
21103
21107
21109
21165
21168
21170
21201
21205
21225
21232
21241
21250
21261
21267
21270
21271
21279
21303
21307
21330
21344
21351
21356
21357
21358
21359
21371
21372
21373
21381
21410
21415
21416
21449
21476
21478
21487
21492
21527
21528
21532
21554
21566
21571
21588
21595
21603
21604
21607
21618
21629
21634
21643
21658
21663
21665
21674
21688
21691
21698
21702
21707
21717
21733
21736
21743
21744
21751
21762
21763
21768
21771
21778
21780
21781
21787
21789
21816
21818
21820
21822
21828
21832
21834
21842
21874
21890
21903
21914
21919
21933
21954
21957
21963
21970
21971
21972
21982
21987
21989
22007
22020
22023
22029
22067
22073
22097
22121
22133
22134
22150
22166
22185
22187
22201
22213
22233
22253
22279
22290
22300
22311
22316
22325
22342
22366
22375
22389
22413
22457
22471
22498
22517
22535
22538
22550
22551
22559
22583
22600
22604
22612
22633
22664
22680
22681
22698
22700
22704
22711
22713
22746
22753
22758
22770
22796
22798
22803
22805
22808
22815
22821
22842
22845
22867
22872
22874
22875
22895
22915
22921
22922
22927
22937
22956
22957
22981
22990
23026
23028
23033
23037
23047
23062
23075
23097
23116
23120
23124
23126
23128
23130
23131
23142
23149
23151
23163
23165
23166
23174
23181
23182
23189
23212
23244
23265
23290
23299
23304
23320
23326
23337
23360
23371
23376
23392
23399
23419
23429
23430
23447
23461
23467
23481
23500
23507
23527
23540
23541
23556
23559
23567
23584
23604
23616
23619
23621
23643
23644
23659
23689
23695
23704
23710
23713
23716
23722
23731
23736
23738
23739
23740
23753
23767
23769
23771
23778
23779
23788
23801
23815
23822
23824
23862
23887
23892
23917
23918
23931
23949
23961
23984
23993
23997
23999
24007
24018
24021
24023
24058
24082
24083
24096
24097
24105
24114
24119
24123
24137
24160
24172
24183
24184
24186
24193
24216
24247
24254
24272
24303
24304
24316
24329
24331
24355
24357
24364
24383
24390
24415
24418
24436
24439
24457
24465
24472
24490
24500
24508
24527
24528
24529
24583
24597
24615
24630
24631
24641
24645
24652
24653
24667
24682
24687
24688
24690
24693
24700
24705
24713
24727
24733
24743
24748
24751
24755
24767
24773
24789
24796
24801
24803
24817
24824
24834
24847
24863
24866
24907
24922
24925
24933
24945
24960
24984
24985
25017
25030
25042
25044
25047
25056
25059
25060
25068
25077
25079
25090
25091
25130
25154
25169
25182
25188
25192
25196
25207
25220
25223
25225
25252
25259
25260
25262
25263
25269
25272
25278
25295
25297
25303
25310
25311
25316
25334
25336
25355
25356
25365
25377
25381
25392
25406
25428
25432
25434
25435
25453
25457
25458
25473
25495
25499
25502
25504
25510
25562
25585
25586
25591
25593
25605
25612
25618
25621
25626
25628
25635
25645
25651
25662
25664
25668
25698
25736
25746
25755
25763
25766
25767
25776
25780
25782
25796
25804
25812
25815
25819
25835
25852
25855
25864
25889
25907
25920
25931
25935
25936
25937
25942
25944
25962
25964
25971
25978
26001
26004
26009
26010
26012
26020
26026
26028
26088
26095
26097
26105
26143
26148
26204
26206
26208
26224
26240
26246
26263
26264
26270
26273
26274
26277
26278
26283
26286
26290
26293
26295
26296
26302
26305
26313
26327
26328
26337
26345
26347
26348
26352
26361
26365
26384
26404
26408
26411
26426
26435
26436
26442
26447
26460
26465
26466
26482
26489
26491
26509
26531
26536
26541
26543
26549
26557
26558
26563
26570
26578
26589
26591
26594
26597
26604
26607
26626
26632
26656
26658
26672
26680
26683
26688
26689
26710
26712
26739
26740
26759
26761
26766
26774
26789
26798
26813
26824
26834
26835
26856
26862
26868
26886
26891
26898
26899
26904
26910
26924
26958
26961
26963
26973
26992
26996
26999
27002
27007
27034
27053
27070
27084
27094
27096
27106
27117
27118
27134
27177
27179
27191
27205
27207
27218
27222
27228
27233
27234
27256
27287
27292
27304
27312
27314
27323
27360
27366
27370
27372
27386
27387
27400
27405
27440
27451
27465
27482
27486
27490
27500
27501
27512
27524
27532
27533
27550
27551
27554
27570
27571
27587
27591
27603
27634
27639
27641
27644
27652
27720
27727
27728
27729
27735
27738
27741
27747
27768
27781
27787
27798
27815
27821
27824
27832
27845
27868
27875
27890
27891
27903
27908
27930
27934
27951
27953
27954
27959
27960
27965
28050
28076
28106
28115
28126
28131
28133
28151
28174
28179
28180
28194
28198
28200
28217
28225
28234
28239
28252
28266
28277
28278
28285
28300
28305
28323
28327
28347
28348
28351
28367
28373
28383
28404
28415
28420
28460
28463
28479
28510
28515
28517
28519
28523
28539
28543
28545
28571
28582
28597
28619
28628
28630
28640
28652
28659
28664
28666
28697
28725
28726
28733
28746
28747
28764
28765
28775
28782
28795
28801
28810
28816
28849
28851
28852
28864
28871
28887
28891
28911
28914
28930
28943
28945
28948
28951
28959
28984
28995
29015
29024
29035
29056
29060
29073
29104
29121
29131
29138
29145
29167
29186
29196
29198
29200
29204
29210
29217
29226
29230
29250
29256
29258
29272
29343
29355
29361
29363
29377
29389
29394
29431
29449
29451
29468
29480
29482
29489
29540
29552
29554
29568
29583
29588
29599
29601
29602
29605
29606
29608
29646
29655
29656
29657
29664
29681
29682
29687
29689
29690
29710
29717
29721
29723
29734
29761
29792
29801
29802
29814
29815
29820
29837
29840
29849
29855
29860
29867
29871
29891
29910
29924
29925
29930
29940
29952
29965
30002
30007
30022
30026
30043
30051
30079
30084
30134
30149
30175
30205
30224
30231
30236
30250
30260
30261
30262
30268
30272
30274
30276
30301
30306
30318
30320
30323
30324
30326
30328
30339
30344
30346
30369
30374
30393
30404
30409
30419
30437
30460
30479
30500
30511
30515
30537
30540
30544
30572
30578
30598
30613
30618
30622
30630
30662
30674
30676
30680
30681
30682
30686
30704
30712
30715
30724
30726
30733
30751
30755
30757
30761
30779
30781
30795
30819
30821
30828
30850
30853
30863
30881
30884
30888
30896
30912
30934
30944
30962
30964
30992
31036
31040
31057
31060
31065
31078
31099
31106
31109
31110
31117
31118
31132
31140
31144
31158
31163
31167
31182
31193
31197
31208
31229
31234
31260
31262
31263
31279
31282
31298
31314
31322
31325
31329
31336
31354
31362
31366
31382
31399
31411
31419
31426
31428
31455
31458
31460
31462
31463
31465
31471
31477
31483
31484
31488
31491
31493
31494
31503
31512
31513
31515
31516
31533
31556
31586
31589
31606
31650
31653
31669
31674
31707
31731
31738
31741
31773
31778
31780
31785
31812
31821
31840
31860
31863
31874
31879
31887
31892
31896
31917
31918
31960
31961
31971
31979
31981
31987
31992
31997
32000
32001
32029
32033
32045
32061
32072
32079
32101
32102
32105
32109
32114
32117
32122
32130
32138
32156
32164
32181
32185
32204
32211
32218
32223
32226
32243
32255
32256
32260
32275
32305
32326
32337
32342
32344
32346
32380
32397
32401
32410
32429
32440
32445
32460
32469
32481
32490
32499
32504
32521
32538
32540
32555
32557
32560
32573
32576
32577
32582
32583
32607
32615
32628
32634
32635
32636
32651
32652
32655
32658
32662
32675
32686
32696
32700
32701
32704
32708
32709
32731
32754
32763
32768
32773
32786
32788
32796
32814
32816
32823
32828
32856
32859
32860
32875
32882
32888
32895
32925
32931
32939
32940
32961
32969
32971
32993
33012
33014
33018
33024
33030
33034
33058
33064
33079
33112
33117
33123
33125
33133
33149
33153
33180
33187
33197
33199
33200
33207
33247
33256
33257
33263
33279
33288
33331
33332
33340
33362
33363
33364
33367
33374
33378
33380
33382
33386
33390
33392
33395
33398
33417
33421
33425
33433
33447
33452
33469
33472
33477
33486
33504
33507
33537
33540
33554
33556
33561
33578
33581
33600
33602
33606
33613
33622
33623
33639
33643
33665
33673
33674
33675
33686
33704
33706
33728
33734
33739
33742
33743
33751
33765
33773
33781
33784
33796
33809
33811
33828
33840
33849
33852
33866
33870
33884
33885
33889
33891
33892
33903
33925
33931
33935
33940
33942
33946
33954
33957
33973
33990
33991
33996
33998
34006
34015
34022
34042
34050
34053
34068
34074
34083
34085
34118
34120
34121
34132
34145
34162
34165
34184
34204
34208
34222
34224
34228
34270
34301
34302
34314
34315
34318
34319
34332
34360
34361
34371
34374
34386
34390
34400
34408
34410
34419
34425
34446
34447
34461
34465
34472
34479
34502
34504
34505
34507
34529
34531
34533
34556
34562
34572
34582
34592
34595
34620
34637
34646
34658
34662
34668
34670
34677
34688
34689
34713
34732
34736
34748
34753
34768
34819
34831
34841
34847
34848
34851
34860
34863
34878
34886
34890
34893
34898
34906
34918
34945
34948
34967
34976
34988
34997
35008
35023
35036
35040
35052
35056
35079
35088
35103
35104
35105
35132
35139
35154
35158
35166
35172
35181
35184
35189
35201
35203
35205
35218
35242
35250
35256
35310
35317
35322
35335
35347
35350
35356
35370
35378
35396
35399
35401
35420
35439
35445
35455
35456
35466
35476
35478
35487
35517
35522
35534
35558
35574
35575
35581
35591
35592
35593
35596
35601
35607
35618
35663
35672
35675
35678
35696
35712
35727
35736
35737
35738
35759
35770
35774
35775
35776
35777
35779
35808
35811
35818
35838
35845
35871
35912
35916
35938
35961
35964
35966
35970
35985
35992
35993
35999
36005
36019
36057
36069
36098
36105
36108
36122
36123
36133
36143
36145
36150
36155
36162
36175
36176
36192
36207
36211
36220
36242
36263
36267
36303
36323
36326
36360
36368
36416
36454
36461
36467
36483
36492
36503
36508
36512
36535
36536
36546
36551
36587
36593
36600
36630
36633
36673
36691
36692
36697
36712
36725
36731
36732
36739
36749
36754
36766
36769
36770
36799
36812
36818
36821
36822
36834
36866
36874
36882
36883
36886
36891
36921
36936
36955
36963
36969
36971
36976
36985
37006
37010
37012
37014
37015
37024
37033
37041
37048
37056
37061
37080
37088
37096
37111
37113
37119
37129
37160
37191
37222
37223
37234
37239
37246
37252
37261
37264
37265
37293
37318
37331
37333
37337
37345
37362
37381
37384
37389
37392
37396
37398
37411
37412
37414
37417
37424
37441
37457
37460
37461
37466
37481
37502
37519
37530
37540
37546
37549
37562
37581
37590
37613
37615
37618
37627
37645
37646
37668
37697
37699
37714
37723
37739
37766
37767
37770
37814
37816
37825
37826
37831
37845
37857
37859
37869
37876
37883
37885
37886
37887
37902
37922
37925
37929
37932
37934
37938
37943
37949
37954
37964
37969
37976
37988
37997
38002
38014
38020
38021
38025
38031
38040
38055
38064
38086
38089
38090
38092
38093
38106
38128
38137
38156
38163
38175
38180
38181
38182
38185
38188
38192
38196
38203
38204
38221
38240
38246
38261
38273
38275
38276
38277
38278
38284
38307
38325
38333
38334
38341
38342
38402
38404
38412
38413
38436
38450
38456
38462
38475
38491
38494
38503
38505
38508
38512
38517
38520
38529
38533
38540
38548
38574
38576
38579
38584
38588
38591
38600
38626
38634
38635
38638
38641
38642
38656
38663
38671
38677
38681
38705
38750
38761
38779
38793
38796
38812
38823
38827
38832
38834
38837
38857
38863
38868
38880
38888
38889
38921
38944
38957
38958
38965
38988
39004
39013
39035
39043
39053
39054
39061
39065
39087
39103
39106
39114
39125
39148
39156
39167
39181
39188
39194
39203
39207
39230
39236
39255
39259
39264
39275
39277
39284
39291
39313
39322
39324
39330
39340
39346
39362
39368
39383
39384
39397
39414
39416
39427
39431
39434
39443
39452
39468
39480
39487
39488
39489
39495
39502
39510
39524
39526
39538
39565
39588
39591
39602
39614
39619
39653
39663
39681
39686
39689
39695
39699
39700
39722
39732
39737
39765
39778
39791
39803
39812
39839
39842
39844
39847
39850
39865
39877
39879
39889
39892
39912
39936
39940
39942
39975
39977
39985
39986
40005
40013
40023
40025
40032
40037
40040
40061
40074
40096
40106
40139
40144
40151
40159
40167
40186
40197
40203
40217
40235
40249
40254
40258
40273
40279
40288
40305
40313
40325
40335
40339
40341
40343
40351
40352
40354
40370
40380
40385
40403
40408
40427
40430
40434
40444
40445
40450
40454
40473
40495
40506
40508
40513
40551
40557
40563
40565
40566
40567
40574
40579
40590
40596
40597
40600
40637
40640
40651
40655
40671
40689
40693
40694
40708
40714
40715
40717
40718
40724
40737
40743
40754
40759
40766
40783
40825
40829
40855
40863
40867
40870
40886
40895
40897
40901
40912
40919
40928
40947
40954
40965
40971
40981
41004
41027
41039
41041
41044
41055
41059
41075
41079
41086
41094
41095
41109
41116
41128
41139
41142
41143
41159
41160
41167
41185
41186
41189
41211
41217
41254
41259
41286
41292
41301
41308
41313
41320
41321
41325
41341
41342
41351
41364
41379
41396
41412
41415
41443
41444
41446
41502
41508
41514
41533
41535
41538
41548
41556
41564
41566
41591
41613
41620
41625
41630
41632
41633
41637
41650
41653
41657
41666
41675
41691
41699
41709
41725
41729
41735
41748
41753
41760
41791
41796
41801
41804
41809
41839
41857
41873
41885
41888
41898
41901
41911
41913
41918
41919
41930
41936
41937
41956
41977
41980
41989
41991
41996
42012
42020
42024
42042
42044
42046
42049
42058
42070
42086
42110
42122
42135
42140
42149
42150
42162
42179
42206
42235
42252
42260
42262
42263
42280
42305
42309
42314
42315
42330
42340
42343
42349
42364
42369
42379
42386
42426
42438
42439
42440
42446
42456
42460
42495
42505
42510
42519
42521
42529
42530
42538
42548
42559
42560
42562
42575
42592
42594
42609
42614
42630
42631
42655
42661
42667
42671
42704
42705
42706
42710
42740
42742
42747
42750
42761
42768
42769
42785
42790
42834
42837
42848
42854
42867
42872
42876
42886
42889
42892
42904
42907
42947
42960
42963
42985
42986
42987
42992
43002
43005
43012
43032
43040
43042
43055
43067
43083
43091
43113
43120
43140
43143
43149
43154
43155
43159
43163
43176
43189
43212
43221
43227
43228
43273
43299
43301
43344
43366
43369
43372
43394
43399
43401
43425
43432
43453
43459
43469
43485
43512
43513
43514
43542
43544
43553
43554
43555
43557
43563
43566
43567
43569
43578
43603
43615
43633
43650
43654
43657
43662
43669
43680
43688
43691
43696
43698
43711
43713
43716
43717
43719
43720
43725
43734
43736
43742
43746
43749
43755
43797
43809
43812
43818
43820
43827
43836
43858
43863
43866
43885
43889
43927
43934
43938
43942
43947
43949
43958
43983
44003
44005
44010
44015
44018
44025
44036
44041
44044
44053
44054
44058
44089
44097
44108
44120
44145
44153
44192
44211
44221
44228
44265
44273
44281
44283
44292
44300
44314
44320
44355
44362
44374
44376
44385
44389
44390
44421
44427
44431
44436
44442
44454
44461
44468
44480
44481
44520
44523
44526
44553
44558
44565
44574
44584
44595
44600
44624
44632
44638
44650
44659
44673
44694
44731
44735
44740
44755
44757
44766
44768
44774
44779
44786
44795
44797
44799
44805
44822
44826
44861
44863
44873
44875
44884
44889
44901
44915
44930
44934
44939
44963
44964
44968
44971
44992
45006
45010
45014
45024
45029
45034
45036
45037
45057
45058
45061
45067
45079
45086
45089
45095
45105
45107
45113
45131
45150
45179
45191
45196
45202
45213
45219
45221
45237
45243
45244
45265
45277
45280
45282
45287
45293
45303
45314
45334
45345
45350
45362
45363
45374
45387
45391
45452
45469
45470
45481
45482
45483
45490
45500
45502
45507
45511
45512
45516
45521
45551
45564
45567
45569
45572
45574
45575
45585
45595
45599
45610
45613
45624
45628
45637
45639
45649
45671
45697
45706
45720
45723
45729
45735
45746
45750
45755
45764
45767
45778
45809
45816
45830
45837
45858
45870
45897
45909
45928
45929
45958
45960
45966
45974
45992
45995
46003
46004
46018
46021
46042
46047
46062
46083
46119
46121
46131
46134
46142
46143
46147
46176
46177
46212
46216
46219
46238
46242
46243
46247
46277
46282
46287
46288
46292
46319
46323
46324
46332
46334
46335
46342
46348
46377
46388
46397
46419
46455
46468
46481
46502
46517
46520
46523
46532
46537
46541
46561
46569
46579
46587
46616
46622
46623
46643
46684
46693
46710
46740
46742
46745
46747
46771
46782
46803
46807
46814
46823
46825
46833
46838
46844
46862
46864
46893
46904
46912
46916
46918
46921
46936
46956
46959
46963
46971
46991
46995
47013
47043
47064
47077
47086
47091
47102
47105
47129
47137
47142
47151
47152
47158
47183
47197
47199
47213
47215
47217
47235
47237
47240
47252
47254
47260
47279
47314
47318
47331
47367
47380
47385
47406
47418
47430
47460
47474
47477
47484
47489
47491
47504
47509
47511
47520
47535
47544
47548
47558
47609
47623
47627
47632
47644
47683
47686
47687
47700
47702
47714
47718
47721
47724
47742
47743
47746
47765
47780
47784
47791
47795
47805
47814
47838
47866
47874
47876
47892
47897
47898
47913
47915
47926
47954
47969
47970
47973
47994
48000
48001
48004
48027
48031
48033
48046
48048
48052
48054
48057
48114
48121
48122
48138
48144
48167
48182
48196
48206
48207
48239
48266
48280
48293
48294
48301
48304
48338
48355
48359
48360
48387
48392
48395
48405
48417
48420
48421
48433
48444
48448
48455
48466
48488
48492
48494
48503
48507
48527
48532
48551
48562
48568
48602
48623
48631
48644
48669
48673
48682
48686
48699
48702
48706
48715
48718
48728
48751
48755
48774
48786
48809
48818
48880
48921
48926
48955
48975
48992
48997
48998
49004
49006
49008
49012
49013
49021
49047
49054
49063
49064
49093
49102
49106
49107
49116
49118
49120
49123
49136
49139
49140
49146
49149
49150
49162
49196
49204
49206
49219
49229
49241
49251
49265
49289
49290
49293
49298
49301
49326
49329
49374
49383
49394
49412
49416
49422
49426
49430
49493
49504
49515
49519
49525
49528
49540
49542
49557
49560
49583
49599
49603
49642
49653
49656
49657
49665
49668
49686
49693
49696
49729
49761
49765
49767
49775
49780
49784
49794
49815
49817
49819
49823
49831
49846
49860
49865
49867
49868
49872
49874
49883
49889
49899
49905
49923
49939
49941
49956
49958
49967
49972
49978
49982
49987
49991
50005
50006
50016
50022
50025
50051
50063
50064
50074
50116
50118
50128
50137
50147
50152
50158
50165
50182
50184
50192
50195
50222
50223
50231
50242
50247
50257
50259
50265
50275
50284
50286
50300
50302
50323
50337
50341
50353
50358
50378
50400
50412
50430
50444
50457
50459
50464
50470
50476
50482
50489
50491
50516
50521
50544
50552
50560
50607
50631
50650
50661
50668
50670
50684
50695
50696
50717
50721
50724
50726
50732
50745
50755
50758
50759
50768
50780
50781
50782
50786
50791
50825
50827
50833
50834
50843
50845
50903
50908
50909
50910
50939
50949
50951
50958
50962
50982
51011
51012
51013
51030
51031
51032
51058
51074
51081
51092
51094
51098
51105
51112
51113
51123
51125
51129
51134
51150
51153
51159
51162
51197
51206
51225
51228
51239
51253
51268
51272
51281
51284
51290
51306
51314
51320
51336
51347
51352
51354
51366
51367
51389
51396
51397
51409
51412
51425
51435
51467
51474
51477
51478
51482
51486
51489
51536
51540
51541
51551
51555
51559
51561
51579
51580
51589
51592
51599
51605
51621
51656
51659
51662
51663
51674
51713
51716
51721
51769
51771
51784
51800
51802
51804
51827
51842
51860
51869
51887
51890
51893
51896
51900
51903
51906
51922
51930
51938
51959
51960
51969
51984
51986
52020
52070
52072
52074
52080
52081
52086
52088
52090
52103
52107
52121
52130
52146
52156
52166
52192
52202
52203
52229
52235
52242
52252
52263
52276
52287
52303
52305
52321
52322
52326
52335
52366
52406
52408
52418
52432
52433
52462
52471
52473
52474
52476
52493
52505
52516
52526
52533
52534
52536
52544
52549
52551
52568
52576
52594
52601
52616
52641
52653
52661
52666
52688
52711
52726
52727
52729
52742
52762
52780
52807
52808
52822
52830
52832
52846
52848
52850
52858
52864
52865
52893
52904
52907
52912
52936
52950
52954
52993
52995
53007
53009
53014
53059
53063
53069
53074
53112
53123
53126
53132
53133
53163
53166
53187
53196
53200
53207
53212
53218
53221
53229
53233
53237
53242
53243
53245
53252
53266
53271
53274
53290
53292
53314
53326
53343
53356
53361
53366
53367
53369
53370
53374
53376
53380
53381
53392
53407
53411
53422
53428
53430
53433
53435
53466
53477
53483
53498
53499
53501
53507
53508
53512
53516
53523
53524
53547
53565
53567
53570
53583
53584
53622
53632
53671
53682
53689
53707
53709
53719
53731
53740
53749
53763
53771
53773
53780
53792
53793
53802
53811
53816
53821
53822
53823
53841
53856
53859
53863
53873
53881
53886
53890
53893
53897
53906
53911
53917
53920
53925
53954
53959
53963
53965
53969
53974
53996
53997
54000
54018
54019
54038
54048
54055
54068
54080
54100
54106
54110
54111
54115
54128
54145
54152
54171
54179
54204
54206
54213
54217
54220
54222
54223
54226
54233
54236
54251
54266
54270
54274
54279
54284
54289
54302
54313
54325
54327
54332
54338
54340
54344
54345
54347
54356
54369
54370
54371
54386
54395
54410
54416
54420
54421
54427
54440
54447
54450
54455
54463
54467
54468
54473
54475
54479
54486
54489
54490
54520
54552
54554
54563
54564
54593
54602
54623
54654
54662
54693
54694
54721
54727
54732
54749
54762
54763
54784
54785
54794
54808
54809
54818
54832
54838
54853
54855
54894
54914
54915
54916
54919
54921
54942
54955
54957
54981
54997
55003
55004
55012
55032
55048
55049
55050
55055
55060
55063
55065
55068
55082
55089
55095
55101
55106
55122
55124
55128
55136
55141
55144
55151
55172
55173
55199
55210
55235
55244
55258
55259
55270
55271
55289
55299
55301
55335
55338
55350
55363
55367
55382
55384
55391
55398
55399
55422
55427
55429
55435
55450
55453
55457
55468
55472
55474
55485
55489
55490
55498
55503
55518
55519
55525
55548
55556
55557
55562
55563
55566
55568
55575
55576
55591
55604
55607
55616
55622
55630
55644
55646
55649
55655
55656
55668
55683
55686
55696
55707
55708
55713
55721
55729
55732
55733
55738
55744
55759
55769
55782
55809
55810
55811
55828
55868
55873
55881
55899
55942
55946
55958
55982
55984
56015
56027
56032
56044
56073
56079
56091
56092
56111
56113
56116
56119
56121
56125
56126
56143
56149
56156
56173
56181
56189
56191
56193
56213
56225
56249
56253
56258
56286
56328
56344
56364
56370
56374
56378
56396
56420
56439
56444
56458
56459
56463
56470
56481
56486
56491
56511
56517
56535
56571
56581
56591
56607
56614
56622
56623
56625
56644
56645
56652
56654
56665
56688
56694
56714
56715
56718
56750
56763
56772
56782
56788
56800
56846
56858
56870
56882
56891
56894
56918
56923
56929
56947
56948
56949
56950
56958
56972
56985
56996
57054
57056
57069
57085
57091
57104
57124
57129
57135
57141
57144
57152
57179
57184
57197
57215
57227
57239
57260
57277
57278
57286
57300
57309
57322
57323
57330
57332
57343
57353
57357
57360
57372
57381
57384
57385
57387
57393
57395
57407
57410
57413
57417
57426
57454
57459
57471
57472
57476
57489
57498
57519
57523
57526
57527
57528
57534
57555
57563
57598
57608
57614
57643
57651
57665
57678
57681
57687
57700
57706
57723
57742
57749
57752
57776
57790
57791
57803
57806
57812
57813
57818
57820
57831
57836
57837
57863
57864
57868
57870
57878
57881
57900
57902
57906
57909
57910
57911
57913
57920
57949
57964
57967
57968
57975
57978
57996
58003
58007
58008
58023
58028
58038
58046
58052
58066
58073
58093
58110
58139
58142
58143
58146
58147
58158
58163
58177
58180
58187
58190
58198
58218
58229
58233
58234
58244
58247
58250
58251
58254
58261
58262
58263
58265
58271
58286
58300
58330
58333
58354
58359
58367
58373
58379
58382
58410
58433
58438
58443
58449
58474
58496
58501
58505
58511
58533
58569
58576
58582
58590
58596
58600
58625
58651
58653
58657
58688
58706
58718
58721
58724
58730
58740
58748
58755
58758
58773
58788
58790
58804
58811
58812
58824
58832
58833
58850
58900
58908
58912
58914
58916
58928
58940
58947
58957
58965
58967
58978
58985
58998
59005
59009
59018
59027
59028
59030
59039
59050
59055
59059
59076
59084
59105
59109
59113
59117
59118
59124
59126
59133
59143
59167
59178
59185
59191
59212
59216
59217
59222
59223
59256
59268
59275
59317
59333
59352
59361
59364
59367
59370
59372
59378
59395
59407
59423
59426
59444
59445
59457
59459
59461
59468
59484
59511
59519
59521
59525
59529
59537
59572
59581
59584
59592
59593
59600
59620
59631
59635
59636
59675
59679
59680
59681
59683
59695
59697
59716
59720
59730
59732
59759
59779
59781
59790
59792
59802
59813
59825
59827
59828
59829
59838
59840
59850
59867
59884
59886
59895
59920
59922
59935
59942
59960
59973
