5
8
54
62
67
88
122
133
143
170
186
187
191
199
215
227
235
240
245
250
254
257
259
261
286
289
315
319
322
329
337
350
373
379
385
389
394
395
407
413
419
421
429
435
448
452
482
486
518
574
577
578
604
612
622
623
640
641
657
670
674
689
690
700
719
720
725
731
743
763
790
792
812
813
822
846
850
888
916
923
932
954
958
978
983
989
998
1004
1020
1023
1025
1048
1065
1075
1080
1110
1112
1116
1129
1133
1134
1138
1143
1167
1191
1194
1199
1200
1217
1226
1238
1244
1246
1251
1252
1255
1262
1263
1266
1276
1281
1282
1293
1294
1299
1310
1315
1342
1343
1345
1352
1365
1367
1372
1374
1383
1391
1413
1424
1436
1438
1456
1464
1486
1496
1497
1498
1513
1518
1519
1531
1540
1541
1548
1550
1565
1568
1574
1578
1579
1581
1585
1595
1606
1612
1614
1624
1630
1634
1635
1649
1652
1655
1668
1674
1690
1696
1714
1726
1728
1731
1736
1751
1754
1766
1771
1788
1805
1811
1832
1833
1835
1839
1845
1852
1869
1884
1894
1902
1906
1910
1925
1933
1940
1941
1955
1965
1979
1981
1988
1990
1994
2000
2005
2008
2040
2041
2051
2055
2062
2074
2085
2089
2097
2109
2110
2111
2125
2131
2132
2145
2152
2164
2179
2185
2186
2191
2192
2223
2234
2235
2236
2249
2253
2257
2308
2315
2323
2331
2355
2362
2370
2371
2383
2387
2389
2400
2409
2410
2421
2423
2427
2447
2450
2461
2473
2481
2483
2487
2488
2489
2491
2508
2509
2517
2519
2531
2540
2547
2551
2556
2558
2561
2563
2574
2579
2583
2591
2608
2611
2614
2616
2634
2638
2646
2647
2648
2651
2652
2654
2659
2673
2677
2695
2715
2735
2755
2761
2762
2777
2782
2798
2803
2806
2810
2834
2853
2862
2863
2873
2888
2889
2898
2905
2915
2916
2923
2928
2934
2936
2953
2974
2996
2998
3009
3013
3055
3059
3062
3088
3130
3131
3134
3139
3141
3142
3145
3151
3155
3159
3163
3182
3197
3207
3221
3225
3230
3247
3248
3255
3261
3270
3273
3282
3283
3301
3308
3313
3314
3323
3362
3371
3375
3390
3392
3406
3407
3415
3421
3424
3428
3434
3440
3445
3462
3483
3491
3496
3524
3530
3531
3535
3545
3559
3566
3577
3579
3591
3608
3611
3620
3630
3655
3659
3664
3669
3671
3684
3698
3706
3715
3734
3739
3749
3755
3776
3801
3808
3810
3824
3832
3850
3859
3864
3869
3881
3887
3891
3894
3915
3929
3946
3963
3983
3997
4003
4024
4036
4057
4067
4068
4093
4099
4102
4104
4127
4128
4142
4145
4171
4191
4193
4201
4217
4238
4241
4243
4244
4265
4272
4276
4299
4323
4340
4341
4382
4392
4397
4421
4425
4444
4460
4466
4473
4479
4481
4508
4510
4517
4523
4529
4541
4550
4590
4592
4596
4597
4598
4605
4609
4640
4661
4669
4678
4683
4702
4720
4731
4737
4739
4749
4785
4797
4821
4823
4841
4843
4844
4845
4859
4876
4880
4926
4933
4935
4936
4942
4954
4957
4976
4989
4993
4994
5002
5004
5011
5023
5033
5040
5043
5046
5070
5086
5088
5089
5092
5095
5101
5113
5125
5131
5137
5143
5150
5172
5173
5178
5184
5189
5197
5209
5213
5247
5257
5258
5276
5291
5308
5341
5345
5348
5363
5378
5394
5402
5422
5426
5435
5452
5455
5464
5470
5512
5514
5521
5538
5545
5554
5559
5563
5569
5583
5584
5599
5604
5607
5608
5616
5619
5630
5639
5657
5661
5667
5671
5678
5687
5700
5737
5752
5764
5771
5776
5784
5786
5789
5800
5805
5819
5820
5823
5857
5862
5890
5899
5903
5905
5924
5933
5944
5948
5968
5972
5976
5986
5989
6002
6005
6015
6018
6021
6027
6049
6050
6055
6058
6067
6071
6102
6109
6119
6129
6131
6132
6142
6150
6158
6159
6165
6167
6169
6181
6211
6218
6244
6250
6256
6272
6277
6305
6306
6310
6319
6321
6322
6347
6362
6387
6391
6396
6402
6413
6414
6422
6424
6429
6454
6468
6495
6501
6510
6517
6520
6527
6560
6593
6594
6613
6616
6617
6630
6633
6655
6662
6674
6675
6686
6699
6701
6703
6714
6715
6739
6752
6780
6787
6794
6800
6828
6831
6841
6853
6861
6880
6883
6887
6894
6897
6908
6918
6939
6950
6957
6985
6988
6993
7004
7010
7011
7024
7041
7065
7090
7095
7111
7121
7122
7134
7137
7141
7150
7194
7221
7222
7232
7235
7249
7289
7304
7305
7314
7319
7321
7338
7341
7347
7362
7364
7368
7372
7373
7379
7390
7400
7409
7414
7424
7433
7448
7461
7470
7471
7472
7496
7500
7508
7513
7545
7556
7559
7563
7568
7569
7573
7582
7588
7589
7590
7597
7625
7635
7638
7644
7648
7658
7661
7665
7666
7670
7694
7699
7705
7709
7711
7727
7731
7739
7741
7761
7762
7763
7770
7798
7802
7825
7833
7841
7849
7865
7881
7890
7905
7928
7943
7951
7953
7958
7965
7966
7969
8009
8013
8016
8025
8026
8039
8041
8043
8058
8087
8105
8108
8114
8119
8123
8136
8148
8160
8167
8186
8200
8212
8228
8240
8276
8296
8303
8331
8333
8344
8346
8348
8351
8363
8367
8368
8370
8375
8387
8411
8441
8445
8457
8458
8469
8470
8471
8475
8479
8480
8484
8492
8502
8506
8510
8514
8528
8529
8544
8572
8591
8612
8636
8641
8656
8667
8673
8721
8742
8746
8775
8792
8817
8821
8828
8830
8831
8855
8858
8889
8899
8915
8916
8926
8935
8945
8972
8975
8986
9028
9085
9089
9110
9111
9112
9128
9174
9186
9198
9199
9213
9221
9223
9259
9263
9272
9275
9306
9325
9327
9345
9355
9359
9368
9386
9388
9390
9393
9399
9404
9409
9419
9437
9438
9460
9467
9489
9511
9519
9555
9580
9583
9592
9604
9641
9643
9644
9647
9657
9663
9664
9668
9670
9672
9747
9760
9771
9810
9812
9820
9821
9822
9839
9842
9843
9847
9850
9854
9862
9906
9913
9933
9936
9940
9944
9953
9954
9955
9964
9966
9971
9995
10002
10005
10011
10015
10016
10017
10022
10024
10044
10051
10053
10099
10101
10111
10116
10118
10127
10134
10135
10143
10153
10158
10163
10176
10182
10196
10199
10208
10209
10210
10221
10226
10228
10236
10237
10242
10247
10264
10274
10282
10288
10294
10316
10335
10344
10347
10356
10357
10363
10366
10402
10403
10425
10426
10430
10460
10486
10493
10497
10518
10525
10528
10551
10554
10567
10568
10572
10587
10594
10606
10611
10616
10627
10644
10655
10680
10688
10689
10700
10703
10709
10712
10716
10719
10732
10762
10767
10770
10781
10796
10801
10802
10816
10834
10839
10841
10847
10851
10872
10875
10885
10888
10904
10905
10906
10915
10919
10935
10943
10946
10962
10964
10973
10977
11001
11002
11015
11018
11035
11053
11060
11071
11078
11101
11102
11105
11118
11126
11141
11146
11148
11152
11156
11159
11172
11187
11195
11207
11212
11234
11242
11247
11251
11252
11267
11283
11309
11318
11322
11325
11327
11334
11338
11345
11348
11357
11358
11361
11364
11366
11370
11383
11388
11390
11395
11398
11404
11408
11424
11444
11482
11495
11502
11522
11525
11592
11612
11634
11635
11649
11658
11677
11696
11706
11708
11714
11716
11727
11736
11743
11746
11754
11776
11780
11789
11795
11798
11824
11839
11844
11847
11849
11872
11883
11919
11924
11929
11949
11959
11960
11979
11988
11991
11996
12001
12007
12019
12043
12047
12048
12051
12056
12059
12073
12093
12102
12109
12112
12114
12115
12142
12149
12159
12188
12192
12193
12200
12205
12208
12241
12250
12254
12257
12278
12281
12289
12291
12296
12298
12304
12313
12323
12325
12365
12369
12373
12374
12391
12417
12419
12420
12434
12450
12453
12504
12509
12545
12562
12563
12569
12591
12592
12610
12617
12625
12640
12649
12661
12672
12676
12685
12746
12757
12770
12775
12791
12822
12823
12827
12828
12829
12831
12836
12866
12870
12871
12881
12884
12901
12902
12904
12905
12940
12949
12974
12987
12992
13002
13016
13021
13022
13025
13026
13030
13050
13061
13062
13094
13097
13105
13107
13108
13111
13123
13124
13126
13133
13134
13138
13146
13151
13153
13158
13169
13182
13185
13197
13209
13211
13212
13213
13229
13231
13241
13247
13250
13258
13262
13273
13287
13293
13297
13298
13308
13309
13314
13323
13324
13330
13340
13347
13350
13357
13365
13377
13388
13395
13399
13414
13418
13419
13423
13425
13458
13463
13469
13473
13475
13486
13497
13499
13508
13511
13521
13529
13531
13560
13564
13568
13633
13636
13648
13650
13654
13663
13670
13675
13676
13684
13693
13701
13709
13712
13716
13728
13733
13734
13735
13752
13753
13773
13805
13846
13852
13862
13889
13907
13908
13924
13961
13969
13987
14001
14021
14026
14035
14041
14053
14083
14096
14097
14109
14118
14135
14145
14150
14155
14172
14178
14184
14187
14197
14221
14226
14229
14237
14248
14249
14272
14286
14290
14300
14309
14331
14333
14337
14364
14378
14394
14405
14416
14421
14432
14477
14486
14514
14520
14524
14532
14540
14541
14552
14554
14558
14581
14585
14596
14599
14612
14621
14647
14650
14665
14667
14695
14709
14712
14714
14720
14722
14729
14732
14747
14758
14773
14795
14799
14810
14815
14822
14825
14833
14854
14878
14886
14893
14897
14898
14911
14919
14921
14925
14927
14936
14956
15060
15066
15072
15089
15109
15111
15121
15141
15174
15178
15185
15187
15199
15216
15217
15222
15226
15229
15233
15236
15254
15266
15268
15269
15287
15291
15300
15304
15308
15326
15327
15328
15342
15353
15356
15388
15394
15416
15420
15434
15439
15457
15468
15471
15475
15485
15510
15522
15525
15531
15551
15561
15571
15574
15577
15581
15592
15601
15607
15613
15618
15628
15631
15632
15633
15640
15644
15651
15652
15653
15660
15667
15668
15672
15677
15691
15697
15700
15713
15719
15759
15760
15766
15774
15783
15800
15812
15836
15837
15839
15840
15841
15846
15850
15870
15903
15953
15969
15979
15986
15995
16004
16021
16024
16060
16087
16088
16104
16124
16150
16166
16172
16179
16203
16210
16252
16277
16280
16287
16299
16300
16303
16347
16354
16379
16393
16401
16405
16408
16411
16416
16420
16431
16437
16449
16468
16476
16492
16497
16510
16511
16522
16536
16537
16544
16547
16551
16560
16572
16573
16576
16583
16588
16599
16603
16609
16611
16618
16625
16634
16635
16640
16677
16679
16681
16697
16709
16712
16714
16741
16765
16779
16788
16799
16806
16824
16826
16832
16868
16871
16872
16876
16878
16882
16883
16888
16908
16934
16935
16942
16955
16957
16962
16999
17004
17009
17010
17017
17030
17035
17044
17049
17051
17059
17073
17078
17083
17089
17097
17102
17105
17127
17133
17144
17175
17182
17187
17199
17206
17230
17255
17270
17276
17280
17292
17294
17297
17298
17303
17318
17323
17329
17371
17392
17403
17407
17413
17423
17436
17437
17446
17449
17450
17460
17474
17479
17485
17488
17491
17501
17503
17508
17512
17518
17519
17521
17543
17545
17562
17590
17600
17611
17612
17626
17632
17638
17651
17653
17671
17675
17677
17691
17693
17721
17723
17732
17755
17758
17763
17790
17813
17819
17834
17839
17843
17860
17863
17889
17892
17900
17917
17926
17930
17946
17958
17969
17976
17980
17997
18001
18003
18027
18030
18036
18073
18077
18106
18129
18132
18135
18156
18175
18189
18198
18208
18214
18234
18239
18243
18245
18252
18258
18261
18265
18267
18273
18274
18278
18290
18294
18295
18310
18320
18328
18329
18333
18337
18351
18354
18382
18387
18395
18404
18416
18419
18431
18450
18452
18476
18481
18482
18489
18491
18505
18514
18529
18541
18551
18578
18585
18601
18603
18611
18612
18614
18617
18638
18657
18672
18696
18702
18707
18723
18739
18759
18760
18776
18795
18825
18827
18889
18901
18914
18915
18935
18954
18963
18985
18999
19014
19015
19018
19027
19034
19035
19038
19041
19060
19064
19084
19102
19103
19117
19124
19137
19141
19153
19182
19188
19193
19207
19210
19224
19233
19253
19256
19259
19260
19262
19285
19293
19297
19320
19322
19330
19335
19342
19343
19346
19349
19350
19370
19373
19393
19394
19420
19425
19437
19439
19444
19446
19459
19465
19475
19487
19497
19509
19524
19545
19551
19565
19575
19582
19584
19588
19604
19624
19625
19629
19633
19635
19658
19680
19683
19686
19703
19707
19715
19729
19732
19736
19737
19773
19780
19781
19790
19811
19818
19821
19831
19840
19868
19872
19880
19884
19896
19920
19931
19935
19941
19944
19956
19959
19968
19974
19984
19996
20002
20011
20013
20028
20038
20048
20052
20072
20085
20086
20102
20108
20113
20125
20136
20141
20147
20191
20195
20245
20285
20286
20295
20304
20306
20321
20330
20336
20337
20338
20350
20351
20358
20359
20376
20382
20389
20393
20400
20422
20425
20432
20434
20436
20441
20442
20444
20449
20453
20464
20466
20467
20474
20478
20480
20483
20495
20498
20505
20507
20508
20521
20522
20523
20534
20537
20544
20557
20558
20573
20584
20587
20597
20600
20604
20617
20619
20623
20633
20655
20657
20684
20686
20694
20702
20720
20734
20745
20750
20774
20782
20784
20790
20798
20820
20825
20828
20829
20845
20857
20868
20879
20880
20883
20890
20926
20932
20950
20955
20963
20964
20965
20972
20979
20982
20995
20996
20997
21001
21014
21039
21040
21046
21061
21073
21080
21082
21083
21090
21093
21118
21119
21121
21133
21142
21158
21167
21174
21193
21204
21214
21221
21235
21236
21242
21245
21249
21252
21254
21262
21278
21285
21287
21296
21328
21337
21343
21360
21378
21390
21391
21393
21400
21402
21419
21432
21439
21444
21464
21480
21486
21498
21502
21508
21513
21536
21553
21558
21600
21608
21635
21645
21648
21679
21697
21712
21720
21730
21731
21732
21740
21750
21754
21757
21795
21806
21831
21840
21848
21862
21871
21875
21883
21891
21955
21967
21978
22012
22017
22021
22024
22041
22050
22051
22063
22064
22070
22085
22092
22102
22105
22107
22114
22117
22136
22141
22145
22170
22181
22217
22218
22234
22249
22258
22259
22261
22268
22277
22280
22291
22292
22299
22306
22312
22315
22318
22319
22323
22334
22388
22391
22401
22410
22417
22418
22420
22426
22428
22431
22437
22439
22465
22473
22479
22499
22503
22507
22508
22515
22526
22556
22558
22581
22598
22613
22616
22677
22678
22714
22716
22722
22737
22740
22754
22768
22797
22806
22820
22831
22833
22836
22843
22848
22849
22851
22854
22862
22885
22900
22906
22910
22918
22920
22929
22938
22963
22992
22994
22999
23003
23004
23011
23015
23022
23024
23025
23027
23031
23035
23041
23051
23077
23091
23137
23143
23157
23170
23176
23177
23179
23184
23248
23263
23269
23293
23313
23319
23328
23329
23341
23350
23361
23369
23373
23378
23402
23403
23425
23426
23431
23446
23457
23459
23463
23466
23470
23478
23479
23480
23494
23509
23514
23518
23519
23520
23521
23526
23529
23537
23545
23547
23554
23569
23572
23574
23578
23579
23581
23589
23608
23636
23655
23676
23678
23683
23690
23703
23712
23718
23723
23725
23726
23728
23737
23749
23752
23770
23773
23784
23789
23805
23818
23830
23831
23834
23843
23851
23857
23877
23883
23896
23899
23905
23907
23912
23953
23957
23958
23974
24000
24002
24008
24009
24010
24012
24019
24030
24040
24046
24056
24066
24070
24086
24095
24106
24118
24122
24133
24139
24142
24143
24148
24169
24176
24180
24187
24197
24199
24206
24210
24235
24260
24267
24268
24275
24278
24283
24287
24298
24305
24317
24318
24324
24325
24330
24338
24358
24369
24392
24411
24435
24438
24441
24443
24451
24453
24454
24460
24481
24492
24493
24497
24499
24517
24520
24535
24550
24557
24603
24607
24608
24635
24642
24649
24655
24668
24670
24675
24689
24701
24707
24714
24726
24740
24763
24769
24778
24788
24790
24792
24800
24811
24813
24836
24857
24859
24881
24920
24924
24934
24944
24954
24957
24964
24969
24972
24989
24991
24993
25002
25005
25021
25063
25069
25071
25082
25086
25089
25110
25111
25115
25118
25142
25147
25149
25177
25189
25201
25233
25255
25257
25274
25280
25286
25288
25289
25298
25304
25305
25307
25313
25318
25320
25321
25330
25331
25338
25339
25349
25357
25380
25386
25390
25394
25399
25403
25404
25420
25421
25438
25456
25464
25478
25486
25494
25529
25533
25550
25563
25568
25589
25608
25614
25624
25629
25638
25654
25663
25676
25685
25689
25691
25693
25694
25695
25708
25765
25770
25773
25800
25807
25809
25814
25860
25880
25881
25882
25891
25892
25904
25915
25924
25930
25933
25958
25979
25984
25995
25996
26000
26011
26023
26035
26052
26064
26075
26080
26084
26085
26093
26110
26116
26125
26136
26137
26145
26152
26154
26194
26220
26229
26233
26261
26266
26282
26294
26298
26314
26325
26353
26354
26355
26363
26369
26371
26395
26400
26421
26432
26434
26455
26473
26490
26530
26546
26566
26590
26593
26598
26602
26605
26613
26619
26623
26633
26634
26671
26697
26700
26741
26757
26767
26775
26782
26790
26802
26833
26845
26867
26879
26880
26893
26897
26912
26921
26922
26932
26942
26943
26965
26969
26971
26980
26984
26990
26998
27016
27022
27029
27032
27041
27042
27043
27052
27066
27076
27082
27090
27093
27098
27099
27112
27123
27140
27161
27162
27163
27169
27185
27193
27212
27215
27216
27220
27225
27226
27242
27247
27258
27264
27272
27279
27281
27295
27307
27308
27326
27345
27364
27367
27380
27383
27389
27395
27406
27416
27425
27433
27441
27452
27459
27484
27491
27499
27511
27528
27541
27556
27562
27565
27576
27581
27588
27589
27593
27601
27615
27621
27623
27632
27643
27658
27662
27671
27672
27679
27701
27713
27715
27733
27734
27739
27740
27754
27760
27785
27795
27804
27808
27838
27842
27852
27863
27899
27905
27920
27925
27933
27939
27948
27955
27978
27982
27996
28031
28069
28075
28083
28084
28086
28100
28113
28118
28120
28130
28152
28158
28164
28189
28195
28197
28218
28233
28243
28249
28253
28255
28262
28273
28280
28292
28317
28326
28333
28334
28337
28339
28352
28357
28369
28387
28389
28398
28409
28411
28412
28421
28435
28451
28454
28457
28458
28470
28472
28493
28497
28501
28503
28504
28505
28508
28521
28530
28537
28538
28544
28553
28559
28590
28594
28600
28601
28604
28609
28618
28627
28631
28641
28667
28670
28683
28685
28700
28704
28719
28731
28740
28750
28758
28769
28774
28786
28787
28809
28838
28844
28853
28872
28885
28904
28906
28926
28962
28968
28971
28976
28991
29006
29017
29018
29025
29047
29053
29057
29063
29069
29092
29095
29101
29102
29110
29111
29123
29129
29140
29149
29162
29164
29175
29189
29191
29197
29244
29248
29269
29288
29295
29304
29319
29327
29335
29379
29396
29401
29404
29410
29415
29421
29440
29462
29467
29474
29477
29491
29494
29500
29503
29511
29526
29527
29546
29557
29573
29579
29582
29594
29598
29626
29644
29697
29699
29701
29702
29711
29716
29724
29729
29739
29758
29777
29794
29818
29822
29823
29828
29841
29845
29868
29874
29883
29894
29895
29916
29920
29942
29959
29963
29974
29975
29978
29996
29998
30003
30012
30021
30029
30048
30062
30068
30082
30098
30099
30108
30117
30123
30125
30136
30140
30156
30159
30161
30167
30185
30191
30192
30218
30219
30221
30223
30227
30280
30290
30308
30347
30353
30373
30386
30387
30394
30414
30415
30424
30426
30444
30445
30451
30455
30462
30478
30510
30512
30516
30554
30556
30580
30581
30582
30587
30600
30606
30609
30644
30645
30666
30667
30688
30699
30710
30713
30721
30725
30727
30730
30734
30737
30753
30784
30801
30802
30804
30813
30815
30816
30855
30872
30874
30882
30908
30925
30932
30937
30958
30963
30973
30990
30994
30998
31000
31012
31023
31038
31041
31046
31054
31059
31067
31080
31081
31089
31090
31094
31114
31121
31151
31192
31195
31201
31203
31221
31265
31270
31272
31278
31288
31304
31317
31318
31319
31328
31351
31355
31373
31397
31398
31402
31412
31418
31469
31473
31475
31486
31492
31498
31510
31517
31544
31545
31546
31552
31557
31562
31579
31584
31587
31591
31604
31613
31634
31680
31683
31684
31688
31698
31701
31711
31719
31732
31757
31765
31777
31792
31804
31818
31846
31856
31875
31890
31894
31901
31902
31913
31916
31925
31932
31949
31951
31952
31956
31957
31974
31975
31990
31998
32012
32021
32025
32027
32037
32038
32040
32054
32058
32073
32097
32103
32115
32127
32157
32189
32197
32198
32202
32205
32208
32219
32240
32250
32257
32272
32282
32295
32321
32334
32361
32367
32381
32394
32395
32418
32423
32435
32436
32453
32466
32470
32500
32511
32536
32544
32546
32554
32568
32570
32581
32584
32592
32600
32602
32612
32613
32623
32626
32661
32668
32673
32677
32699
32715
32719
32735
32753
32761
32767
32774
32783
32787
32789
32812
32815
32827
32836
32843
32862
32864
32866
32879
32932
32952
32955
32962
32984
32990
32992
33010
33021
33031
33040
33042
33059
33060
33070
33080
33094
33120
33131
33157
33177
33181
33192
33196
33213
33217
33231
33233
33269
33277
33282
33301
33305
33316
33327
33339
33345
33356
33358
33372
33379
33389
33401
33409
33412
33415
33427
33429
33430
33436
33448
33462
33468
33473
33481
33511
33555
33586
33590
33608
33620
33632
33635
33640
33642
33652
33699
33700
33701
33709
33715
33727
33735
33738
33748
33759
33768
33788
33790
33808
33826
33833
33836
33858
33865
33882
33888
33895
33920
33926
33956
33967
33982
33985
33995
33999
34011
34016
34062
34076
34079
34087
34098
34101
34103
34114
34122
34125
34130
34147
34170
34172
34179
34191
34207
34219
34221
34225
34232
34234
34261
34264
34269
34271
34275
34277
34324
34327
34346
34358
34364
34367
34381
34393
34395
34426
34437
34441
34444
34449
34462
34466
34469
34478
34485
34489
34495
34514
34516
34526
34541
34545
34555
34565
34591
34596
34601
34617
34623
34629
34632
34634
34636
34638
34641
34663
34675
34678
34682
34686
34691
34693
34700
34701
34704
34712
34724
34745
34773
34788
34792
34828
34846
34862
34866
34888
34900
34902
34904
34908
34912
34919
34920
34933
34952
34959
34960
34975
34977
34995
34996
35002
35009
35017
35034
35042
35043
35051
35074
35087
35089
35090
35091
35093
35098
35110
35114
35127
35129
35150
35151
35159
35170
35179
35204
35221
35222
35225
35239
35243
35247
35257
35263
35268
35270
35309
35328
35336
35339
35346
35349
35359
35373
35387
35392
35393
35403
35407
35424
35425
35434
35438
35440
35446
35447
35467
35469
35472
35481
35509
35513
35539
35544
35562
35595
35598
35605
35611
35641
35683
35686
35687
35689
35695
35701
35711
35733
35745
35746
35762
35785
35791
35807
35809
35812
35839
35840
35876
35888
35889
35890
35891
35919
35923
35931
35942
35944
35947
35972
35989
36001
36011
36031
36054
36055
36058
36064
36070
36072
36092
36101
36116
36129
36131
36135
36140
36148
36164
36165
36195
36196
36209
36214
36219
36223
36224
36244
36248
36256
36277
36280
36283
36287
36308
36322
36343
36351
36359
36364
36373
36380
36384
36390
36394
36397
36399
36409
36411
36430
36434
36437
36446
36450
36452
36471
36517
36521
36529
36537
36544
36547
36563
36565
36575
36583
36595
36599
36620
36628
36637
36644
36650
36665
36690
36707
36709
36723
36727
36730
36734
36760
36786
36789
36802
36808
36809
36814
36815
36820
36825
36826
36831
36835
36846
36849
36851
36852
36856
36881
36885
36889
36909
36956
36974
36995
36996
37039
37044
37051
37057
37063
37083
37089
37106
37130
37133
37145
37149
37165
37166
37169
37175
37176
37193
37227
37235
37253
37284
37287
37289
37297
37310
37313
37319
37328
37332
37336
37354
37360
37372
37373
37394
37400
37418
37425
37426
37438
37446
37449
37450
37452
37463
37464
37468
37471
37477
37506
37515
37521
37523
37551
37554
37557
37558
37573
37588
37591
37603
37632
37635
37636
37638
37644
37660
37665
37670
37676
37679
37705
37707
37732
37747
37753
37764
37777
37781
37786
37788
37798
37820
37837
37838
37850
37858
37870
37884
37896
37898
37910
37920
37933
37948
37952
37955
37959
37986
37987
37994
38001
38009
38015
38032
38042
38048
38067
38077
38078
38080
38088
38099
38104
38110
38132
38133
38138
38142
38151
38159
38199
38206
38215
38232
38234
38249
38251
38254
38258
38260
38262
38279
38285
38302
38329
38331
38332
38345
38374
38398
38406
38422
38426
38439
38443
38448
38459
38479
38483
38498
38499
38543
38551
38572
38573
38595
38599
38612
38618
38629
38646
38648
38658
38664
38665
38690
38699
38715
38721
38788
38790
38811
38816
38818
38829
38841
38852
38862
38866
38912
38920
38925
38926
38933
38934
38935
38936
38937
38938
38939
38951
38959
38986
38997
39000
39010
39012
39027
39040
39056
39063
39074
39088
39091
39094
39099
39104
39109
39111
39112
39119
39131
39135
39138
39139
39141
39160
39162
39169
39177
39183
39184
39195
39198
39211
39260
39270
39273
39280
39305
39328
39329
39331
39365
39369
39373
39385
39389
39390
39395
39399
39400
39402
39412
39422
39426
39446
39447
39455
39465
39513
39546
39551
39553
39560
39573
39593
39601
39621
39624
39628
39643
39658
39670
39679
39691
39701
39704
39706
39711
39712
39785
39825
39852
39857
39861
39870
39871
39876
39882
39893
39896
39897
39907
39911
39914
39920
39941
39956
39957
39965
39970
39973
39980
39981
39991
39998
40001
40006
40015
40026
40044
40054
40055
40059
40069
40072
40073
40104
40108
40109
40117
40118
40126
40141
40149
40173
40183
40192
40194
40202
40204
40215
40239
40245
40246
40247
40261
40272
40292
40293
40294
40297
40300
40303
40321
40340
40356
40373
40384
40390
40395
40405
40417
40422
40435
40441
40442
40458
40462
40472
40489
40494
40510
40511
40543
40562
40585
40591
40599
40618
40626
40628
40644
40648
40649
40668
40672
40684
40687
40707
40710
40732
40734
40758
40760
40773
40787
40789
40796
40798
40803
40808
40809
40811
40814
40820
40828
40832
40850
40852
40854
40864
40871
40876
40888
40898
40899
40902
40903
40908
40910
40915
40923
40944
40945
40948
40950
40955
40960
40972
40975
41008
41015
41018
41031
41035
41036
41052
41067
41072
41084
41089
41096
41098
41111
41113
41114
41126
41129
41133
41181
41191
41192
41201
41202
41207
41210
41216
41228
41238
41240
41243
41265
41269
41271
41276
41285
41289
41299
41309
41311
41317
41328
41334
41338
41353
41391
41392
41401
41414
41424
41430
41433
41438
41441
41474
41498
41503
41512
41524
41544
41547
41553
41567
41568
41596
41604
41622
41631
41635
41640
41663
41672
41683
41696
41698
41715
41724
41730
41739
41749
41754
41767
41770
41772
41775
41778
41780
41781
41793
41794
41798
41820
41835
41850
41852
41884
41903
41905
41906
41933
41938
41945
41948
41968
41970
41992
41995
42006
42022
42028
42047
42051
42060
42081
42120
42121
42138
42139
42147
42155
42170
42171
42178
42181
42189
42195
42196
42203
42214
42218
42222
42227
42229
42249
42278
42281
42282
42285
42295
42306
42324
42374
42389
42402
42419
42420
42430
42445
42449
42458
42484
42487
42490
42503
42508
42523
42528
42553
42569
42577
42587
42602
42605
42610
42649
42650
42672
42674
42689
42702
42728
42758
42766
42775
42795
42796
42800
42803
42825
42831
42851
42852
42853
42858
42859
42875
42878
42884
42885
42887
42898
42912
42914
42923
42949
42952
42962
42964
42967
42979
42984
43000
43008
43019
43024
43035
43046
43053
43059
43090
43092
43103
43109
43112
43131
43139
43161
43169
43175
43178
43185
43234
43238
43244
43247
43249
43263
43292
43294
43297
43306
43316
43320
43325
43333
43335
43347
43349
43353
43358
43386
43403
43412
43427
43428
43430
43431
43434
43437
43438
43448
43467
43472
43482
43483
43488
43491
43495
43504
43505
43536
43539
43543
43570
43579
43583
43619
43629
43648
43677
43684
43697
43707
43710
43721
43740
43756
43775
43781
43803
43821
43828
43840
43850
43862
43873
43875
43884
43892
43896
43907
43926
43928
43932
43945
43973
43975
43980
43991
43993
44008
44024
44034
44039
44049
44067
44081
44088
44096
44103
44105
44116
44126
44140
44141
44143
44158
44163
44167
44182
44185
44193
44203
44225
44230
44251
44252
44260
44282
44289
44321
44326
44334
44363
44372
44377
44386
44387
44397
44400
44410
44435
44445
44451
44452
44464
44466
44467
44469
44483
44519
44524
44566
44568
44570
44571
44604
44625
44644
44651
44662
44666
44682
44696
44718
44724
44734
44738
44742
44769
44783
44790
44803
44810
44814
44830
44840
44853
44854
44881
44883
44920
44923
44929
44942
44947
44978
44989
45002
45011
45016
45022
45028
45041
45045
45056
45075
45080
45087
45101
45115
45124
45141
45143
45163
45169
45176
45178
45180
45200
45203
45209
45220
45223
45232
45252
45290
45311
45320
45325
45329
45337
45354
45358
45360
45366
45382
45396
45406
45425
45427
45450
45462
45465
45488
45494
45495
45509
45520
45526
45538
45544
45581
45584
45587
45594
45602
45604
45609
45611
45614
45626
45630
45643
45646
45652
45661
45676
45690
45695
45702
45708
45710
45718
45736
45751
45753
45765
45770
45775
45777
45779
45782
45789
45800
45802
45804
45824
45825
45827
45833
45843
45847
45857
45862
45863
45869
45872
45892
45898
45918
45944
45953
45988
46007
46024
46025
46028
46037
46058
46064
46067
46070
46072
46079
46097
46104
46105
46107
46146
46152
46181
46189
46196
46199
46206
46222
46223
46228
46239
46252
46259
46265
46271
46272
46273
46286
46314
46316
46318
46327
46337
46372
46374
46380
46385
46399
46403
46405
46406
46411
46435
46438
46440
46451
46460
46478
46484
46497
46501
46511
46531
46533
46539
46543
46559
46560
46580
46583
46588
46591
46593
46599
46600
46604
46605
46619
46621
46630
46634
46656
46657
46676
46680
46686
46688
46691
46702
46722
46746
46755
46756
46765
46769
46774
46775
46784
46801
46805
46818
46822
46827
46829
46835
46853
46868
46892
46895
46900
46908
46931
46954
46957
46972
46993
46994
47014
47015
47018
47020
47023
47065
47081
47084
47116
47140
47145
47160
47175
47189
47208
47218
47248
47270
47272
47290
47297
47321
47328
47329
47334
47340
47347
47349
47351
47365
47382
47388
47392
47395
47402
47409
47416
47419
47426
47439
47440
47450
47457
47495
47499
47503
47507
47510
47516
47529
47554
47585
47587
47590
47595
47604
47612
47631
47649
47677
47681
47685
47691
47709
47715
47735
47744
47750
47757
47761
47762
47767
47768
47785
47806
47808
47821
47830
47832
47834
47855
47860
47865
47868
47870
47875
47900
47907
47919
47921
47930
47931
47936
47940
47960
47975
47976
48006
48015
48025
48028
48032
48068
48081
48082
48083
48087
48098
48126
48129
48142
48156
48161
48163
48166
48193
48200
48219
48224
48234
48252
48267
48270
48273
48276
48279
48284
48305
48308
48323
48328
48340
48356
48357
48362
48364
48377
48378
48380
48388
48401
48424
48425
48437
48440
48446
48478
48486
48508
48523
48526
48538
48543
48544
48546
48578
48579
48582
48590
48601
48605
48612
48614
48622
48626
48634
48638
48639
48671
48689
48692
48695
48705
48717
48720
48733
48766
48776
48784
48800
48807
48814
48815
48823
48833
48839
48843
48864
48867
48870
48873
48876
48890
48904
48909
48928
48937
48946
48983
48986
48990
48991
49003
49017
49032
49039
49055
49077
49079
49082
49099
49103
49105
49110
49112
49124
49126
49151
49155
49156
49166
49180
49186
49197
49209
49214
49215
49222
49243
49245
49256
49268
49276
49277
49279
49282
49284
49295
49296
49313
49317
49349
49358
49365
49379
49392
49406
49408
49418
49425
49449
49455
49474
49480
49482
49487
49489
49495
49505
49506
49510
49511
49523
49529
49532
49543
49551
49552
49555
49561
49570
49585
49597
49611
49622
49635
49636
49637
49652
49658
49666
49671
49680
49694
49698
49700
49714
49719
49723
49735
49742
49744
49748
49757
49778
49795
49839
49855
49856
49871
49878
49916
49932
49938
49954
49962
49963
49989
50027
50028
50068
50083
50089
50110
50129
50132
50149
50151
50154
50156
50176
50187
50191
50198
50204
50205
50207
50217
50232
50239
50243
50252
50254
50270
50273
50274
50277
50279
50283
50326
50338
50344
50368
50379
50411
50415
50417
50432
50446
50453
50478
50485
50492
50494
50495
50500
50522
50525
50526
50538
50543
50551
50557
50561
50565
50571
50572
50575
50576
50580
50582
50591
50629
50633
50635
50637
50643
50644
50648
50666
50674
50700
50703
50707
50712
50734
50736
50746
50754
50783
50799
50800
50810
50820
50828
50830
50836
50841
50846
50856
50871
50877
50881
50883
50893
50904
50914
50917
50937
50953
50954
50986
50993
50997
50998
51009
51014
51023
51025
51033
51040
51055
51061
51072
51082
51085
51091
51130
51132
51167
51177
51188
51196
51202
51209
51210
51212
51233
51234
51248
51254
51258
51273
51280
51283
51296
51327
51341
51358
51359
51394
51395
51420
51438
51459
51460
51464
51465
51476
51480
51483
51511
51523
51524
51548
51549
51556
51564
51566
51569
51571
51622
51630
51643
51654
51680
51681
51692
51696
51704
51711
51717
51720
51728
51733
51742
51755
51759
51768
51814
51822
51836
51845
51848
51872
51878
51882
51889
51913
51917
51920
51921
51937
51950
51956
51963
51965
51972
51987
51989
51999
52002
52014
52016
52017
52028
52030
52031
52037
52042
52054
52056
52058
52063
52066
52073
52093
52097
52120
52124
52127
52131
52134
52143
52149
52152
52163
52165
52167
52173
52245
52260
52268
52301
52311
52313
52333
52340
52351
52354
52361
52364
52376
52379
52389
52391
52393
52414
52419
52421
52423
52429
52436
52478
52489
52499
52500
52510
52513
52528
52532
52539
52542
52543
52560
52575
52621
52623
52628
52633
52635
52660
52662
52667
52678
52679
52682
52692
52695
52718
52724
52736
52760
52781
52784
52802
52817
52825
52839
52856
52870
52890
52906
52918
52927
52930
52933
52934
52939
52958
52962
52965
52979
52980
52996
53016
53018
53029
53035
53042
53045
53049
53053
53077
53083
53095
53099
53101
53111
53162
53180
53194
53220
53223
53226
53231
53253
53255
53259
53279
53283
53294
53318
53338
53353
53354
53364
53371
53375
53377
53388
53416
53420
53421
53425
53442
53454
53461
53469
53476
53487
53492
53496
53509
53539
53542
53543
53558
53562
53588
53607
53643
53644
53657
53679
53694
53699
53701
53713
53714
53725
53726
53729
53743
53746
53754
53756
53765
53768
53779
53788
53797
53801
53805
53810
53812
53814
53817
53825
53826
53851
53858
53870
53877
53902
53904
53930
53937
53943
53947
53956
53957
53964
54004
54005
54023
54030
54033
54043
54062
54065
54074
54078
54083
54103
54108
54122
54132
54135
54146
54162
54192
54193
54194
54199
54203
54211
54225
54240
54243
54248
54255
54310
54333
54349
54359
54361
54377
54393
54409
54411
54417
54423
54436
54476
54494
54500
54501
54506
54518
54529
54536
54538
54548
54555
54558
54560
54570
54577
54601
54611
54621
54625
54634
54647
54651
54664
54669
54671
54676
54706
54718
54730
54742
54746
54747
54748
54750
54754
54771
54793
54833
54834
54865
54869
54874
54875
54885
54891
54904
54912
54922
54923
54927
54938
54939
54964
54977
54998
55008
55041
55047
55053
55084
55091
55096
55130
55140
55148
55200
55201
55209
55215
55226
55232
55246
55250
55272
55279
55283
55290
55295
55314
55348
55357
55368
55372
55373
55381
55383
55405
55406
55409
55416
55423
55425
55440
55444
55449
55451
55452
55466
55476
55495
55497
55513
55515
55531
55539
55540
55541
55545
55564
55567
55585
55598
55600
55602
55608
55617
55619
55621
55628
55632
55638
55643
55671
55674
55677
55681
55690
55695
55699
55700
55714
55722
55731
55747
55755
55760
55774
55776
55783
55785
55786
55788
55790
55793
55804
55806
55845
55859
55866
55874
55878
55880
55887
55895
55900
55914
55915
55936
55937
55941
55964
55966
55969
55977
55987
56000
56012
56021
56036
56042
56052
56053
56055
56072
56080
56098
56101
56118
56124
56127
56136
56155
56169
56198
56231
56246
56247
56259
56275
56282
56288
56292
56302
56304
56308
56310
56335
56336
56342
56346
56351
56356
56369
56372
56380
56393
56394
56407
56410
56418
56423
56472
56478
56487
56496
56499
56501
56537
56551
56577
56585
56599
56610
56616
56618
56633
56695
56716
56729
56730
56731
56747
56758
56761
56765
56768
56769
56776
56791
56795
56806
56819
56826
56830
56831
56842
56845
56872
56874
56884
56888
56890
56905
56919
56953
56956
56976
56982
56989
56990
57007
57012
57014
57018
57022
57028
57031
57037
57039
57041
57049
57057
57065
57073
57075
57079
57082
57084
57095
57102
57105
57107
57112
57119
57138
57150
57182
57194
57195
57198
57240
57245
57289
57308
57328
57334
57336
57338
57366
57374
57396
57411
57418
57423
57428
57440
57455
57463
57466
57486
57495
57502
57531
57543
57552
57564
57566
57576
57582
57586
57589
57590
57594
57603
57605
57606
57607
57630
57633
57652
57654
57682
57696
57794
57805
57830
57869
57875
57885
57888
57893
57895
57898
57908
57925
57928
57961
57977
57982
57983
57984
57992
57993
58006
58011
58013
58015
58017
58027
58045
58074
58112
58122
58127
58150
58168
58178
58182
58185
58216
58232
58238
58249
58252
58256
58273
58288
58290
58293
58295
58296
58305
58311
58335
58340
58351
58361
58377
58392
58396
58401
58407
58434
58445
58477
58486
58494
58500
58512
58518
58521
58523
58525
58530
58537
58540
58619
58624
58629
58633
58638
58661
58666
58675
58686
58712
58742
58750
58759
58769
58772
58778
58784
58794
58797
58799
58813
58820
58821
58873
58877
58897
58901
58905
58920
58931
58938
58941
58949
58951
58987
58988
59006
59014
59016
59017
59019
59041
59053
59071
59074
59115
59142
59154
59192
59194
59231
59244
59250
59257
59259
59265
59270
59279
59284
59290
59308
59311
59326
59327
59331
59344
59349
59374
59377
59380
59384
59387
59399
59404
59405
59406
59411
59417
59425
59428
59438
59442
59447
59454
59485
59488
59490
59491
59513
59543
59552
59565
59602
59603
59624
59632
59653
59657
59658
59685
59700
59718
59726
59740
59746
59758
59761
59774
59794
59815
59830
59831
59837
59874
59877
59889
59892
59906
59913
59921
59929
59937
59943
59965
59966
59968
59969
59985
59992
59995
