21
27
33
43
45
53
56
63
73
75
76
78
79
83
112
124
129
136
150
158
159
162
165
177
183
184
185
200
206
209
219
220
221
222
234
238
239
248
287
291
312
313
314
317
323
341
352
362
368
381
396
414
430
433
440
445
494
508
519
534
537
557
561
562
570
580
584
587
588
591
614
620
630
632
671
673
675
702
715
724
739
751
755
772
774
779
793
794
799
803
821
829
836
881
885
887
889
899
914
920
921
924
926
933
935
937
939
942
953
961
962
963
964
995
1019
1044
1055
1056
1057
1062
1077
1089
1094
1101
1111
1114
1119
1140
1144
1172
1183
1203
1207
1211
1218
1220
1227
1234
1253
1271
1317
1320
1327
1337
1358
1359
1363
1371
1378
1411
1415
1422
1432
1453
1458
1466
1469
1492
1504
1512
1517
1523
1562
1570
1582
1587
1594
1603
1611
1615
1625
1629
1637
1638
1697
1704
1716
1721
1729
1735
1742
1745
1757
1776
1784
1830
1846
1878
1885
1903
1904
1909
1918
1935
1937
1957
1978
1991
1998
2001
2007
2011
2012
2024
2044
2045
2054
2076
2082
2106
2118
2130
2134
2139
2153
2173
2174
2187
2200
2202
2209
2226
2233
2241
2246
2251
2281
2290
2293
2295
2311
2319
2321
2325
2330
2332
2347
2353
2358
2367
2372
2373
2395
2417
2426
2439
2440
2454
2476
2499
2502
2518
2554
2569
2585
2595
2605
2615
2618
2628
2631
2641
2643
2653
2657
2658
2675
2676
2689
2690
2712
2714
2719
2738
2751
2760
2764
2774
2780
2785
2786
2790
2801
2828
2831
2839
2845
2908
2930
2958
2962
2965
2971
2983
2987
3000
3027
3034
3050
3052
3067
3086
3087
3095
3096
3098
3107
3154
3170
3171
3181
3188
3198
3208
3209
3216
3231
3233
3236
3240
3256
3267
3285
3288
3292
3307
3328
3345
3347
3348
3356
3377
3383
3391
3399
3410
3414
3442
3456
3457
3467
3473
3480
3486
3513
3514
3522
3523
3526
3529
3547
3550
3551
3561
3578
3585
3587
3594
3596
3601
3612
3614
3618
3623
3624
3634
3638
3641
3644
3648
3676
3678
3686
3701
3704
3707
3728
3756
3790
3791
3802
3820
3828
3835
3845
3860
3876
3883
3905
3916
3935
3943
3949
3960
3966
3970
3973
3989
3996
3999
4004
4007
4041
4042
4043
4066
4081
4083
4100
4108
4116
4124
4130
4138
4140
4159
4175
4179
4184
4188
4194
4204
4210
4214
4225
4259
4264
4266
4273
4277
4278
4289
4311
4312
4316
4346
4357
4368
4372
4398
4404
4413
4414
4431
4463
4475
4480
4484
4490
4493
4500
4507
4536
4542
4545
4546
4547
4553
4565
4575
4583
4589
4601
4610
4618
4623
4626
4649
4654
4662
4663
4691
4694
4716
4728
4733
4736
4748
4758
4794
4832
4861
4865
4871
4889
4893
4918
4919
4925
4938
4947
4952
4959
4975
4978
4998
5017
5022
5047
5051
5077
5129
5135
5136
5144
5145
5153
5159
5161
5162
5167
5171
5177
5180
5199
5210
5223
5230
5234
5240
5254
5261
5263
5266
5277
5283
5287
5307
5317
5320
5324
5327
5334
5335
5342
5346
5350
5354
5356
5359
5375
5376
5413
5421
5428
5431
5441
5444
5459
5462
5465
5466
5486
5497
5522
5531
5555
5590
5592
5596
5597
5622
5634
5655
5663
5672
5694
5719
5744
5749
5750
5751
5755
5761
5766
5772
5777
5795
5813
5822
5825
5848
5863
5866
5871
5873
5878
5883
5892
5893
5894
5935
5962
5964
5970
5994
6000
6013
6022
6056
6057
6089
6090
6095
6099
6105
6113
6118
6148
6171
6172
6176
6182
6185
6206
6215
6225
6237
6247
6248
6265
6276
6292
6311
6317
6320
6334
6335
6345
6390
6421
6438
6440
6443
6455
6457
6489
6505
6535
6542
6545
6554
6561
6562
6602
6614
6620
6622
6646
6647
6649
6653
6669
6690
6719
6722
6728
6737
6738
6741
6746
6757
6795
6798
6822
6836
6845
6869
6871
6878
6898
6917
6921
6928
6932
6940
6942
6946
6948
6967
6976
6996
7023
7026
7035
7059
7067
7068
7078
7093
7103
7115
7130
7140
7142
7156
7159
7168
7170
7171
7174
7175
7191
7195
7199
7207
7218
7239
7263
7268
7269
7274
7293
7297
7312
7328
7345
7361
7375
7392
7401
7418
7421
7430
7437
7462
7469
7480
7497
7503
7504
7530
7532
7539
7540
7560
7566
7575
7595
7606
7622
7650
7668
7675
7688
7689
7690
7691
7703
7704
7715
7724
7735
7757
7760
7765
7775
7795
7803
7820
7836
7837
7840
7853
7855
7871
7872
7879
7899
7900
7901
7913
7919
7937
7941
7944
7962
7972
7982
7984
7988
8005
8007
8008
8012
8027
8075
8085
8106
8118
8120
8139
8140
8143
8166
8168
8174
8176
8180
8188
8194
8202
8205
8217
8230
8235
8236
8248
8288
8289
8310
8314
8318
8322
8328
8335
8364
8372
8377
8389
8394
8415
8418
8428
8462
8463
8464
8481
8482
8490
8493
8505
8515
8519
8520
8522
8531
8533
8540
8542
8559
8567
8586
8610
8623
8639
8652
8654
8670
8686
8692
8693
8702
8712
8720
8725
8733
8740
8761
8778
8779
8790
8800
8810
8811
8812
8816
8833
8843
8854
8857
8863
8864
8872
8876
8888
8893
8905
8906
8918
8932
8933
8934
8950
8963
8973
8992
8994
8997
9007
9020
9036
9044
9048
9051
9072
9117
9132
9134
9190
9191
9201
9217
9236
9242
9257
9258
9265
9269
9273
9277
9283
9288
9322
9329
9331
9356
9357
9365
9385
9389
9408
9411
9424
9428
9432
9434
9440
9441
9442
9446
9461
9491
9493
9495
9497
9502
9543
9544
9545
9546
9560
9562
9570
9579
9582
9595
9601
9605
9617
9618
9630
9634
9648
9658
9679
9684
9688
9689
9691
9714
9719
9721
9727
9728
9732
9737
9738
9749
9755
9796
9799
9870
9871
9876
9889
9896
9898
9916
9918
9920
9921
9924
9931
9935
9949
10021
10030
10040
10047
10064
10076
10078
10079
10085
10088
10125
10144
10159
10170
10177
10180
10197
10200
10211
10214
10215
10219
10234
10260
10267
10269
10272
10273
10281
10295
10304
10306
10309
10323
10325
10327
10331
10340
10348
10353
10371
10379
10381
10385
10407
10417
10420
10450
10453
10455
10457
10461
10499
10507
10510
10517
10526
10537
10541
10542
10547
10563
10576
10581
10582
10584
10588
10590
10608
10613
10615
10629
10639
10647
10648
10650
10659
10669
10675
10682
10707
10720
10722
10734
10759
10761
10774
10775
10782
10788
10792
10813
10814
10821
10855
10869
10879
10894
10902
10903
10910
10911
10923
10929
10947
10949
10958
10979
10984
10992
10996
10997
11005
11011
11016
11017
11028
11039
11046
11054
11058
11062
11072
11075
11084
11086
11104
11110
11112
11116
11122
11127
11133
11139
11142
11149
11169
11175
11189
11202
11208
11213
11215
11222
11261
11268
11269
11295
11299
11315
11316
11337
11342
11349
11350
11356
11385
11389
11397
11405
11406
11414
11438
11441
11442
11463
11468
11478
11479
11481
11488
11497
11512
11514
11518
11527
11528
11537
11539
11542
11548
11549
11553
11569
11571
11587
11590
11602
11613
11615
11616
11618
11625
11653
11654
11655
11675
11681
11685
11688
11693
11703
11723
11750
11756
11765
11768
11781
11801
11817
11838
11852
11885
11894
11896
11897
11901
11903
11906
11914
11915
11938
11942
11943
11952
11958
11967
11975
11998
12003
12006
12023
12054
12070
12079
12084
12085
12121
12135
12151
12165
12172
12194
12233
12245
12280
12282
12286
12326
12349
12375
12376
12389
12394
12404
12405
12418
12425
12439
12443
12456
12464
12502
12510
12518
12519
12525
12528
12535
12548
12550
12558
12560
12565
12578
12580
12603
12624
12630
12636
12637
12665
12673
12677
12678
12681
12691
12699
12707
12709
12732
12738
12743
12755
12781
12784
12788
12792
12796
12804
12815
12826
12841
12847
12849
12862
12874
12888
12890
12891
12900
12913
12921
12928
12933
12955
12972
12980
12982
13001
13007
13045
13055
13058
13059
13060
13072
13075
13109
13137
13141
13167
13170
13172
13179
13198
13208
13220
13237
13244
13246
13257
13260
13266
13275
13280
13290
13292
13321
13325
13328
13334
13363
13364
13366
13370
13371
13380
13384
13386
13427
13432
13433
13440
13444
13447
13464
13465
13466
13468
13487
13498
13523
13535
13539
13557
13565
13584
13591
13593
13596
13605
13616
13627
13628
13637
13638
13655
13666
13688
13689
13696
13714
13721
13724
13727
13740
13749
13751
13778
13780
13782
13813
13814
13864
13872
13873
13874
13877
13914
13915
13921
13922
13925
13931
13937
13941
13948
13953
13964
13966
13968
13982
13984
13989
13993
14018
14043
14048
14051
14060
14063
14070
14082
14112
14121
14122
14131
14148
14151
14157
14158
14159
14162
14179
14186
14188
14216
14218
14224
14225
14240
14268
14274
14310
14311
14312
14313
14323
14344
14347
14368
14380
14386
14388
14413
14420
14466
14472
14473
14480
14485
14492
14501
14506
14508
14511
14515
14534
14555
14561
14566
14580
14583
14610
14632
14633
14651
14656
14676
14683
14684
14704
14717
14738
14751
14761
14768
14788
14790
14803
14805
14806
14826
14829
14858
14859
14870
14871
14874
14875
14888
14903
14930
14941
14947
14961
14975
14983
15000
15018
15043
15046
15057
15061
15083
15086
15092
15095
15096
15104
15123
15134
15136
15142
15150
15158
15162
15166
15172
15173
15184
15207
15209
15219
15223
15224
15225
15241
15250
15279
15281
15292
15296
15302
15307
15313
15322
15329
15339
15343
15351
15361
15362
15386
15411
15432
15442
15445
15453
15517
15523
15526
15542
15555
15567
15575
15596
15598
15608
15623
15624
15626
15648
15657
15658
15664
15669
15676
15680
15687
15705
15708
15731
15744
15747
15763
15785
15806
15808
15821
15829
15832
15848
15857
15889
15893
15900
15915
15918
15938
15944
15959
15975
15980
15990
16002
16007
16017
16034
16055
16057
16068
16075
16076
16085
16089
16097
16116
16117
16122
16126
16127
16134
16136
16147
16165
16205
16208
16229
16236
16241
16248
16253
16267
16272
16284
16288
16292
16296
16301
16322
16323
16330
16337
16345
16371
16374
16389
16402
16406
16412
16432
16445
16447
16453
16472
16473
16478
16482
16488
16496
16498
16515
16517
16561
16563
16574
16578
16580
16586
16597
16598
16600
16604
16610
16612
16616
16627
16641
16670
16696
16713
16715
16721
16731
16748
16763
16776
16782
16787
16812
16815
16821
16831
16844
16852
16866
16869
16898
16905
16919
16921
16932
16947
16956
16973
16974
16977
16979
16982
16986
17006
17015
17026
17027
17033
17039
17058
17061
17068
17069
17081
17085
17091
17112
17118
17122
17136
17151
17156
17171
17173
17197
17212
17215
17219
17222
17229
17240
17252
17261
17285
17291
17299
17301
17306
17319
17363
17384
17424
17463
17470
17493
17496
17497
17513
17515
17520
17546
17581
17586
17609
17610
17616
17643
17649
17657
17658
17661
17664
17674
17695
17718
17731
17739
17772
17773
17775
17786
17806
17810
17838
17844
17845
17848
17854
17867
17884
17897
17898
17903
17910
17911
17914
17916
17920
17951
17971
17972
17993
18014
18028
18034
18037
18050
18058
18069
18072
18074
18075
18076
18083
18088
18094
18105
18111
18115
18128
18148
18152
18179
18182
18197
18201
18210
18212
18232
18246
18251
18270
18301
18302
18311
18316
18323
18324
18345
18352
18368
18370
18410
18427
18428
18443
18534
18546
18548
18553
18554
18568
18577
18581
18592
18595
18629
18648
18651
18658
18663
18703
18706
18716
18753
18766
18769
18774
18777
18789
18790
18791
18797
18807
18812
18823
18828
18835
18836
18861
18887
18903
18904
18961
18966
18968
18984
19005
19019
19024
19025
19026
19028
19031
19045
19056
19085
19094
19100
19111
19114
19115
19121
19144
19147
19162
19164
19183
19197
19222
19226
19248
19250
19277
19278
19280
19286
19314
19323
19336
19356
19360
19367
19368
19384
19391
19395
19409
19429
19436
19438
19453
19467
19488
19504
19506
19510
19521
19544
19549
19564
19568
19570
19574
19576
19583
19586
19590
19602
19614
19616
19676
19679
19699
19702
19718
19720
19730
19733
19766
19776
19809
19825
19838
19852
19853
19855
19859
19879
19881
19886
19895
19898
19899
19918
19925
19938
19960
19963
19964
19982
19983
20006
20008
20014
20015
20059
20073
20084
20087
20095
20107
20112
20117
20120
20127
20132
20137
20209
20222
20243
20260
20261
20268
20294
20354
20371
20379
20403
20406
20410
20411
20418
20420
20424
20431
20437
20451
20457
20470
20481
20482
20485
20488
20497
20503
20518
20520
20524
20559
20615
20629
20632
20658
20665
20685
20708
20719
20725
20739
20757
20761
20767
20786
20793
20796
20812
20817
20831
20876
20886
20893
20898
20909
20910
20912
20913
20919
20954
20987
20998
21022
21023
21045
21050
21052
21066
21067
21069
21077
21089
21106
21112
21126
21152
21161
21162
21172
21177
21180
21181
21183
21200
21209
21213
21240
21244
21295
21298
21305
21312
21317
21348
21355
21361
21362
21375
21387
21392
21397
21399
21403
21429
21435
21443
21446
21455
21457
21460
21466
21470
21472
21477
21494
21495
21496
21497
21511
21524
21534
21542
21552
21578
21594
21598
21615
21616
21624
21642
21646
21650
21671
21678
21680
21681
21683
21684
21686
21689
21692
21703
21708
21724
21727
21745
21746
21749
21775
21776
21782
21790
21801
21815
21833
21838
21858
21889
21895
21898
21901
21911
21915
21924
21947
21966
21980
21991
21995
22028
22035
22038
22044
22076
22095
22122
22152
22164
22173
22176
22189
22208
22214
22216
22230
22235
22236
22246
22265
22266
22301
22310
22326
22327
22340
22344
22363
22369
22379
22415
22433
22460
22492
22497
22501
22504
22522
22531
22546
22573
22606
22607
22625
22626
22644
22648
22649
22652
22691
22701
22717
22739
22752
22755
22757
22762
22784
22819
22826
22830
22839
22869
22893
22923
22924
22933
22945
22949
22966
22984
22987
22988
23012
23014
23020
23023
23032
23042
23058
23064
23072
23089
23108
23123
23125
23135
23145
23148
23200
23203
23213
23221
23222
23232
23247
23249
23254
23260
23267
23276
23284
23289
23291
23309
23318
23344
23348
23355
23359
23370
23380
23407
23409
23420
23421
23422
23432
23464
23483
23486
23493
23496
23516
23528
23530
23544
23583
23585
23586
23587
23592
23609
23613
23615
23618
23626
23632
23637
23656
23663
23667
23674
23684
23694
23750
23751
23757
23759
23785
23790
23793
23798
23810
23820
23832
23833
23838
23847
23858
23860
23876
23886
23888
23922
23929
23930
23932
23936
23938
23960
23968
23972
23976
23985
23988
24035
24073
24074
24081
24091
24102
24116
24140
24149
24166
24167
24171
24208
24213
24214
24224
24228
24232
24252
24255
24265
24273
24291
24309
24315
24322
24337
24352
24354
24356
24362
24373
24403
24416
24423
24425
24444
24445
24450
24471
24475
24477
24482
24507
24519
24525
24532
24541
24544
24562
24568
24574
24584
24585
24593
24609
24620
24640
24651
24657
24662
24664
24691
24698
24706
24731
24732
24736
24737
24750
24753
24762
24779
24781
24786
24793
24831
24841
24851
24854
24876
24883
24884
24893
24894
24898
24909
24910
24921
24936
24952
24968
24976
24979
24992
24999
25014
25029
25049
25050
25051
25065
25101
25123
25125
25140
25155
25160
25162
25175
25185
25203
25218
25226
25235
25238
25244
25251
25270
25290
25292
25300
25306
25308
25309
25317
25340
25348
25352
25360
25362
25375
25389
25416
25430
25440
25462
25466
25468
25492
25493
25505
25512
25515
25524
25528
25531
25536
25538
25547
25561
25565
25576
25584
25607
25613
25622
25630
25641
25657
25659
25670
25679
25683
25692
25703
25704
25706
25709
25720
25747
25781
25797
25799
25820
25823
25837
25856
25861
25878
25883
25893
25901
25905
25909
25911
25912
25919
25921
25925
26015
26016
26041
26046
26054
26055
26057
26089
26114
26124
26163
26169
26170
26174
26189
26192
26199
26235
26236
26243
26281
26312
26317
26330
26333
26344
26357
26375
26378
26380
26383
26389
26398
26409
26417
26418
26430
26431
26433
26440
26441
26445
26457
26472
26545
26564
26581
26610
26611
26624
26641
26651
26668
26675
26681
26698
26707
26708
26718
26719
26723
26727
26748
26749
26755
26771
26781
26785
26788
26793
26794
26810
26815
26817
26827
26851
26857
26860
26861
26896
26908
26919
26929
26930
26951
26967
26970
26987
26994
27044
27047
27057
27064
27068
27100
27115
27137
27157
27168
27172
27181
27184
27188
27196
27206
27208
27236
27237
27238
27243
27250
27253
27269
27273
27283
27289
27296
27298
27309
27321
27325
27348
27356
27373
27398
27415
27418
27435
27443
27446
27464
27466
27473
27475
27478
27534
27539
27546
27563
27622
27638
27642
27650
27660
27661
27665
27677
27716
27730
27732
27742
27745
27746
27762
27764
27766
27772
27777
27786
27790
27802
27811
27813
27826
27831
27853
27873
27876
27877
27889
27929
27932
27944
27947
27975
27981
27986
27990
27994
27997
28014
28021
28046
28052
28066
28090
28108
28111
28117
28128
28134
28137
28138
28140
28162
28165
28172
28188
28191
28199
28202
28209
28236
28241
28246
28268
28299
28306
28308
28335
28354
28356
28361
28363
28364
28366
28392
28418
28424
28436
28440
28453
28461
28464
28490
28491
28494
28516
28518
28525
28526
28531
28566
28573
28578
28581
28587
28617
28634
28661
28669
28672
28678
28680
28688
28696
28699
28703
28706
28710
28711
28727
28734
28743
28778
28790
28802
28811
28812
28826
28857
28860
28865
28877
28878
28881
28882
28883
28890
28901
28902
28908
28913
28918
28921
28923
28931
28954
28956
28957
28982
28990
28992
28999
29003
29004
29009
29012
29034
29037
29078
29106
29122
29132
29136
29137
29146
29158
29174
29182
29183
29195
29206
29218
29219
29228
29229
29232
29238
29241
29253
29263
29273
29275
29278
29282
29305
29316
29331
29351
29356
29369
29399
29411
29412
29417
29426
29461
29478
29497
29504
29514
29515
29551
29553
29555
29559
29561
29563
29567
29574
29585
29597
29607
29614
29615
29627
29629
29631
29638
29648
29680
29700
29719
29726
29727
29730
29746
29757
29760
29762
29768
29771
29785
29797
29813
29834
29848
29856
29858
29866
29877
29878
29893
29896
29897
29900
29931
29949
29953
29956
29966
29971
29973
29984
29997
30014
30023
30056
30061
30072
30086
30087
30096
30113
30116
30124
30126
30133
30137
30138
30143
30157
30164
30196
30200
30201
30208
30212
30213
30215
30241
30243
30265
30270
30283
30285
30287
30300
30312
30319
30336
30338
30345
30350
30355
30376
30408
30416
30423
30429
30430
30431
30433
30436
30439
30470
30473
30477
30483
30488
30494
30495
30496
30499
30503
30550
30555
30559
30567
30576
30583
30602
30614
30627
30632
30636
30637
30653
30657
30660
30668
30669
30684
30700
30717
30743
30769
30775
30814
30830
30835
30848
30851
30852
30859
30864
30875
30883
30890
30909
30921
30929
30947
30959
30960
30967
30970
30981
30984
30987
30993
30995
30997
31001
31026
31042
31070
31079
31083
31086
31107
31113
31137
31164
31171
31178
31204
31206
31214
31215
31227
31237
31241
31246
31256
31258
31274
31277
31283
31284
31290
31306
31309
31358
31364
31365
31367
31375
31385
31389
31422
31453
31456
31459
31481
31497
31507
31532
31541
31571
31582
31583
31592
31607
31609
31624
31625
31656
31657
31659
31664
31670
31671
31675
31692
31696
31733
31742
31745
31754
31755
31759
31772
31775
31776
31779
31793
31802
31807
31829
31835
31842
31851
31854
31866
31867
31868
31882
31883
31910
31923
31927
31939
31944
31948
31965
31969
31970
31976
31988
32017
32039
32041
32042
32047
32069
32070
32082
32084
32091
32095
32141
32153
32160
32167
32200
32210
32213
32221
32228
32233
32237
32261
32265
32276
32297
32298
32302
32316
32327
32331
32343
32345
32349
32364
32372
32374
32377
32393
32450
32510
32515
32523
32525
32527
32558
32563
32566
32597
32601
32604
32608
32621
32641
32646
32648
32649
32657
32659
32660
32717
32721
32724
32742
32771
32777
32784
32785
32797
32842
32844
32857
32869
32873
32877
32906
32919
32926
32953
32975
32977
32979
32981
32986
32991
32999
33007
33028
33029
33050
33063
33077
33089
33090
33091
33101
33107
33108
33115
33122
33128
33132
33138
33145
33161
33165
33171
33172
33182
33185
33205
33226
33250
33255
33270
33272
33273
33300
33302
33314
33330
33333
33334
33348
33350
33375
33376
33394
33399
33400
33402
33403
33408
33411
33435
33459
33460
33470
33475
33478
33492
33505
33517
33520
33532
33534
33543
33553
33559
33568
33594
33612
33615
33618
33656
33662
33677
33688
33697
33705
33711
33726
33760
33763
33770
33780
33792
33795
33803
33806
33810
33818
33857
33863
33864
33869
33871
33872
33875
33878
33917
33924
33933
33939
33947
33949
33971
33972
33974
33976
33992
34000
34010
34031
34043
34044
34064
34086
34129
34133
34138
34146
34148
34152
34154
34156
34167
34169
34187
34194
34196
34201
34213
34214
34229
34238
34239
34240
34242
34249
34262
34266
34273
34278
34286
34291
34297
34303
34311
34342
34351
34355
34363
34375
34379
34380
34388
34392
34414
34424
34428
34434
34442
34452
34453
34464
34468
34484
34506
34510
34511
34525
34538
34540
34600
34607
34609
34613
34616
34631
34633
34648
34650
34653
34664
34666
34703
34715
34716
34726
34727
34731
34749
34751
34754
34761
34763
34775
34777
34783
34807
34812
34818
34822
34827
34829
34839
34850
34903
34917
34929
34936
34942
34949
34950
34962
34965
34968
34970
34981
34985
35027
35031
35035
35057
35063
35078
35082
35095
35102
35112
35115
35116
35123
35125
35131
35134
35137
35161
35171
35174
35196
35213
35214
35234
35236
35244
35249
35259
35265
35274
35276
35281
35296
35298
35308
35315
35323
35324
35338
35343
35361
35364
35428
35431
35443
35453
35460
35464
35480
35490
35500
35503
35507
35523
35526
35530
35549
35557
35561
35572
35587
35600
35608
35619
35631
35632
35638
35645
35660
35665
35668
35676
35679
35697
35702
35707
35726
35729
35734
35739
35747
35769
35778
35780
35781
35790
35820
35827
35831
35842
35844
35849
35851
35859
35867
35883
35903
35909
35913
35917
35920
35924
35934
35939
35965
35975
35983
35987
35990
36017
36043
36045
36059
36063
36066
36067
36112
36166
36180
36184
36185
36187
36217
36229
36231
36262
36284
36292
36296
36299
36300
36302
36313
36327
36328
36398
36405
36412
36415
36423
36427
36440
36441
36444
36464
36465
36481
36490
36495
36510
36514
36519
36585
36592
36594
36618
36621
36624
36639
36668
36675
36679
36687
36694
36729
36744
36747
36755
36765
36819
36839
36840
36847
36860
36872
36888
36931
36942
36964
36977
36986
36999
37005
37017
37021
37031
37038
37060
37066
37095
37121
37123
37138
37152
37168
37174
37180
37181
37184
37186
37196
37200
37205
37216
37241
37250
37257
37269
37275
37278
37286
37305
37311
37312
37316
37323
37324
37329
37339
37341
37344
37350
37353
37371
37374
37379
37399
37409
37415
37427
37439
37442
37444
37487
37489
37494
37496
37510
37514
37527
37537
37539
37564
37569
37577
37580
37584
37592
37598
37647
37649
37656
37658
37673
37675
37682
37708
37711
37712
37725
37727
37730
37741
37755
37757
37799
37803
37805
37807
37821
37832
37833
37840
37847
37860
37879
37890
37903
37909
37919
37945
37958
37967
37982
37983
37989
38019
38034
38035
38046
38056
38070
38074
38129
38143
38145
38150
38173
38189
38198
38202
38205
38208
38210
38218
38229
38235
38242
38250
38268
38271
38286
38288
38318
38339
38361
38382
38387
38391
38394
38405
38411
38418
38430
38433
38440
38449
38453
38478
38481
38501
38506
38513
38538
38545
38556
38561
38577
38578
38581
38589
38593
38598
38604
38606
38610
38624
38625
38633
38657
38670
38672
38676
38678
38679
38693
38698
38725
38737
38745
38746
38791
38795
38798
38801
38802
38821
38830
38848
38851
38864
38885
38892
38918
38941
38942
38956
38964
38973
38978
38981
38984
38990
39018
39034
39037
39039
39072
39075
39076
39079
39084
39097
39101
39117
39122
39130
39132
39137
39147
39163
39204
39219
39220
39223
39225
39229
39252
39272
39288
39293
39300
39301
39303
39318
39339
39351
39352
39364
39367
39372
39386
39392
39409
39417
39419
39461
39467
39494
39525
39527
39528
39533
39536
39543
39544
39550
39564
39577
39583
39584
39587
39597
39615
39622
39647
39650
39657
39659
39661
39677
39680
39692
39730
39731
39740
39752
39757
39760
39773
39777
39797
39804
39807
39811
39815
39820
39831
39832
39838
39841
39843
39853
39855
39858
39868
39881
39886
39908
39909
39917
39929
39939
39955
39960
39963
39967
39978
39982
39989
39994
40018
40034
40045
40077
40082
40083
40093
40111
40113
40125
40143
40153
40156
40162
40168
40174
40188
40191
40212
40222
40223
40227
40248
40282
40311
40312
40329
40331
40338
40353
40355
40359
40367
40374
40386
40399
40407
40415
40419
40438
40439
40471
40493
40504
40532
40537
40542
40564
40569
40573
40576
40582
40587
40601
40623
40635
40638
40656
40665
40666
40673
40709
40719
40726
40730
40746
40761
40765
40768
40769
40770
40772
40782
40791
40807
40817
40826
40830
40846
40858
40872
40874
40879
40892
40934
40936
40940
40969
40993
40997
41005
41016
41032
41058
41061
41073
41076
41099
41105
41110
41123
41125
41150
41152
41154
41156
41204
41226
41261
41283
41306
41331
41335
41354
41369
41384
41385
41388
41402
41407
41416
41420
41440
41447
41450
41457
41465
41470
41471
41496
41497
41505
41525
41527
41549
41576
41581
41590
41605
41607
41626
41642
41648
41652
41659
41667
41670
41688
41695
41703
41711
41716
41731
41740
41751
41755
41800
41814
41817
41821
41830
41838
41842
41848
41849
41861
41866
41880
41896
41916
41939
41942
42035
42037
42045
42074
42084
42099
42101
42108
42112
42117
42119
42123
42129
42190
42192
42220
42225
42226
42241
42250
42254
42256
42258
42267
42275
42288
42289
42293
42300
42301
42311
42327
42333
42335
42350
42357
42366
42372
42373
42375
42377
42383
42403
42406
42410
42411
42433
42450
42462
42467
42469
42488
42497
42507
42545
42547
42549
42568
42576
42588
42604
42606
42615
42633
42634
42638
42643
42644
42646
42648
42651
42654
42660
42683
42687
42709
42727
42745
42748
42757
42765
42776
42786
42808
42814
42817
42818
42833
42838
42847
42850
42856
42857
42860
42865
42866
42877
42908
42919
42925
42926
42937
42942
42959
42968
42972
42978
42980
42988
43017
43020
43023
43052
43054
43057
43061
43063
43066
43069
43073
43074
43078
43087
43100
43110
43132
43136
43142
43151
43156
43164
43170
43179
43190
43199
43203
43206
43213
43230
43254
43265
43266
43271
43291
43298
43307
43319
43336
43341
43348
43368
43379
43383
43385
43406
43414
43424
43433
43443
43450
43454
43479
43494
43498
43533
43535
43548
43549
43559
43575
43580
43587
43589
43601
43613
43616
43623
43637
43641
43642
43652
43664
43672
43702
43731
43741
43744
43747
43757
43762
43763
43771
43796
43799
43802
43837
43857
43868
43872
43890
43912
43915
43930
43944
43953
43960
43961
43985
43987
43988
43990
43992
43999
44006
44019
44038
44050
44055
44082
44092
44098
44110
44122
44127
44135
44157
44173
44190
44194
44207
44214
44216
44229
44231
44238
44254
44256
44269
44278
44280
44284
44286
44309
44312
44323
44345
44347
44354
44379
44391
44398
44408
44416
44417
44420
44441
44446
44450
44456
44484
44493
44504
44508
44528
44559
44563
44569
44580
44601
44605
44616
44631
44633
44637
44639
44665
44677
44706
44729
44776
44778
44782
44801
44808
44820
44823
44827
44831
44837
44842
44850
44869
44880
44887
44903
44904
44905
44940
44941
44956
44969
44977
44982
44986
44998
45004
45007
45015
45017
45021
45026
45027
45033
45044
45046
45051
45063
45065
45073
45084
45112
45116
45117
45127
45139
45142
45155
45167
45187
45192
45197
45215
45234
45241
45258
45261
45269
45281
45291
45315
45330
45349
45351
45365
45371
45386
45388
45416
45418
45426
45431
45432
45442
45498
45510
45530
45536
45619
45627
45656
45658
45667
45668
45678
45684
45688
45698
45700
45701
45712
45714
45715
45733
45740
45742
45749
45752
45758
45761
45795
45797
45798
45799
45803
45805
45807
45810
45811
45814
45815
45820
45828
45850
45876
45878
45881
45883
45894
45899
45902
45904
45905
45908
45913
45915
45921
45926
45932
45937
45947
45961
45969
45973
45979
45980
45989
46000
46012
46017
46019
46020
46032
46043
46065
46066
46084
46087
46090
46091
46109
46117
46129
46139
46153
46154
46167
46168
46178
46186
46195
46198
46200
46202
46244
46264
46275
46291
46317
46325
46331
46340
46349
46355
46368
46369
46370
46384
46393
46395
46402
46407
46426
46442
46443
46459
46461
46470
46475
46487
46491
46492
46499
46504
46510
46515
46525
46530
46536
46544
46546
46562
46575
46585
46586
46598
46602
46606
46635
46637
46649
46669
46673
46674
46683
46689
46692
46698
46701
46711
46715
46726
46730
46733
46739
46754
46762
46768
46770
46789
46794
46802
46811
46812
46821
46826
46834
46837
46850
46851
46856
46858
46867
46880
46881
46888
46905
46913
46914
46919
46924
46961
46968
46970
46975
46985
46986
47024
47030
47041
47046
47049
47062
47067
47068
47095
47099
47103
47119
47121
47122
47156
47177
47178
47184
47196
47222
47226
47239
47250
47259
47262
47263
47283
47284
47306
47308
47309
47310
47324
47342
47348
47354
47369
47371
47374
47396
47404
47413
47427
47429
47446
47456
47467
47468
47469
47490
47518
47526
47531
47540
47542
47557
47564
47567
47574
47578
47594
47613
47642
47652
47653
47671
47675
47682
47684
47689
47705
47713
47716
47720
47725
47736
47751
47753
47754
47772
47774
47779
47786
47792
47813
47816
47820
47839
47840
47856
47857
47862
47863
47867
47878
47879
47882
47889
47893
47903
47904
47910
47941
47949
47964
47965
47966
47986
48005
48007
48030
48035
48062
48094
48101
48104
48118
48130
48132
48134
48170
48172
48173
48174
48187
48190
48194
48199
48204
48210
48216
48217
48221
48226
48260
48291
48303
48318
48321
48325
48339
48354
48358
48361
48367
48370
48372
48379
48389
48398
48408
48414
48416
48432
48435
48438
48452
48453
48459
48485
48489
48490
48497
48505
48518
48534
48563
48573
48575
48581
48587
48592
48593
48632
48640
48652
48674
48678
48679
48683
48684
48694
48700
48701
48704
48709
48725
48736
48759
48767
48773
48777
48817
48840
48848
48860
48868
48881
48883
48920
48922
48923
48927
48938
48954
48976
48981
48993
48999
49002
49010
49031
49038
49043
49045
49053
49062
49067
49073
49080
49084
49092
49109
49125
49130
49142
49159
49161
49171
49189
49190
49192
49210
49223
49227
49228
49248
49259
49262
49263
49266
49271
49285
49305
49310
49314
49322
49338
49339
49340
49346
49363
49384
49397
49407
49413
49431
49447
49453
49454
49460
49468
49471
49478
49492
49498
49512
49516
49533
49556
49575
49588
49601
49607
49610
49614
49616
49624
49633
49638
49640
49646
49655
49667
49697
49713
49720
49731
49740
49752
49766
49770
49791
49803
49805
49808
49836
49841
49850
49859
49864
49901
49920
49930
49942
49959
49968
49970
49992
50001
50013
50024
50043
50048
50054
50069
50092
50105
50113
50114
50117
50126
50130
50134
50136
50161
50170
50174
50179
50189
50253
50295
50305
50307
50316
50319
50328
50349
50352
50356
50360
50362
50370
50371
50373
50377
50382
50385
50386
50407
50419
50429
50460
50466
50468
50473
50496
50501
50503
50510
50512
50531
50545
50548
50564
50583
50586
50599
50623
50625
50640
50656
50662
50664
50686
50689
50690
50706
50766
50784
50792
50798
50819
50821
50826
50831
50849
50853
50879
50892
50907
50915
50916
50926
50929
50944
50955
50959
50967
50976
50981
51000
51008
51017
51018
51022
51024
51045
51048
51060
51063
51066
51073
51079
51087
51093
51097
51104
51139
51149
51152
51163
51169
51180
51216
51218
51240
51242
51246
51250
51261
51264
51270
51301
51317
51322
51328
51330
51372
51391
51413
51436
51443
51462
51481
51495
51500
51502
51505
51507
51532
51535
51537
51539
51546
51563
51573
51578
51584
51620
51628
51632
51641
51645
51646
51652
51657
51661
51666
51667
51679
51684
51689
51697
51700
51706
51708
51710
51719
51723
51753
51754
51764
51773
51775
51781
51782
51785
51805
51811
51819
51832
51834
51840
51852
51853
51888
51891
51912
51919
51923
51934
51941
51942
51943
51945
51948
51954
51958
51961
51971
51979
52000
52004
52019
52040
52047
52049
52051
52055
52059
52062
52089
52098
52099
52101
52110
52129
52147
52148
52161
52169
52170
52194
52197
52201
52205
52218
52226
52254
52257
52280
52293
52296
52298
52309
52316
52336
52342
52365
52374
52382
52388
52394
52405
52427
52441
52443
52452
52463
52477
52481
52496
52497
52518
52531
52535
52540
52553
52583
52585
52622
52629
52651
52665
52670
52673
52683
52691
52693
52703
52705
52706
52715
52716
52743
52751
52755
52766
52776
52787
52792
52803
52806
52812
52823
52834
52837
52840
52844
52877
52881
52886
52888
52896
52905
52915
52917
52935
52938
52942
52967
52968
52970
52975
52976
52997
53000
53006
53010
53012
53023
53037
53046
53067
53073
53082
53087
53091
53092
53120
53134
53135
53139
53169
53177
53179
53182
53197
53199
53201
53208
53250
53288
53296
53305
53321
53339
53350
53351
53355
53400
53410
53434
53437
53443
53452
53453
53465
53468
53471
53474
53482
53506
53514
53536
53537
53541
53549
53559
53591
53595
53625
53626
53631
53634
53635
53640
53641
53645
53647
53653
53659
53665
53670
53680
53698
53722
53723
53724
53730
53767
53769
53776
53777
53786
53790
53798
53827
53871
53891
53901
53905
53909
53916
53924
53929
53938
53955
53970
53973
53975
53990
53991
54001
54006
54007
54014
54025
54032
54045
54052
54063
54075
54082
54095
54099
54119
54123
54143
54149
54158
54159
54160
54170
54181
54195
54197
54201
54212
54214
54215
54231
54237
54245
54246
54297
54309
54315
54318
54323
54351
54363
54366
54374
54381
54382
54389
54403
54433
54435
54444
54449
54471
54478
54511
54533
54535
54545
54579
54580
54600
54622
54637
54641
54642
54657
54682
54684
54696
54697
54712
54719
54720
54737
54739
54740
54745
54753
54757
54768
54822
54829
54836
54842
54843
54844
54849
54852
54857
54866
54884
54892
54902
54910
54911
54929
54930
54931
54941
54947
54961
54963
54971
54972
54988
54989
54990
54991
54993
55017
55018
55020
55025
55027
55038
55040
55042
55044
55052
55061
55092
55093
55109
55111
55143
55154
55159
55179
55182
55192
55204
55211
55227
55231
55233
55236
55253
55263
55273
55287
55296
55298
55309
55312
55346
55355
55358
55364
55374
55377
55378
55388
55389
55414
55417
55420
55424
55428
55438
55446
55459
55460
55473
55494
55500
55508
55524
55530
55537
55543
55544
55569
55583
55590
55605
55609
55611
55615
55620
55657
55662
55672
55691
55697
55703
55712
55718
55751
55777
55778
55794
55814
55833
55836
55846
55848
55856
55861
55864
55871
55876
55877
55894
55896
55917
55933
55938
55954
55959
55988
55993
55994
56005
56014
56029
56031
56051
56059
56060
56068
56069
56075
56084
56093
56103
56105
56110
56128
56139
56144
56145
56159
56177
56184
56187
56196
56217
56239
56256
56280
56284
56289
56311
56312
56343
56355
56373
56400
56416
56425
56429
56432
56448
56462
56484
56556
56563
56572
56588
56619
56663
56696
56705
56711
56732
56736
56746
56755
56757
56760
56786
56789
56802
56803
56810
56820
56829
56836
56847
56850
56853
56860
56861
56868
56886
56887
56889
56903
56921
56951
56978
57020
57021
57025
57032
57038
57040
57044
57071
57072
57113
57127
57137
57170
57176
57201
57234
57237
57249
57250
57255
57282
57283
57311
57312
57314
57325
57326
57335
57377
57429
57458
57460
57464
57469
57487
57493
57494
57496
57508
57510
57525
57530
57532
57541
57549
57580
57581
57585
57599
57625
57640
57642
57661
57664
57699
57703
57708
57717
57719
57735
57740
57746
57779
57780
57784
57799
57809
57816
57832
57841
57842
57853
57859
57867
57872
57926
57936
57947
57952
57956
57963
57965
57976
58016
58040
58042
58048
58061
58075
58081
58082
58086
58104
58132
58140
58151
58174
58199
58205
58227
58230
58246
58275
58277
58284
58289
58292
58304
58308
58314
58337
58345
58355
58357
58365
58380
58384
58386
58399
58420
58423
58427
58439
58446
58455
58458
58464
58468
58469
58481
58482
58503
58509
58519
58524
58541
58545
58549
58556
58560
58566
58572
58584
58588
58608
58611
58613
58628
58631
58634
58645
58658
58684
58685
58692
58697
58704
58709
58717
58732
58733
58741
58743
58767
58775
58782
58791
58792
58815
58836
58847
58865
58870
58871
58884
58888
58892
58906
58910
58923
58925
58952
58954
58963
58968
58976
59008
59012
59013
59029
59032
59036
59042
59083
59089
59094
59095
59103
59110
59112
59119
59129
59135
59139
59151
59163
59190
59201
59202
59227
59230
59232
59234
59236
59246
59253
59255
59287
59295
59302
59306
59313
59322
59342
59351
59358
59368
59375
59376
59381
59400
59437
59443
59451
59453
59460
59483
59486
59489
59504
59506
59508
59510
59536
59542
59595
59613
59615
59616
59640
59641
59644
59649
59654
59701
59702
59706
59713
59737
59741
59747
59756
59762
59775
59780
59786
59791
59795
59796
59820
59835
59860
59868
59869
59870
59888
59893
59903
59915
59916
59931
59939
59946
59947
59951
59952
59963
59967
59980
59984
59989
