219 224 294 417 963
543 589 773 912 991
64 271 436 468 708
11 115 392 449 778
92 241 329 423 639
17 464 614 627 815
176 257 499 651 910
166 299 468 860 992
15 245 477 575 722
141 317 341 400 885
92 302 612 728 865
269 609 755 832 976
179 315 410 794 972
37 86 153 293 504
563 586 784 864 885
79 101 203 432 982
66 435 707 915 989
75 229 605 726 747
60 167 194 291 933
434 615 667 750 954
62 254 797 843 937
21 31 306 371 695
296 425 796 926 997
254 339 403 774 820
88 155 201 342 768
41 82 288 308 897
284 342 371 636 956
197 262 283 396 531
106 137 367 577 877
183 594 627 650 976
531 630 851 855 956
92 163 231 287 577
276 335 545 605 827
240 398 514 577 640
3 488 523 617 653
323 515 759 800 956
197 305 538 801 987
71 182 268 747 992
590 631 636 787 834
538 630 881 923 987
56 168 381 611 808
9 92 240 394 537
370 452 589 629 996
323 346 802 804 853
250 263 715 797 967
276 305 363 706 948
17 158 595 676 690
152 246 260 318 824
165 271 672 715 868
91 421 736 748 768
136 249 593 714 893
58 215 505 639 675
361 374 569 660 980
89 188 219 293 817
125 455 648 893 968
183 268 310 692 743
14 33 134 803 960
124 183 345 701 947
592 641 659 674 701
221 242 498 738 928
61 177 183 219 366
165 621 636 775 864
155 174 324 475 745
158 297 400 600 608
213 296 424 454 525
85 288 309 484 613
256 527 572 622 968
76 188 669 751 801
127 133 289 503 874
127 163 278 433 757
31 88 355 364 582
35 300 402 513 985
56 261 604 719 873
15 186 250 289 881
396 570 573 589 829
324 409 784 868 877
164 307 348 360 368
505 599 635 730 854
43 86 223 619 664
192 404 414 707 951
446 646 684 705 891
289 468 545 695 827
29 161 623 709 798
176 419 525 644 918
61 142 325 620 726
261 458 635 757 766
132 213 272 314 716
45 338 392 568 936
92 187 293 550 742
0 24 216 326 795
200 426 625 854 928
35 182 270 416 988
35 191 255 547 849
15 23 160 215 614
66 183 344 533 872
108 471 474 507 642
241 255 268 358 431
82 139 356 555 936
39 54 537 926 944
17 457 730 826 860
222 260 429 446 867
403 421 678 740 791
187 307 798 898 980
692 713 901 920 956
293 296 309 619 711
365 422 453 583 619
187 280 726 731 749
83 91 464 799 897
48 192 368 608 641
523 642 689 695 852
54 123 258 322 567
393 438 679 789 951
26 208 371 403 715
68 280 698 835 868
70 108 113 121 915
2 6 236 676 951
305 443 446 583 906
95 140 231 650 726
265 444 502 576 708
12 307 550 659 701
428 676 815 890 986
19 61 460 715 988
192 205 316 418 777
167 217 573 755 990
3 204 628 657 772
182 276 392 662 733
218 395 599 613 746
332 361 644 672 981
18 147 226 608 820
79 331 428 470 543
53 152 173 839 981
407 697 705 781 902
24 65 85 669 697
229 337 357 543 725
32 356 638 778 894
148 275 370 545 793
84 427 728 807 821
182 205 265 495 635
82 211 336 361 989
53 239 686 757 880
91 284 517 520 932
19 43 257 455 653
157 211 477 562 579
390 697 935 989 993
193 434 850 903 952
84 406 660 695 840
109 187 438 745 970
128 320 416 807 986
1 255 471 756 950
38 158 215 649 917
26 606 633 715 790
80 233 322 459 993
193 259 448 506 647
279 513 743 971 999
17 42 74 238 968
140 542 586 649 787
63 353 587 634 660
168 623 781 922 929
67 113 225 250 397
202 249 638 646 957
94 234 621 655 919
38 487 843 952 990
208 331 605 686 814
47 323 597 950 985
121 664 891 954 990
282 380 422 566 735
51 375 400 737 789
522 653 678 982 983
244 344 446 708 958
125 515 552 635 851
261 400 626 684 792
87 146 213 469 616
406 464 657 728 868
280 376 399 705 878
311 353 428 503 512
160 303 396 612 746
238 483 748 830 973
66 272 424 690 982
31 78 129 268 787
26 471 673 682 897
8 380 569 587 590
278 486 637 796 969
124 550 747 885 927
303 397 591 810 820
140 159 500 669 784
67 495 567 744 909
236 493 603 638 841
38 354 644 824 884
79 183 219 228 344
319 617 754 851 870
41 53 525 613 724
252 312 557 717 880
154 477 545 953 961
45 312 421 651 816
53 62 103 345 876
150 174 572 685 766
39 639 810 817 831
32 574 744 811 924
194 528 642 699 879
60 356 730 749 903
