0.0000146151213808064373017451056946391929614037508144974708557128906250000000000000000000000000000000
0.0000061069691864287858285779801714721060079682501964271068572998046875000000000000000000000000000000
0.0000060838276936932537641259007010763326661617611534893512725830078125000000000000000000000000000000
0.0000080449630480116846617359704918470697521115653216838836669921875000000000000000000000000000000000
0.0000146268662624947895273177372876816093594243284314870834350585937500000000000000000000000000000000
0.0000061001439342640182293057808660119434307489427737891674041748046875000000000000000000000000000000
0.0000060837007965814320127758384193494833880322403274476528167724609375000000000000000000000000000000
0.0000061191995945168974204526543547721928462124196812510490417480468750000000000000000000000000000000
0.0000060815884757688875385294238751221485017595114186406135559082031250000000000000000000000000000000
0.0000060818435582880824493974374067573052116131293587386608123779296875000000000000000000000000000000
0.0000061057000094942625442935059398852359890952357091009616851806640625000000000000000000000000000000
0.0000061069691864287858285779801714721060079682501964271068572998046875000000000000000000000000000000
0.0000061238309933760959823632885612454401780269108712673187255859375000000000000000000000000000000000
0.0008363359946911702591521020622167270630598068237304687500000000000000000000000000000000000000000000
0.0000061075866709916450919657000817597491959531907923519611358642578125000000000000000000000000000000
0.0001853496786666880503848670036504131530818995088338851928710937500000000000000000000000000000000000
0.0000061563434970978928237870554662780619992190622724592685699462890625000000000000000000000000000000
0.0000133203530211139057357148246518718792685831431299448013305664062500000000000000000000000000000000
0.0000145757559193200439179218669272231068134715314954519271850585937500000000000000000000000000000000
0.0000061069691864287858285779801714721060079682501964271068572998046875000000000000000000000000000000
0.0000060817166611762606980473751250304559334836085326969623565673828125000000000000000000000000000000
0.0000144760706474246829639305339521015980608353856950998306274414062500000000000000000000000000000000
0.0000061069691864287858285779801714721060079682501964271068572998046875000000000000000000000000000000
0.0000061117190676817176268735033739520901008290820755064487457275390625000000000000000000000000000000
0.0002640589299249022849254420197695480965194292366504669189453125000000000000000000000000000000000000
0.0000259878009112956450386323903334329088465892709791660308837890625000000000000000000000000000000000
0.0000061069691864287858285779801714721060079682501964271068572998046875000000000000000000000000000000
0.0000061535128999894580733871080058250413458154071122407913208007812500000000000000000000000000000000
0.0000069707895456802325821516093384833112622800399549305438995361328125000000000000000000000000000000
0.0000060831801259576675776114158822327482312175561673939228057861328125000000000000000000000000000000
0.0000061069691864287858285779801714721060079682501964271068572998046875000000000000000000000000000000
0.0000257065669977789358385984741506291584300925023853778839111328125000000000000000000000000000000000
0.0000061075866709916450919657000817597491959531907923519611358642578125000000000000000000000000000000
0.0000060817166611762606980473751250304559334836085326969623565673828125000000000000000000000000000000
0.0000069790330545546552326813607991518040307710180059075355529785156250000000000000000000000000000000
0.0000061069691864287858285779801714721060079682501964271068572998046875000000000000000000000000000000
0.0000060817166611762606980473751250304559334836085326969623565673828125000000000000000000000000000000
0.0000145611079841537690584239717050962781286216340959072113037109375000000000000000000000000000000000
0.0000061075866709916450919657000817597491959531907923519611358642578125000000000000000000000000000000
0.0000061069691864287858285779801714721060079682501964271068572998046875000000000000000000000000000000
0.0000063053395250887933227708186112447918958423542790114879608154296875000000000000000000000000000000
0.0002640585414245137955632780624171118688536807894706726074218750000000000000000000000000000000000000
0.0000061069691864287858285779801714721060079682501964271068572998046875000000000000000000000000000000
0.0000061069691864287858285779801714721060079682501964271068572998046875000000000000000000000000000000
0.0000061075866709916450919657000817597491959531907923519611358642578125000000000000000000000000000000
0.0000061069691864287858285779801714721060079682501964271068572998046875000000000000000000000000000000
0.0000145976481958556441226359037810489382991363527253270149230957031250000000000000000000000000000000
0.0000061456952543013610050569132947639872099898639135062694549560546875000000000000000000000000000000
0.0000060817166611762606980473751250304559334836085326969623565673828125000000000000000000000000000000
0.0000061696207290826063555466522714265664717459003441035747528076171875000000000000000000000000000000
0.0000060818435582880824493974374067573052116131293587386608123779296875000000000000000000000000000000
0.0000415183450326329759770202509905345777951879426836967468261718750000000000000000000000000000000000
0.0000061182744149023713867282733835928354437783127650618553161621093750000000000000000000000000000000
0.0008363356101152292880474004022062217700295150279998779296875000000000000000000000000000000000000000
0.0000060987204032246612476412910008871648415151867084205150604248046875000000000000000000000000000000
0.0000060811959905524971099158998422140598449914250522851943969726562500000000000000000000000000000000
0.0002640591837191259318162739333502031513489782810211181640625000000000000000000000000000000000000000
0.0000152350607724283433364606890614290080065984511747956275939941406250000000000000000000000000000000
0.0000061207933024353770179318626198927688619733089581131935119628906250000000000000000000000000000000
0.0000143276243061142822372237143335738096538989339023828506469726562500000000000000000000000000000000
0.0002640327708647895719497322719604426310979761183261871337890625000000000000000000000000000000000000
0.0000060817166611762606980473751250304559334836085326969623565673828125000000000000000000000000000000
0.0000062628418366806791960869210678097829259058926254510879516601562500000000000000000000000000000000
0.0000060835726111740588532578871694411759563081432133913040161132812500000000000000000000000000000000
0.0000060815884757688875385294238751221485017595114186406135559082031250000000000000000000000000000000
0.0000060817166611762606980473751250304559334836085326969623565673828125000000000000000000000000000000
0.0000061075866709916450919657000817597491959531907923519611358642578125000000000000000000000000000000
0.0000150504603736971312791248500673191301757469773292541503906250000000000000000000000000000000000000
0.0000174230916869706673702922899993339456159446854144334793090820312500000000000000000000000000000000
0.0000066584957612243367245795540310115967486126464791595935821533203125000000000000000000000000000000
0.0000069098605458181161232929581861306189694005297496914863586425781250000000000000000000000000000000
0.0000060815884757688875385294238751221485017595114186406135559082031250000000000000000000000000000000
0.0000060837007965814320127758384193494833880322403274476528167724609375000000000000000000000000000000
0.0000146523581376997074146584232323675678344443440437316894531250000000000000000000000000000000000000
0.0000061075866709916450919657000817597491959531907923519611358642578125000000000000000000000000000000
0.0000061075866709916450919657000817597491959531907923519611358642578125000000000000000000000000000000
0.0000060818435582880824493974374067573052116131293587386608123779296875000000000000000000000000000000
0.0000061069691864287858285779801714721060079682501964271068572998046875000000000000000000000000000000
0.0007678265346235407405248163392741389543516561388969421386718750000000000000000000000000000000000000
0.0000065873279387794862353494237949824707811785629019141197204589843750000000000000000000000000000000
0.0000061069691864287858285779801714721060079682501964271068572998046875000000000000000000000000000000
0.0000061075866709916450919657000817597491959531907923519611358642578125000000000000000000000000000000
0.0000139971315286895240081457489345062583652179455384612083435058593750000000000000000000000000000000
0.0000061120384722321775526903027409009183656962704844772815704345703125000000000000000000000000000000
0.0000069978583264155672533654919953427508971799397841095924377441406250000000000000000000000000000000
0.0000061069691864287858285779801714721060079682501964271068572998046875000000000000000000000000000000
0.0000147534527568488231584302450283274765752139501273632049560546875000000000000000000000000000000000
0.0000061228408681117182181508594440710879780453979037702083587646484375000000000000000000000000000000
0.0000145858205919303657581735308990111832372349454089999198913574218750000000000000000000000000000000
0.0002640590568220141354759122886974864741205237805843353271484375000000000000000000000000000000000000
0.0000060818435582880824493974374067573052116131293587386608123779296875000000000000000000000000000000
0.0000064188543356287039752050907481795150033576646819710731506347656250000000000000000000000000000000
0.0000066339741240299757309801728655251906729972688481211662292480468750000000000000000000000000000000
0.0002640334210288350033114801451716857627616263926029205322265625000000000000000000000000000000000000
0.0000138583174269410640331960660187604617021861486136913299560546875000000000000000000000000000000000
0.0000060830438981102885926560176754751552152811200357973575592041015625000000000000000000000000000000
0.0000060829910442102633815549157791924272942196694202721118927001953125000000000000000000000000000000
0.0000099490954893843871575769000070721403972129337489604949951171875000000000000000000000000000000000
0.0000146152521625237225520992784266738340193114709109067916870117187500000000000000000000000000000000
0.0000063321994516444276792808618092855965642229421064257621765136718750000000000000000000000000000000
0.0000061368301958697069612347005373997888000303646549582481384277343750000000000000000000000000000000
0.0000065576109753590269959904954233387286421930184587836265563964843750000000000000000000000000000000
0.0000060994341818929343013795836558887941691864398308098316192626953125000000000000000000000000000000
0.0000061069691864287858285779801714721060079682501964271068572998046875000000000000000000000000000000
0.0000061069691864287858285779801714721060079682501964271068572998046875000000000000000000000000000000
0.0000061196828945177607800591165765347057003964437171816825866699218750000000000000000000000000000000
0.0000060814589823471528493101928569686265291238669306039810180664062500000000000000000000000000000000
0.0000124438218489294202747123471719525866774347377941012382507324218750000000000000000000000000000000
0.0000145726570787575936637408408058647069083235692232847213745117187500000000000000000000000000000000
0.0000061146868830543888776699219811394669932269607670605182647705078125000000000000000000000000000000
0.0000076008839555110326247295074453269592140713939443230628967285156250000000000000000000000000000000
0.0000061447356213487617409077512498072337621124461293220520019531250000000000000000000000000000000000
0.0000087585849468736447215452475822949907069414621219038963317871093750000000000000000000000000000000
0.0000060942675104396782029682159975703115151191013865172863006591796875000000000000000000000000000000
0.0008363106152688058953295624498025517823407426476478576660156250000000000000000000000000000000000000
0.0002640590568220141354759122886974864741205237805843353271484375000000000000000000000000000000000000
0.0000061069691864287858285779801714721060079682501964271068572998046875000000000000000000000000000000
0.0008363357396086510244306855277329759701387956738471984863281250000000000000000000000000000000000000
0.0000061075866709916450919657000817597491959531907923519611358642578125000000000000000000000000000000
0.0000061078461997912589763210650106728394348465371876955032348632812500000000000000000000000000000000
0.0000061069691864287858285779801714721060079682501964271068572998046875000000000000000000000000000000
0.0000065010761911286982166311050612694799610835616476833820343017578125000000000000000000000000000000
0.0000068009960577337035084492453118620858276699436828494071960449218750000000000000000000000000000000
0.0000144273984529784763937518970999818179734575096517801284790039062500000000000000000000000000000000
0.0000099456021832608150940206390155928772855986608192324638366699218750000000000000000000000000000000
0.0000060949897841125625088071031398850863070038030855357646942138671875000000000000000000000000000000
0.0000061426442753635423601782546143557084405983914621174335479736328125000000000000000000000000000000
0.0000061069691864287858285779801714721060079682501964271068572998046875000000000000000000000000000000
0.0000111712691239758226107586791542303217283915728330612182617187500000000000000000000000000000000000
0.0000060862275761222483873628084916074243437833501957356929779052734375000000000000000000000000000000
0.0000424465601640164970397364752052737912890734151005744934082031250000000000000000000000000000000000
0.0000061069691864287858285779801714721060079682501964271068572998046875000000000000000000000000000000
0.0005769095346865156731866464134839134203502908349037170410156250000000000000000000000000000000000000
0.0000061018950799577634621284269456076287951873382553458213806152343750000000000000000000000000000000
0.0000060879870556736344369111631202873269330666516907513141632080078125000000000000000000000000000000
0.0000060931407639487987747952887906954799746017670258879661560058593750000000000000000000000000000000
0.0000063633373022703505991781204598201071576113463379442691802978515625000000000000000000000000000000
0.0000146143769991317190175576443134097814890992594882845878601074218750000000000000000000000000000000
0.0000066404576328615847995574632267601344892682391218841075897216796875000000000000000000000000000000
0.0000078103954114691039799190860892785792657377896830439567565917968750000000000000000000000000000000
0.0000061143325916157000046139043114568067949221585877239704132080078125000000000000000000000000000000
0.0000150518894579583585092465158883356934893527068197727203369140625000000000000000000000000000000000
0.0000070406101854156390420429005583269344015207025222480297088623046875000000000000000000000000000000
0.0000061678127316688893903027027243446411830518627539277076721191406250000000000000000000000000000000
0.0000061063927433364848234177008068357395131897646933794021606445312500000000000000000000000000000000
0.0000060817166611762606980473751250304559334836085326969623565673828125000000000000000000000000000000
0.0000101658711202843360425990618112201957501383731141686439514160156250000000000000000000000000000000
0.0000060818435582880824493974374067573052116131293587386608123779296875000000000000000000000000000000
0.0000061301855967641118448684459107944633160514058545231819152832031250000000000000000000000000000000
0.0001364690058458436767822863355803519880282692611217498779296875000000000000000000000000000000000000
0.0000060843641209420751313555197903326643427135422825813293457031250000000000000000000000000000000000
0.0000062468354589354137810413084008764883492403896525502204895019531250000000000000000000000000000000
0.0000061394723745790547974731515834534434361557941883802413940429687500000000000000000000000000000000
0.0000061069691864287858285779801714721060079682501964271068572998046875000000000000000000000000000000
0.0002640335466179325016496115541286826555733568966388702392578125000000000000000000000000000000000000
0.0000061137899408472287730419852946894820888701360672712326049804687500000000000000000000000000000000
0.0000061120429761892078158818340793967394120045355521142482757568359375000000000000000000000000000000
0.0000063051611334477404921397894477230749998852843418717384338378906250000000000000000000000000000000
0.0002640589299249022849254420197695480965194292366504669189453125000000000000000000000000000000000000
0.0000066605739554254797752047903558469954532483825460076332092285156250000000000000000000000000000000
0.0000062744066239948236848129534126705664220935432240366935729980468750000000000000000000000000000000
0.0000060815884757688875385294238751221485017595114186406135559082031250000000000000000000000000000000
0.0000066563323552589725556330110811664724224101519212126731872558593750000000000000000000000000000000
0.0000062322107515360455985004017875894533062819391489028930664062500000000000000000000000000000000000
0.0000093109919729968514535804746667935205550747923552989959716796875000000000000000000000000000000000
0.0000061069691864287858285779801714721060079682501964271068572998046875000000000000000000000000000000
0.0000060838276936932537641259007010763326661617611534893512725830078125000000000000000000000000000000
0.0000061146868830543888776699219811394669932269607670605182647705078125000000000000000000000000000000
0.0000061069691864287858285779801714721060079682501964271068572998046875000000000000000000000000000000
0.0000060817166611762606980473751250304559334836085326969623565673828125000000000000000000000000000000
0.0000061125826824550169943548946771549879031226737424731254577636718750000000000000000000000000000000
0.0002640589286366067513049660231416737588006071746349334716796875000000000000000000000000000000000000
0.0000061378434145730983214489517862944012449588626623153686523437500000000000000000000000000000000000
0.0000061069691864287858285779801714721060079682501964271068572998046875000000000000000000000000000000
0.0000061069691864287858285779801714721060079682501964271068572998046875000000000000000000000000000000
0.0000081474836520777194179450397815145379354362376034259796142578125000000000000000000000000000000000
0.0000060817166611762606980473751250304559334836085326969623565673828125000000000000000000000000000000
0.0000061226742577612326947559921730412924034681054763495922088623046875000000000000000000000000000000
0.0000126897599147751978786733198512060027951520169153809547424316406250000000000000000000000000000000
0.0000060956524424795468529761875708938845264128758572041988372802734375000000000000000000000000000000
0.0000060831179413220851329049780609192765723491902463138103485107421875000000000000000000000000000000
0.0000061069691864287858285779801714721060079682501964271068572998046875000000000000000000000000000000
0.0000129034221931714719995782161832131862411188194528222084045410156250000000000000000000000000000000
0.0000061207933024353770179318626198927688619733089581131935119628906250000000000000000000000000000000
0.0000162652156763572541884992073146776192515972070395946502685546875000000000000000000000000000000000
0.0000061115079469919057343998448905697529198732809163630008697509765625000000000000000000000000000000
0.0000060823341457391199614350950353180991214685491286218166351318359375000000000000000000000000000000
0.0000060815884757688875385294238751221485017595114186406135559082031250000000000000000000000000000000
0.0002640327708647895719497322719604426310979761183261871337890625000000000000000000000000000000000000
0.0000061182744149023713867282733835928354437783127650618553161621093750000000000000000000000000000000
0.0000157521922405066023024564070276198890496743842959403991699218750000000000000000000000000000000000
0.0000061378434145730983214489517862944012449588626623153686523437500000000000000000000000000000000000
0.0000060916606732394642750340330028535618112073279917240142822265625000000000000000000000000000000000
0.0000061584313307437543491659921734981963936661486513912677764892578125000000000000000000000000000000
0.0002640586722460732185813192529622028814628720283508300781250000000000000000000000000000000000000000
0.0000145226975349509482645813870926865263299987418577075004577636718750000000000000000000000000000000
0.0000060817166611762606980473751250304559334836085326969623565673828125000000000000000000000000000000
0.0000060817166611762606980473751250304559334836085326969623565673828125000000000000000000000000000000
0.0000060817166611762606980473751250304559334836085326969623565673828125000000000000000000000000000000
0.0000060838991097439985299730018375452544887593830935657024383544921875000000000000000000000000000000
