0.0000347864221170025885560526945905479578868835233151912689208984375000000000000000000000000000000000
0.0000061069691864287858285779801714721060079682501964271068572998046875000000000000000000000000000000
0.0000348119323210842223823534291593517764340504072606563568115234375000000000000000000000000000000000
0.0000347868066929435190031728863946369756376952864229679107666015625000000000000000000000000000000000
0.0000347861643983313691976498593927402680492377839982509613037109375000000000000000000000000000000000
0.0000348115477451432919352332373552627586832386441528797149658203125000000000000000000000000000000000
0.0000348118054239723989369374723690242490192758850753307342529296875000000000000000000000000000000000
0.0000348119323210842223823534291593517764340504072606563568115234375000000000000000000000000000000000
0.0001064231410494165253055598441278561949729919433593750000000000000000000000000000000000000000000000
0.0000348119323210842223823534291593517764340504072606563568115234375000000000000000000000000000000000
0.0000348114169235838960222463589477825962603674270212650299072265625000000000000000000000000000000000
0.0000061069691864287858285779801714721060079682501964271068572998046875000000000000000000000000000000
0.0000348119323210842223823534291593517764340504072606563568115234375000000000000000000000000000000000
0.0001063730179785424891656178680854338836070382967591285705566406250000000000000000000000000000000000
0.0000061104007714598299605955090962883247129866504110395908355712890625000000000000000000000000000000
0.0001063728897931351185471987585984265933802817016839981079101562500000000000000000000000000000000000
0.0001064231410494165253055598441278561949729919433593750000000000000000000000000000000000000000000000
0.0000347866797958316955577569296043094482229207642376422882080078125000000000000000000000000000000000
0.0000347613003734673452877444732589395925970165990293025970458984375000000000000000000000000000000000
0.0000061069691864287858285779801714721060079682501964271068572998046875000000000000000000000000000000
0.0000348118054239723989369374723690242490192758850753307342529296875000000000000000000000000000000000
0.0000347865516104243181630742420828994454495841637253761291503906250000000000000000000000000000000000
0.0000061069691864287858285779801714721060079682501964271068572998046875000000000000000000000000000000
0.0000061687377169879156299406135210983137540097231976687908172607421875000000000000000000000000000000
0.0000347614272705791687331604300492671200117911212146282196044921875000000000000000000000000000000000
0.0000347864247133125014939218633269746305813896469771862030029296875000000000000000000000000000000000
0.0000061069691864287858285779801714721060079682501964271068572998046875000000000000000000000000000000
0.0000348118054239723989369374723690242490192758850753307342529296875000000000000000000000000000000000
0.0001063982705037950295427415237092816369113279506564140319824218750000000000000000000000000000000000
0.0001064227485642001467354075816551528532727388665080070495605468750000000000000000000000000000000000
0.0000061069691864287858285779801714721060079682501964271068572998046875000000000000000000000000000000
0.0000347609118730788491493169378721006523846881464123725891113281250000000000000000000000000000000000
0.0000061104007714598299605955090962883247129866504110395908355712890625000000000000000000000000000000
0.0000348118054239723989369374723690242490192758850753307342529296875000000000000000000000000000000000
0.0000348118054239723989369374723690242490192758850753307342529296875000000000000000000000000000000000
0.0000061069691864287858285779801714721060079682501964271068572998046875000000000000000000000000000000
0.0000348118054239723989369374723690242490192758850753307342529296875000000000000000000000000000000000
0.0000347864221170025885560526945905479578868835233151912689208984375000000000000000000000000000000000
0.0000061104007714598299605955090962883247129866504110395908355712890625000000000000000000000000000000
0.0000061069691864287858285779801714721060079682501964271068572998046875000000000000000000000000000000
0.0000347865528987198721123409728139819208081462420523166656494140625000000000000000000000000000000000
0.0001063725025810421763580379539426701285265153273940086364746093750000000000000000000000000000000000
0.0000061069691864287858285779801714721060079682501964271068572998046875000000000000000000000000000000
0.0000061069691864287858285779801714721060079682501964271068572998046875000000000000000000000000000000
0.0000061104007714598299605955090962883247129866504110395908355712890625000000000000000000000000000000
0.0000061069691864287858285779801714721060079682501964271068572998046875000000000000000000000000000000
0.0001063976308453349050317862656278578015189850702881813049316406250000000000000000000000000000000000
0.0001064232692348238959239789536148634851997485384345054626464843750000000000000000000000000000000000
0.0000348118054239723989369374723690242490192758850753307342529296875000000000000000000000000000000000
0.0000348116772385650283185183628820169587925192900002002716064453125000000000000000000000000000000000
0.0000348119323210842223823534291593517764340504072606563568115234375000000000000000000000000000000000
0.0000347865516104243181630742420828994454495841637253761291503906250000000000000000000000000000000000
0.0000061716479285375166522983371442112598970197723247110843658447265625000000000000000000000000000000
0.0000347611695917500617314561950355056296757538802921772003173828125000000000000000000000000000000000
0.0000348118054239723989369374723690242490192758850753307342529296875000000000000000000000000000000000
0.0000348112847533486361958389443405081919991062022745609283447265625000000000000000000000000000000000
0.0000347616810648028156239923436299221748413401655852794647216796875000000000000000000000000000000000
0.0001063974960389476199108110821001105250616092234849929809570312500000000000000000000000000000000000
0.0000061944451159688674186628090656547840353596257045865058898925781250000000000000000000000000000000
0.0000347868066929435190031728863946369756376952864229679107666015625000000000000000000000000000000000
0.0000347352682104664015473420579649399542176979593932628631591796875000000000000000000000000000000000
0.0001064232692348238959239789536148634851997485384345054626464843750000000000000000000000000000000000
0.0000347865528987198721123409728139819208081462420523166656494140625000000000000000000000000000000000
0.0001064231410494165253055598441278561949729919433593750000000000000000000000000000000000000000000000
0.0000348116772385650283185183628820169587925192900002002716064453125000000000000000000000000000000000
0.0000348118054239723989369374723690242490192758850753307342529296875000000000000000000000000000000000
0.0000061104007714598299605955090962883247129866504110395908355712890625000000000000000000000000000000
0.0001063981436066832196498527229877595345897134393453598022460937500000000000000000000000000000000000
0.0000347866797958316955577569296043094482229207642376422882080078125000000000000000000000000000000000
0.0000347865528987198721123409728139819208081462420523166656494140625000000000000000000000000000000000
0.0000347864247133125014939218633269746305813896469771862030029296875000000000000000000000000000000000
0.0000348116772385650283185183628820169587925192900002002716064453125000000000000000000000000000000000
0.0000348118054239723989369374723690242490192758850753307342529296875000000000000000000000000000000000
0.0001063980154212758354789064574319468192697968333959579467773437500000000000000000000000000000000000
0.0000061104007714598299605955090962883247129866504110395908355712890625000000000000000000000000000000
0.0000061104007714598299605955090962883247129866504110395908355712890625000000000000000000000000000000
0.0001064233961319357329219220664739964377076830714941024780273437500000000000000000000000000000000000
0.0000061069691864287858285779801714721060079682501964271068572998046875000000000000000000000000000000
0.0000347614272705791687331604300492671200117911212146282196044921875000000000000000000000000000000000
0.0000348116772385650283185183628820169587925192900002002716064453125000000000000000000000000000000000
0.0000061069691864287858285779801714721060079682501964271068572998046875000000000000000000000000000000
0.0000061104007714598299605955090962883247129866504110395908355712890625000000000000000000000000000000
0.0000347868066929435190031728863946369756376952864229679107666015625000000000000000000000000000000000
0.0000348118054239723989369374723690242490192758850753307342529296875000000000000000000000000000000000
0.0001063980154212758354789064574319468192697968333959579467773437500000000000000000000000000000000000
0.0000061069691864287858285779801714721060079682501964271068572998046875000000000000000000000000000000
0.0000347865516104243181630742420828994454495841637253761291503906250000000000000000000000000000000000
0.0000348118054239723989369374723690242490192758850753307342529296875000000000000000000000000000000000
0.0001063973705303537727355142616936234389868332073092460632324218750000000000000000000000000000000000
0.0000347615541676909921785763868395946474265656433999538421630859375000000000000000000000000000000000
0.0001064233961319357329219220664739964377076830714941024780273437500000000000000000000000000000000000
0.0000347861670344833944922176283132131402453524060547351837158203125000000000000000000000000000000000
0.0000347865516104243181630742420828994454495841637253761291503906250000000000000000000000000000000000
0.0000347359183745118938954621334858074988005682826042175292968750000000000000000000000000000000000000
0.0000347859040426887387528233352984585735612199641764163970947265625000000000000000000000000000000000
0.0000348118054239723989369374723690242490192758850753307342529296875000000000000000000000000000000000
0.0000348118054239723989369374723690242490192758850753307342529296875000000000000000000000000000000000
0.0000347865516104243181630742420828994454495841637253761291503906250000000000000000000000000000000000
0.0001063980167095713962044367661974320071749389171600341796875000000000000000000000000000000000000000
0.0000348115477451432919352332373552627586832386441528797149658203125000000000000000000000000000000000
0.0001064233961319357329219220664739964377076830714941024780273437500000000000000000000000000000000000
0.0000065314572183347182861897634031933534970448818057775497436523437500000000000000000000000000000000
0.0000348115477451432919352332373552627586832386441528797149658203125000000000000000000000000000000000
0.0000061069691864287858285779801714721060079682501964271068572998046875000000000000000000000000000000
0.0000061069691864287858285779801714721060079682501964271068572998046875000000000000000000000000000000
0.0000061608211356125001793068024502630919414514210075139999389648437500000000000000000000000000000000
0.0000348115477451432919352332373552627586832386441528797149658203125000000000000000000000000000000000
0.0000347865516104243181630742420828994454495841637253761291503906250000000000000000000000000000000000
0.0000347865516104243181630742420828994454495841637253761291503906250000000000000000000000000000000000
0.0000061333684553639785636100674459658677051265840418636798858642578125000000000000000000000000000000
0.0000347866797958316955577569296043094482229207642376422882080078125000000000000000000000000000000000
0.0000063781013389654171906136860548119926761501119472086429595947265625000000000000000000000000000000
0.0000347864247133125014939218633269746305813896469771862030029296875000000000000000000000000000000000
0.0000348119323210842223823534291593517764340504072606563568115234375000000000000000000000000000000000
0.0000347361747453266419085639304942247918006614781916141510009765625000000000000000000000000000000000
0.0001063730179785424891656178680854338836070382967591285705566406250000000000000000000000000000000000
0.0000061069691864287858285779801714721060079682501964271068572998046875000000000000000000000000000000
0.0000347612990851717981147413205622598297850345261394977569580078125000000000000000000000000000000000
0.0000061104007714598299605955090962883247129866504110395908355712890625000000000000000000000000000000
0.0001064233961319357329219220664739964377076830714941024780273437500000000000000000000000000000000000
0.0000061069691864287858285779801714721060079682501964271068572998046875000000000000000000000000000000
0.0000347864247133125014939218633269746305813896469771862030029296875000000000000000000000000000000000
0.0000347864247133125014939218633269746305813896469771862030029296875000000000000000000000000000000000
0.0000347866797958316955577569296043094482229207642376422882080078125000000000000000000000000000000000
0.0000347866797958316955577569296043094482229207642376422882080078125000000000000000000000000000000000
0.0001064230115559948024748018746699074199568713083863258361816406250000000000000000000000000000000000
0.0000348119323210842223823534291593517764340504072606563568115234375000000000000000000000000000000000
0.0000061069691864287858285779801714721060079682501964271068572998046875000000000000000000000000000000
0.0000347616810648028156239923436299221748413401655852794647216796875000000000000000000000000000000000
0.0000348116772385650283185183628820169587925192900002002716064453125000000000000000000000000000000000
0.0000347611695917500617314561950355056296757538802921772003173828125000000000000000000000000000000000
0.0000061069691864287858285779801714721060079682501964271068572998046875000000000000000000000000000000
0.0000347614272705791687331604300492671200117911212146282196044921875000000000000000000000000000000000
0.0000348118054239723989369374723690242490192758850753307342529296875000000000000000000000000000000000
0.0000348118054239723989369374723690242490192758850753307342529296875000000000000000000000000000000000
0.0000348119323210842223823534291593517764340504072606563568115234375000000000000000000000000000000000
0.0000348118054239723989369374723690242490192758850753307342529296875000000000000000000000000000000000
0.0000347862952198907651106367378002204304721090011298656463623046875000000000000000000000000000000000
0.0000347864247133125014939218633269746305813896469771862030029296875000000000000000000000000000000000
0.0001063978859278540990956213319051926191605161875486373901367187500000000000000000000000000000000000
0.0001064231410494165253055598441278561949729919433593750000000000000000000000000000000000000000000000
0.0000347865528987198721123409728139819208081462420523166656494140625000000000000000000000000000000000
0.0001063981436066832196498527229877595345897134393453598022460937500000000000000000000000000000000000
0.0000064082134280859424124471464268015807874689926393330097198486328125000000000000000000000000000000
0.0001064232692348238959239789536148634851997485384345054626464843750000000000000000000000000000000000
0.0000348118054239723989369374723690242490192758850753307342529296875000000000000000000000000000000000
0.0000347864221170025885560526945905479578868835233151912689208984375000000000000000000000000000000000
0.0000348119323210842223823534291593517764340504072606563568115234375000000000000000000000000000000000
0.0000348119323210842223823534291593517764340504072606563568115234375000000000000000000000000000000000
0.0000347609158172452266562235667635150093701668083667755126953125000000000000000000000000000000000000
0.0000348116772385650283185183628820169587925192900002002716064453125000000000000000000000000000000000
0.0000347868066929435190031728863946369756376952864229679107666015625000000000000000000000000000000000
0.0000348118054239723989369374723690242490192758850753307342529296875000000000000000000000000000000000
0.0000061069691864287858285779801714721060079682501964271068572998046875000000000000000000000000000000
0.0000347360439636093583522756522707908288793987594544887542724609375000000000000000000000000000000000
0.0000348116772385650283185183628820169587925192900002002716064453125000000000000000000000000000000000
0.0000348119323210842223823534291593517764340504072606563568115234375000000000000000000000000000000000
0.0001064232692348238959239789536148634851997485384345054626464843750000000000000000000000000000000000
0.0000347614272705791687331604300492671200117911212146282196044921875000000000000000000000000000000000
0.0001064233961319357329219220664739964377076830714941024780273437500000000000000000000000000000000000
0.0000347868066929435190031728863946369756376952864229679107666015625000000000000000000000000000000000
0.0000348116772385650283185183628820169587925192900002002716064453125000000000000000000000000000000000
0.0000348118054239723989369374723690242490192758850753307342529296875000000000000000000000000000000000
0.0000348119323210842223823534291593517764340504072606563568115234375000000000000000000000000000000000
0.0000348118054239723989369374723690242490192758850753307342529296875000000000000000000000000000000000
0.0000061069691864287858285779801714721060079682501964271068572998046875000000000000000000000000000000
0.0000348119323210842223823534291593517764340504072606563568115234375000000000000000000000000000000000
0.0000061333684553639785636100674459658677051265840418636798858642578125000000000000000000000000000000
0.0000061069691864287858285779801714721060079682501964271068572998046875000000000000000000000000000000
0.0000348118054239723989369374723690242490192758850753307342529296875000000000000000000000000000000000
0.0000061378534517083507292592968462852098809889866970479488372802734375000000000000000000000000000000
0.0000347614259822836147838936993181846446532290428876876831054687500000000000000000000000000000000000
0.0000061378534517083507292592968462852098809889866970479488372802734375000000000000000000000000000000
0.0000061069691864287858285779801714721060079682501964271068572998046875000000000000000000000000000000
0.0000061069691864287858285779801714721060079682501964271068572998046875000000000000000000000000000000
0.0000348118054239723989369374723690242490192758850753307342529296875000000000000000000000000000000000
0.0000348118054239723989369374723690242490192758850753307342529296875000000000000000000000000000000000
0.0000348116772385650283185183628820169587925192900002002716064453125000000000000000000000000000000000
0.0000347614259822836147838936993181846446532290428876876831054687500000000000000000000000000000000000
0.0000348116772385650283185183628820169587925192900002002716064453125000000000000000000000000000000000
0.0001064233961319357329219220664739964377076830714941024780273437500000000000000000000000000000000000
0.0000061069691864287858285779801714721060079682501964271068572998046875000000000000000000000000000000
0.0000348118054239723989369374723690242490192758850753307342529296875000000000000000000000000000000000
0.0000061944451159688674186628090656547840353596257045865058898925781250000000000000000000000000000000
0.0000347865516104243181630742420828994454495841637253761291503906250000000000000000000000000000000000
0.0000348118054239723989369374723690242490192758850753307342529296875000000000000000000000000000000000
0.0001064232692348238959239789536148634851997485384345054626464843750000000000000000000000000000000000
0.0001064231410494165253055598441278561949729919433593750000000000000000000000000000000000000000000000
0.0000347352682104664015473420579649399542176979593932628631591796875000000000000000000000000000000000
0.0000061716479285375166522983371442112598970197723247110843658447265625000000000000000000000000000000
0.0000347862952198907651106367378002204304721090011298656463623046875000000000000000000000000000000000
0.0000061378534517083507292592968462852098809889866970479488372802734375000000000000000000000000000000
0.0000348119323210842223823534291593517764340504072606563568115234375000000000000000000000000000000000
0.0000348118054239723989369374723690242490192758850753307342529296875000000000000000000000000000000000
0.0000347611695917500617314561950355056296757538802921772003173828125000000000000000000000000000000000
0.0000347866797958316955577569296043094482229207642376422882080078125000000000000000000000000000000000
0.0001064232692348238959239789536148634851997485384345054626464843750000000000000000000000000000000000
0.0001064232692348238959239789536148634851997485384345054626464843750000000000000000000000000000000000
0.0000348118054239723989369374723690242490192758850753307342529296875000000000000000000000000000000000
0.0000348118054239723989369374723690242490192758850753307342529296875000000000000000000000000000000000
