0.0000044981731232931263366001811698779988546448294073343276977539062500000000000000000000000000000000
0.0000044974765989496176933973292655366549297468736767768859863281250000000000000000000000000000000000
0.0000044751061115455480630596039881563541484865709207952022552490234375000000000000000000000000000000
0.0000087147746006214631565162109794187017541844397783279418945312500000000000000000000000000000000000
0.0000044718355733085921892744525607543693013212759979069232940673828125000000000000000000000000000000
0.0000044970051982659733254819346692787718211548053659498691558837890625000000000000000000000000000000
0.0000044749792144337263117095417064295048703570500947535037994384765625000000000000000000000000000000
0.0000045342117668950879274506089722240886885629151947796344757080078125000000000000000000000000000000
0.0000044720958882897185563158257148863583552156342193484306335449218750000000000000000000000000000000
0.0000044723509708089134671838392465215150650692521594464778900146484375000000000000000000000000000000
0.0000045088820497409739802407296904718236874032299965620040893554687500000000000000000000000000000000
0.0000044974765989496176933973292655366549297468736767768859863281250000000000000000000000000000000000
0.0000046010428220380497635008144874380064948127255775034427642822265625000000000000000000000000000000
0.0012164442788198317080966548431320006784517318010330200195312500000000000000000000000000000000000000
0.0000044981731232931263366001811698779988546448294073343276977539062500000000000000000000000000000000
0.0000078593889626207523988778158585688515813671983778476715087890625000000000000000000000000000000000
0.0000045627396479511585911299255402528984859600313939154148101806640625000000000000000000000000000000
0.0000044723509708089134671838392465215150650692521594464778900146484375000000000000000000000000000000
0.0000059624675210128133927690689819467451115997391752898693084716796875000000000000000000000000000000
0.0000044974765989496176933973292655366549297468736767768859863281250000000000000000000000000000000000
0.0000044722240736970917158337769647946657869397313334047794342041015625000000000000000000000000000000
0.0000231955615195249158016436302753859877157083246856927871704101562500000000000000000000000000000000
0.0000044974765989496176933973292655366549297468736767768859863281250000000000000000000000000000000000
0.0000045145414453659987331760918005674199093846254982054233551025390625000000000000000000000000000000
0.0000060705487162803558888165070261955236219364451244473457336425781250000000000000000000000000000000
0.0000316230505054444839432674363433051212268765084445476531982421875000000000000000000000000000000000
0.0000044974765989496176933973292655366549297468736767768859863281250000000000000000000000000000000000
0.0000045053021346872827398478966731687478386447764933109283447265625000000000000000000000000000000000
0.0000059112427759806076001353018767314750903096864931285381317138671875000000000000000000000000000000
0.0000044974765989496176933973292655366549297468736767768859863281250000000000000000000000000000000000
0.0000044974765989496176933973292655366549297468736767768859863281250000000000000000000000000000000000
0.0000235383755717052297056109122497247199135017581284046173095703125000000000000000000000000000000000
0.0000044981731232931263366001811698779988546448294073343276977539062500000000000000000000000000000000
0.0000044974765989496176933973292655366549297468736767768859863281250000000000000000000000000000000000
0.0000063426955812449206575237559135871379112359136343002319335937500000000000000000000000000000000000
0.0000044974765989496176933973292655366549297468736767768859863281250000000000000000000000000000000000
0.0000044974765989496176933973292655366549297468736767768859863281250000000000000000000000000000000000
0.0000045521130746559649693071952780698552487592678517103195190429687500000000000000000000000000000000
0.0000044981731232931263366001811698779988546448294073343276977539062500000000000000000000000000000000
0.0000044974765989496176933973292655366549297468736767768859863281250000000000000000000000000000000000
0.0000049892461346395144050278047664903624536236748099327087402343750000000000000000000000000000000000
0.0000239503650823227098366242915350454723011353053152561187744140625000000000000000000000000000000000
0.0000044974765989496176933973292655366549297468736767768859863281250000000000000000000000000000000000
0.0000044974765989496176933973292655366549297468736767768859863281250000000000000000000000000000000000
0.0000044981731232931263366001811698779988546448294073343276977539062500000000000000000000000000000000
0.0000044974765989496176933973292655366549297468736767768859863281250000000000000000000000000000000000
0.0000234996760510817506684925343174441536575614009052515029907226562500000000000000000000000000000000
0.0000046081969110037520405594169137231119748321361839771270751953125000000000000000000000000000000000
0.0000044722240736970917158337769647946657869397313334047794342041015625000000000000000000000000000000
0.0000045808239900802413712885795271656519389580353163182735443115234375000000000000000000000000000000
0.0000044723509708089134671838392465215150650692521594464778900146484375000000000000000000000000000000
0.0000044723509708089134671838392465215150650692521594464778900146484375000000000000000000000000000000
0.0000045104484422066034180810213671808384106043376959860324859619140625000000000000000000000000000000
0.0000044723509708089134671838392465215150650692521594464778900146484375000000000000000000000000000000
0.0000045091842836225071847514565825942867149933590553700923919677734375000000000000000000000000000000
0.0000044974765989496176933973292655366549297468736767768859863281250000000000000000000000000000000000
0.0011119186392554399663706865553081115649547427892684936523437500000000000000000000000000000000000000
0.0000067586357472439574992084665439051605062559247016906738281250000000000000000000000000000000000000
0.0000045125750349761720842632628514223824822693131864070892333984375000000000000000000000000000000000
0.0000045072279397589716322977508589087136670059408061206340789794921875000000000000000000000000000000
0.0000253680944166562408084546198505648817445035092532634735107421875000000000000000000000000000000000
0.0000044722240736970917158337769647946657869397313334047794342041015625000000000000000000000000000000
0.0000048673629618864258864342590971130420030021923594176769256591796875000000000000000000000000000000
0.0000044748510290263531521915904565211974386329529806971549987792968750000000000000000000000000000000
0.0000044974765989496176933973292655366549297468736767768859863281250000000000000000000000000000000000
0.0000044722240736970917158337769647946657869397313334047794342041015625000000000000000000000000000000
0.0000044981731232931263366001811698779988546448294073343276977539062500000000000000000000000000000000
0.0000045555877062545293060724822808982281685530324466526508331298828125000000000000000000000000000000
0.0000299749145521571544621957511322918321639008354395627975463867187500000000000000000000000000000000
0.0000056340257327198292798021983518452771022566594183444976806640625000000000000000000000000000000000
0.0000062880881855477336513375770377098916696922970004379749298095703125000000000000000000000000000000
0.0000044720958882897185563158257148863583552156342193484306335449218750000000000000000000000000000000
0.0000044749792144337263117095417064295048703570500947535037994384765625000000000000000000000000000000
0.0000044824327706039494533516755192525948814363800920546054840087890625000000000000000000000000000000
0.0000044981731232931263366001811698779988546448294073343276977539062500000000000000000000000000000000
0.0000044981731232931263366001811698779988546448294073343276977539062500000000000000000000000000000000
0.0000044723509708089134671838392465215150650692521594464778900146484375000000000000000000000000000000
0.0000044974765989496176933973292655366549297468736767768859863281250000000000000000000000000000000000
0.0000218580569534243813036109710390419991199451033025979995727539062500000000000000000000000000000000
0.0000044981731232931263366001811698779988546448294073343276977539062500000000000000000000000000000000
0.0000044974765989496176933973292655366549297468736767768859863281250000000000000000000000000000000000
0.0000044981731232931263366001811698779988546448294073343276977539062500000000000000000000000000000000
0.0000224195429141247254455418524976550997962476685643196105957031250000000000000000000000000000000000
0.0000045176354724918318895784952182737015391467139124870300292968750000000000000000000000000000000000
0.0000064717437088909388585855619879794176085852086544036865234375000000000000000000000000000000000000
0.0000044974765989496176933973292655366549297468736767768859863281250000000000000000000000000000000000
0.0000044723509708089134671838392465215150650692521594464778900146484375000000000000000000000000000000
0.0000045130764814160259065832850322586011770908953621983528137207031250000000000000000000000000000000
0.0000045059256322464943627487642119344712909878580830991268157958984375000000000000000000000000000000
0.0000052429529703442205322062343031408460092279710806906223297119140625000000000000000000000000000000
0.0000044974765989496176933973292655366549297468736767768859863281250000000000000000000000000000000000
0.0000044720958882897185563158257148863583552156342193484306335449218750000000000000000000000000000000
0.0000044881914923360828966977277565408854798079119063913822174072265625000000000000000000000000000000
0.0012164440237373125817954555571986929862760007381439208984375000000000000000000000000000000000000000
0.0000044720958882897185563158257148863583552156342193484306335449218750000000000000000000000000000000
0.0000044740040803527767723692804002766365556453820317983627319335937500000000000000000000000000000000
0.0000045043025375161696010890659269687574806084739975631237030029296875000000000000000000000000000000
0.0000126665786349848928383490451188286840533692156895995140075683593750000000000000000000000000000000
0.0000235387640720937292321702366537650163991202134639024734497070312500000000000000000000000000000000
0.0000047580925473551215142370245103631276606392930261790752410888671875000000000000000000000000000000
0.0000046061891295574161815130909136684067561873234808444976806640625000000000000000000000000000000000
0.0000049549139702855952088018584578144043462089030072093009948730468750000000000000000000000000000000
0.0000045104484422066034180810213671808384106043376959860324859619140625000000000000000000000000000000
0.0000044974765989496176933973292655366549297468736767768859863281250000000000000000000000000000000000
0.0000044974765989496176933973292655366549297468736767768859863281250000000000000000000000000000000000
0.0000045114315489103268513697286845598455329309217631816864013671875000000000000000000000000000000000
0.0000044974765989496176933973292655366549297468736767768859863281250000000000000000000000000000000000
0.0000118063097811703490757143097944492637907387688755989074707031250000000000000000000000000000000000
0.0000044830774456992169454245221460464421170399873517453670501708984375000000000000000000000000000000
0.0000045053021346872827398478966731687478386447764933109283447265625000000000000000000000000000000000
0.0000065284324768505274901638640860923601394461002200841903686523437500000000000000000000000000000000
0.0000045582775725170352685818378479787327250960515812039375305175781250000000000000000000000000000000
0.0000044853581728467506375274131968922119995113462209701538085937500000000000000000000000000000000000
0.0000044917604305306226846372825989295307635984499938786029815673828125000000000000000000000000000000
0.0012164188993974674526943324792682687984779477119445800781250000000000000000000000000000000000000000
0.0000049032788237278444751438347126715200374746927991509437561035156250000000000000000000000000000000
0.0000044974765989496176933973292655366549297468736767768859863281250000000000000000000000000000000000
0.0000058437763971507859406978070693217119924156577326357364654541015625000000000000000000000000000000
0.0000044981731232931263366001811698779988546448294073343276977539062500000000000000000000000000000000
0.0000045078939083089671223847534620166044305733521468937397003173828125000000000000000000000000000000
0.0000044974765989496176933973292655366549297468736767768859863281250000000000000000000000000000000000
0.0000053806688998904907619423750031462105880564195103943347930908203125000000000000000000000000000000
0.0000044974765989496176933973292655366549297468736767768859863281250000000000000000000000000000000000
0.0000045607721580007145074507797499752115299997967667877674102783203125000000000000000000000000000000
0.0000044722240736970917158337769647946657869397313334047794342041015625000000000000000000000000000000
0.0000045481880306817809673180195983999141162712476216256618499755859375000000000000000000000000000000
0.0000045104484422066034180810213671808384106043376959860324859619140625000000000000000000000000000000
0.0000044974765989496176933973292655366549297468736767768859863281250000000000000000000000000000000000
0.0000238142749144768332283331885301791430720186326652765274047851562500000000000000000000000000000000
0.0000044796996292189460484685012420236205343826441094279289245605468750000000000000000000000000000000
0.0000609970687791953981361260661575585118043818511068820953369140625000000000000000000000000000000000
0.0000044974765989496176933973292655366549297468736767768859863281250000000000000000000000000000000000
0.0006520608782395259043346280591890717914793640375137329101562500000000000000000000000000000000000000
0.0000045053021346872827398478966731687478386447764933109283447265625000000000000000000000000000000000
0.0000044800251463445940098987221866799757208355003967881202697753906250000000000000000000000000000000
0.0000044887978117604466064718797546628792360934312455356121063232421875000000000000000000000000000000
0.0000048654601855499625404142920170880159957960131578147411346435546875000000000000000000000000000000
0.0000044974765989496176933973292655366549297468736767768859863281250000000000000000000000000000000000
0.0000044748510290263531521915904565211974386329529806971549987792968750000000000000000000000000000000
0.0000044737464015236697706650453865151462196081411093473434448242187500000000000000000000000000000000
0.0000045248652784354114785090976436077170319549622945487499237060546875000000000000000000000000000000
0.0000249758560406146153771381884789448690753488335758447647094726562500000000000000000000000000000000
0.0000044723509708089134671838392465215150650692521594464778900146484375000000000000000000000000000000
0.0000045718771450240716246096045471958291273040231317281723022460937500000000000000000000000000000000
0.0000045072279397589716322977508589087136670059408061206340789794921875000000000000000000000000000000
0.0000044722240736970917158337769647946657869397313334047794342041015625000000000000000000000000000000
0.0000060748316137705967571441129093656741133600007742643356323242187500000000000000000000000000000000
0.0000044723509708089134671838392465215150650692521594464778900146484375000000000000000000000000000000
0.0000045224924648835410046724542221241449624358210712671279907226562500000000000000000000000000000000
0.0000048339844808732488655521157550065680652551236562430858612060546875000000000000000000000000000000
0.0000044766212484694362943216279504543564371488173492252826690673828125000000000000000000000000000000
0.0000051355729314006226212709071976547647864208556711673736572265625000000000000000000000000000000000
0.0000045072279397589716322977508589087136670059408061206340789794921875000000000000000000000000000000
0.0000044974765989496176933973292655366549297468736767768859863281250000000000000000000000000000000000
0.0011119182546794992121064193923984930734150111675262451171875000000000000000000000000000000000000000
0.0000045421352806109294660322737990920671791172935627400875091552734375000000000000000000000000000000
0.0000045360576414586942223380536254317973998695379123091697692871093750000000000000000000000000000000
0.0000047361961510330501465152255868851227660343283787369728088378906250000000000000000000000000000000
0.0000068023706393935325521110657476242522534448653459548950195312500000000000000000000000000000000000
0.0000044981731232931263366001811698779988546448294073343276977539062500000000000000000000000000000000
0.0000044723509708089134671838392465215150650692521594464778900146484375000000000000000000000000000000
0.0000044720958882897185563158257148863583552156342193484306335449218750000000000000000000000000000000
0.0000044974765989496176933973292655366549297468736767768859863281250000000000000000000000000000000000
0.0000047939305738520209202303649920207107015812653116881847381591796875000000000000000000000000000000
0.0000115015259266088194778365760839733411557972431182861328125000000000000000000000000000000000000000
0.0000044974765989496176933973292655366549297468736767768859863281250000000000000000000000000000000000
0.0000044751061115455480630596039881563541484865709207952022552490234375000000000000000000000000000000
0.0000045053021346872827398478966731687478386447764933109283447265625000000000000000000000000000000000
0.0000044974765989496176933973292655366549297468736767768859863281250000000000000000000000000000000000
0.0000044722240736970917158337769647946657869397313334047794342041015625000000000000000000000000000000
0.0000045043025375161696010890659269687574806084739975631237030029296875000000000000000000000000000000
0.0000185951718349973562716473396427829811727860942482948303222656250000000000000000000000000000000000
0.0000045072279397589716322977508589087136670059408061206340789794921875000000000000000000000000000000
0.0000044974765989496176933973292655366549297468736767768859863281250000000000000000000000000000000000
0.0000044974765989496176933973292655366549297468736767768859863281250000000000000000000000000000000000
0.0000089845936578338078947218378611516698128980351611971855163574218750000000000000000000000000000000
0.0000044974765989496176933973292655366549297468736767768859863281250000000000000000000000000000000000
0.0000045129382997383507195423082980489937199308769777417182922363281250000000000000000000000000000000
0.0000139340130765880986998686910660616433688119286671280860900878906250000000000000000000000000000000
0.0000044943644077443724123483749510743479049779125489294528961181640625000000000000000000000000000000
0.0000044740226292333716497269524570157273046788759529590606689453125000000000000000000000000000000000
0.0000044974765989496176933973292655366549297468736767768859863281250000000000000000000000000000000000
0.0000195104715676985367405881638402931343989621382206678390502929687500000000000000000000000000000000
0.0000045125750349761720842632628514223824822693131864070892333984375000000000000000000000000000000000
0.0000264821078108444650132339420744997937617881689220666885375976562500000000000000000000000000000000
0.0000045204990403381974635259842043577549475230625830590724945068359375000000000000000000000000000000
0.0000044981731232931263366001811698779988546448294073343276977539062500000000000000000000000000000000
0.0000044720958882897185563158257148863583552156342193484306335449218750000000000000000000000000000000
0.0000044720958882897185563158257148863583552156342193484306335449218750000000000000000000000000000000
0.0000045104484422066034180810213671808384106043376959860324859619140625000000000000000000000000000000
0.0000248409305299139931640962919434656441808328963816165924072265625000000000000000000000000000000000
0.0000045072279397589716322977508589087136670059408061206340789794921875000000000000000000000000000000
0.0000044874407442856169744827520007302013027583598159253597259521484375000000000000000000000000000000
0.0000045716549911650618305959496712187473121957737021148204803466796875000000000000000000000000000000
0.0011119181277823872531357318749201112950686365365982055664062500000000000000000000000000000000000000
0.0000233090534780001517906489888476428973262954968959093093872070312500000000000000000000000000000000
0.0000044722240736970917158337769647946657869397313334047794342041015625000000000000000000000000000000
0.0000044722240736970917158337769647946657869397313334047794342041015625000000000000000000000000000000
0.0000044974765989496176933973292655366549297468736767768859863281250000000000000000000000000000000000
0.0000044753480594761486748272422131478265328041743487119674682617187500000000000000000000000000000000
