0.0000044998299883907206649850778201749079698856803588569164276123046875000000000000000000000000000000
0.0000044974765989496176933973292655366549297468736767768859863281250000000000000000000000000000000000
0.0000402115398707159676168661210926558169376221485435962677001953125000000000000000000000000000000000
0.0000401864142425752642376855783279410161412670277059078216552734375000000000000000000000000000000000
0.0000402110244732156480330226289154893493105191737413406372070312500000000000000000000000000000000000
0.0000402111552947750439460095073229695117333903908729553222656250000000000000000000000000000000000000
0.0000402114129736041441714501643023282895228476263582706451416015625000000000000000000000000000000000
0.0000402115398707159676168661210926558169376221485435962677001953125000000000000000000000000000000000
0.0000402112847881967735530310548153209992960910312831401824951171875000000000000000000000000000000000
0.0000402115398707159676168661210926558169376221485435962677001953125000000000000000000000000000000000
0.0000402110244732156480330226289154893493105191737413406372070312500000000000000000000000000000000000
0.0000044974765989496176933973292655366549297468736767768859863281250000000000000000000000000000000000
0.0000045698453075490501291760700453004062637774040922522544860839843750000000000000000000000000000000
0.0001725942466238258616185313742974472006608266383409500122070312500000000000000000000000000000000000
0.0000044998299883907206649850778201749079698856803588569164276123046875000000000000000000000000000000
0.0001726192440665591943792928075751547112304251641035079956054687500000000000000000000000000000000000
0.0001726443696946999113110005064086749371199402958154678344726562500000000000000000000000000000000000
0.0001726446247772190918223084166172043296683114022016525268554687500000000000000000000000000000000000
0.0000401861604483516308993808208160913864048779942095279693603515625000000000000000000000000000000000
0.0000044974765989496176933973292655366549297468736767768859863281250000000000000000000000000000000000
0.0000402114129736041441714501643023282895228476263582706451416015625000000000000000000000000000000000
0.0000401861591600560769501140900850089110463159158825874328613281250000000000000000000000000000000000
0.0000044974765989496176933973292655366549297468736767768859863281250000000000000000000000000000000000
0.0000045657248927422628610750011957097882486777962185442447662353515625000000000000000000000000000000
0.0000401861604483516308993808208160913864048779942095279693603515625000000000000000000000000000000000
0.0000401860322629442535046981332946813836315413936972618103027343750000000000000000000000000000000000
0.0000044974765989496176933973292655366549297468736767768859863281250000000000000000000000000000000000
0.0000045149648820508222471156734023622902896022424101829528808593750000000000000000000000000000000000
0.0001726194991490783748906007177836841037787962704896926879882812500000000000000000000000000000000000
0.0000044974765989496176933973292655366549297468736767768859863281250000000000000000000000000000000000
0.0000044974765989496176933973292655366549297468736767768859863281250000000000000000000000000000000000
0.0001726188568544662386376048468505928212834987789392471313476562500000000000000000000000000000000000
0.0000044998299883907206649850778201749079698856803588569164276123046875000000000000000000000000000000
0.0000044974765989496176933973292655366549297468736767768859863281250000000000000000000000000000000000
0.0000402114129736041441714501643023282895228476263582706451416015625000000000000000000000000000000000
0.0000044974765989496176933973292655366549297468736767768859863281250000000000000000000000000000000000
0.0000044974765989496176933973292655366549297468736767768859863281250000000000000000000000000000000000
0.0000402115398707159676168661210926558169376221485435962677001953125000000000000000000000000000000000
0.0000044998299883907206649850778201749079698856803588569164276123046875000000000000000000000000000000
0.0000044974765989496176933973292655366549297468736767768859863281250000000000000000000000000000000000
0.0000401861604483516308993808208160913864048779942095279693603515625000000000000000000000000000000000
0.0000401858988450749446538420861507745485141640529036521911621093750000000000000000000000000000000000
0.0000044974765989496176933973292655366549297468736767768859863281250000000000000000000000000000000000
0.0000044974765989496176933973292655366549297468736767768859863281250000000000000000000000000000000000
0.0000044998299883907206649850778201749079698856803588569164276123046875000000000000000000000000000000
0.0000044974765989496176933973292655366549297468736767768859863281250000000000000000000000000000000000
0.0001726188594906182774846997718398711185727734118700027465820312500000000000000000000000000000000000
0.0001726444978801072683768924598268768022535368800163269042968750000000000000000000000000000000000000
0.0000402114129736041441714501643023282895228476263582706451416015625000000000000000000000000000000000
0.0000402112847881967735530310548153209992960910312831401824951171875000000000000000000000000000000000
0.0000402115398707159676168661210926558169376221485435962677001953125000000000000000000000000000000000
0.0000402115398707159676168661210926558169376221485435962677001953125000000000000000000000000000000000
0.0000045364059814025912466001894118861059723712969571352005004882812500000000000000000000000000000000
0.0000402115398707159676168661210926558169376221485435962677001953125000000000000000000000000000000000
0.0000402114129736041441714501643023282895228476263582706451416015625000000000000000000000000000000000
0.0000044974765989496176933973292655366549297468736767768859863281250000000000000000000000000000000000
0.0000401612886144345608585050355632262153449119068682193756103515625000000000000000000000000000000000
0.0000402114129736041441714501643023282895228476263582706451416015625000000000000000000000000000000000
0.0000045556909052940591342128334728656113838951569050550460815429687500000000000000000000000000000000
0.0000045111262577081650228445243444586054692990728653967380523681640625000000000000000000000000000000
0.0000401861591600560769501140900850089110463159158825874328613281250000000000000000000000000000000000
0.0001726444978801072683768924598268768022535368800163269042968750000000000000000000000000000000000000
0.0000401861604483516308993808208160913864048779942095279693603515625000000000000000000000000000000000
0.0001726443696946999113110005064086749371199402958154678344726562500000000000000000000000000000000000
0.0000044974765989496176933973292655366549297468736767768859863281250000000000000000000000000000000000
0.0000402114129736041441714501643023282895228476263582706451416015625000000000000000000000000000000000
0.0000044998299883907206649850778201749079698856803588569164276123046875000000000000000000000000000000
0.0000402115398707159676168661210926558169376221485435962677001953125000000000000000000000000000000000
0.0000401862873454634543447967776064189138196525163948535919189453125000000000000000000000000000000000
0.0000401861604483516308993808208160913864048779942095279693603515625000000000000000000000000000000000
0.0000401860322629442535046981332946813836315413936972618103027343750000000000000000000000000000000000
0.0000402112847881967735530310548153209992960910312831401824951171875000000000000000000000000000000000
0.0000402114129736041441714501643023282895228476263582706451416015625000000000000000000000000000000000
0.0000402112847881967735530310548153209992960910312831401824951171875000000000000000000000000000000000
0.0000044998299883907206649850778201749079698856803588569164276123046875000000000000000000000000000000
0.0000044998299883907206649850778201749079698856803588569164276123046875000000000000000000000000000000
0.0001726446247772190918223084166172043296683114022016525268554687500000000000000000000000000000000000
0.0000044974765989496176933973292655366549297468736767768859863281250000000000000000000000000000000000
0.0000401861604483516308993808208160913864048779942095279693603515625000000000000000000000000000000000
0.0000044998299883907206649850778201749079698856803588569164276123046875000000000000000000000000000000
0.0000044974765989496176933973292655366549297468736767768859863281250000000000000000000000000000000000
0.0000044998299883907206649850778201749079698856803588569164276123046875000000000000000000000000000000
0.0000401864142425752642376855783279410161412670277059078216552734375000000000000000000000000000000000
0.0000402114129736041441714501643023282895228476263582706451416015625000000000000000000000000000000000
0.0000401861591600560769501140900850089110463159158825874328613281250000000000000000000000000000000000
0.0000044974765989496176933973292655366549297468736767768859863281250000000000000000000000000000000000
0.0000402115398707159676168661210926558169376221485435962677001953125000000000000000000000000000000000
0.0000402114129736041441714501643023282895228476263582706451416015625000000000000000000000000000000000
0.0000402110244732156480330226289154893493105191737413406372070312500000000000000000000000000000000000
0.0000401862873454634543447967776064189138196525163948535919189453125000000000000000000000000000000000
0.0000044974765989496176933973292655366549297468736767768859863281250000000000000000000000000000000000
0.0000402112847881967735530310548153209992960910312831401824951171875000000000000000000000000000000000
0.0000402112847881967735530310548153209992960910312831401824951171875000000000000000000000000000000000
0.0000401609066348035501255175905299665828351862728595733642578125000000000000000000000000000000000000
0.0000402112847881967735530310548153209992960910312831401824951171875000000000000000000000000000000000
0.0000402114129736041441714501643023282895228476263582706451416015625000000000000000000000000000000000
0.0000045202260302138479958829371530004692658621934242546558380126953125000000000000000000000000000000
0.0000401861591600560769501140900850089110463159158825874328613281250000000000000000000000000000000000
0.0001726192453548547279997688042030290489492472261190414428710937500000000000000000000000000000000000
0.0000402111552947750439460095073229695117333903908729553222656250000000000000000000000000000000000000
0.0000045912864069007716948155398140052341204864205792546272277832031250000000000000000000000000000000
0.0000049237053639237123478749995342251821739409933798015117645263671875000000000000000000000000000000
0.0000045364059814025912466001894118861059723712969571352005004882812500000000000000000000000000000000
0.0000044974765989496176933973292655366549297468736767768859863281250000000000000000000000000000000000
0.0000044974765989496176933973292655366549297468736767768859863281250000000000000000000000000000000000
0.0000045353609238739495780135327351878515855787554755806922912597656250000000000000000000000000000000
0.0000044974765989496176933973292655366549297468736767768859863281250000000000000000000000000000000000
0.0000401861591600560769501140900850089110463159158825874328613281250000000000000000000000000000000000
0.0000402115398707159676168661210926558169376221485435962677001953125000000000000000000000000000000000
0.0000045149648820508222471156734023622902896022424101829528808593750000000000000000000000000000000000
0.0000401862873454634543447967776064189138196525163948535919189453125000000000000000000000000000000000
0.0000047668676356212584977346119474717056618828792124986648559570312500000000000000000000000000000000
0.0001726443696946999113110005064086749371199402958154678344726562500000000000000000000000000000000000
0.0000402115398707159676168661210926558169376221485435962677001953125000000000000000000000000000000000
0.0000401357822949584006956037784963342573973932303488254547119140625000000000000000000000000000000000
0.0000401864142425752642376855783279410161412670277059078216552734375000000000000000000000000000000000
0.0000044974765989496176933973292655366549297468736767768859863281250000000000000000000000000000000000
0.0000401861591600560769501140900850089110463159158825874328613281250000000000000000000000000000000000
0.0000044998299883907206649850778201749079698856803588569164276123046875000000000000000000000000000000
0.0001726446247772190918223084166172043296683114022016525268554687500000000000000000000000000000000000
0.0000044974765989496176933973292655366549297468736767768859863281250000000000000000000000000000000000
0.0000401860322629442535046981332946813836315413936972618103027343750000000000000000000000000000000000
0.0000044974765989496176933973292655366549297468736767768859863281250000000000000000000000000000000000
0.0001726444978801072683768924598268768022535368800163269042968750000000000000000000000000000000000000
0.0000402114129736041441714501643023282895228476263582706451416015625000000000000000000000000000000000
0.0000046436114781614760545712904116211205973741016350686550140380859375000000000000000000000000000000
0.0000045364059814025912466001894118861059723712969571352005004882812500000000000000000000000000000000
0.0000044974765989496176933973292655366549297468736767768859863281250000000000000000000000000000000000
0.0000401864142425752642376855783279410161412670277059078216552734375000000000000000000000000000000000
0.0000402112847881967735530310548153209992960910312831401824951171875000000000000000000000000000000000
0.0000401607771413818137422324650032123827259056270122528076171875000000000000000000000000000000000000
0.0000044974765989496176933973292655366549297468736767768859863281250000000000000000000000000000000000
0.0000401610348202109275202002780513765856085228733718395233154296875000000000000000000000000000000000
0.0000045149648820508222471156734023622902896022424101829528808593750000000000000000000000000000000000
0.0000402114129736041441714501643023282895228476263582706451416015625000000000000000000000000000000000
0.0000402115398707159676168661210926558169376221485435962677001953125000000000000000000000000000000000
0.0000402114129736041441714501643023282895228476263582706451416015625000000000000000000000000000000000
0.0000044974765989496176933973292655366549297468736767768859863281250000000000000000000000000000000000
0.0000402112847881967735530310548153209992960910312831401824951171875000000000000000000000000000000000
0.0000402111552947750439460095073229695117333903908729553222656250000000000000000000000000000000000000
0.0001726443696946999113110005064086749371199402958154678344726562500000000000000000000000000000000000
0.0000401861604483516308993808208160913864048779942095279693603515625000000000000000000000000000000000
0.0000402115398707159676168661210926558169376221485435962677001953125000000000000000000000000000000000
0.0000048204100563749650691387077516836257018439937382936477661132812500000000000000000000000000000000
0.0000045111262577081650228445243444586054692990728653967380523681640625000000000000000000000000000000
0.0000402114129736041441714501643023282895228476263582706451416015625000000000000000000000000000000000
0.0000402115398707159676168661210926558169376221485435962677001953125000000000000000000000000000000000
0.0000402115398707159676168661210926558169376221485435962677001953125000000000000000000000000000000000
0.0000402115398707159676168661210926558169376221485435962677001953125000000000000000000000000000000000
0.0000401859040775368828862790238076740934047847986221313476562500000000000000000000000000000000000000
0.0000402112847881967735530310548153209992960910312831401824951171875000000000000000000000000000000000
0.0001726446247772190918223084166172043296683114022016525268554687500000000000000000000000000000000000
0.0000045111262577081650228445243444586054692990728653967380523681640625000000000000000000000000000000
0.0000044974765989496176933973292655366549297468736767768859863281250000000000000000000000000000000000
0.0000401609040384936371876484217935399101406801491975784301757812500000000000000000000000000000000000
0.0000402112847881967735530310548153209992960910312831401824951171875000000000000000000000000000000000
0.0000402115398707159676168661210926558169376221485435962677001953125000000000000000000000000000000000
0.0000402114129736041441714501643023282895228476263582706451416015625000000000000000000000000000000000
0.0001726192453548547279997688042030290489492472261190414428710937500000000000000000000000000000000000
0.0000044998299883907206649850778201749079698856803588569164276123046875000000000000000000000000000000
0.0000402115398707159676168661210926558169376221485435962677001953125000000000000000000000000000000000
0.0000402112847881967735530310548153209992960910312831401824951171875000000000000000000000000000000000
0.0000044974765989496176933973292655366549297468736767768859863281250000000000000000000000000000000000
0.0000402115398707159676168661210926558169376221485435962677001953125000000000000000000000000000000000
0.0000402114129736041441714501643023282895228476263582706451416015625000000000000000000000000000000000
0.0000044974765989496176933973292655366549297468736767768859863281250000000000000000000000000000000000
0.0000402115398707159676168661210926558169376221485435962677001953125000000000000000000000000000000000
0.0000045149648820508222471156734023622902896022424101829528808593750000000000000000000000000000000000
0.0000044974765989496176933973292655366549297468736767768859863281250000000000000000000000000000000000
0.0000402114129736041441714501643023282895228476263582706451416015625000000000000000000000000000000000
0.0000045202260302138479958829371530004692658621934242546558380126953125000000000000000000000000000000
0.0000401864142425752642376855783279410161412670277059078216552734375000000000000000000000000000000000
0.0000045111262577081650228445243444586054692990728653967380523681640625000000000000000000000000000000
0.0000044974765989496176933973292655366549297468736767768859863281250000000000000000000000000000000000
0.0000044974765989496176933973292655366549297468736767768859863281250000000000000000000000000000000000
0.0000402114129736041441714501643023282895228476263582706451416015625000000000000000000000000000000000
0.0000044974765989496176933973292655366549297468736767768859863281250000000000000000000000000000000000
0.0000402112847881967735530310548153209992960910312831401824951171875000000000000000000000000000000000
0.0000401610335319153735709335473202941102499607950448989868164062500000000000000000000000000000000000
0.0000402112847881967735530310548153209992960910312831401824951171875000000000000000000000000000000000
0.0001726446247772190918223084166172043296683114022016525268554687500000000000000000000000000000000000
0.0000044974765989496176933973292655366549297468736767768859863281250000000000000000000000000000000000
0.0000402114129736041441714501643023282895228476263582706451416015625000000000000000000000000000000000
0.0000045556909052940591342128334728656113838951569050550460815429687500000000000000000000000000000000
0.0000401861591600560769501140900850089110463159158825874328613281250000000000000000000000000000000000
0.0000402114129736041441714501643023282895228476263582706451416015625000000000000000000000000000000000
0.0000044998299883907206649850778201749079698856803588569164276123046875000000000000000000000000000000
0.0001726443696946999113110005064086749371199402958154678344726562500000000000000000000000000000000000
0.0000402112847881967735530310548153209992960910312831401824951171875000000000000000000000000000000000
0.0000045364059814025912466001894118861059723712969571352005004882812500000000000000000000000000000000
0.0000401859027695225171214130077679271835222607478499412536621093750000000000000000000000000000000000
0.0000045111262577081650228445243444586054692990728653967380523681640625000000000000000000000000000000
0.0000402115398707159676168661210926558169376221485435962677001953125000000000000000000000000000000000
0.0000402114129736041441714501643023282895228476263582706451416015625000000000000000000000000000000000
0.0000401607771413818137422324650032123827259056270122528076171875000000000000000000000000000000000000
0.0000401862873454634543447967776064189138196525163948535919189453125000000000000000000000000000000000
0.0001726444978801072683768924598268768022535368800163269042968750000000000000000000000000000000000000
0.0001726444978801072683768924598268768022535368800163269042968750000000000000000000000000000000000000
0.0000044974765989496176933973292655366549297468736767768859863281250000000000000000000000000000000000
0.0000402114129736041441714501643023282895228476263582706451416015625000000000000000000000000000000000
