0.003922795466523602
0.0018133348553219845
0.0018133347284248725
0.0007200165678089252
4.453351127163625e-05
4.288281583916691e-05
4.284356811454378e-05
4.2213049399886244e-05
4.186096515985093e-05
4.146887500303295e-05
3.879457515963062e-05
3.343660932326015e-05
3.338529042021997e-05
1.7199201561720178e-05
1.690099104804547e-05
1.1736927994339273e-05
1.1573471111536778e-05
9.339185301207226e-06
7.620706601520867e-06
7.26617298163636e-06
6.922479654468015e-06
6.783758187512623e-06
6.774453708782427e-06
6.440995815488407e-06
5.983068393145675e-06
5.026636598045271e-06
4.50443884131493e-06
4.4944288513344165e-06
4.122155254817844e-06
3.824962165862392e-06
3.788975496372099e-06
3.784757563857527e-06
3.6922059455972724e-06
3.5586702892187704e-06
3.5495592792448332e-06
3.414558990216528e-06
3.4088881666635645e-06
3.3691591382214657e-06
3.368509325668253e-06
3.3555058211826357e-06
3.3463577014262698e-06
3.333861932301759e-06
3.3307685634424057e-06
3.3296256480425775e-06
3.3277306501809406e-06
3.326280955164485e-06
3.321472223001266e-06
3.320634840920175e-06
3.3079132978423675e-06
3.3076317778177115e-06
3.3066443532959127e-06
3.295715770451863e-06
3.295365101964231e-06
3.294864074676365e-06
3.2944352406258986e-06
3.2920520260955343e-06
3.291873930812413e-06
3.2910948633550498e-06
3.2904811640953687e-06
3.2900319714585378e-06
3.28822194082095e-06
3.2878632136469826e-06
3.2878632136469826e-06
3.2873857846443292e-06
3.285750930485455e-06
3.2835698972433447e-06
3.2821923900941103e-06
3.2821923900941103e-06
3.2821923900941103e-06
3.2821923900941103e-06
3.2795591800779144e-06
3.2795591800779144e-06
3.2795591800779144e-06
3.2795591800779144e-06
3.277214518239194e-06
3.277214518239194e-06
3.2766010935189683e-06
3.2759132358845723e-06
3.2759132358845723e-06
3.2759132358845723e-06
3.2759132358845723e-06
3.2759132358845723e-06
3.2759132358845723e-06
3.273888356525042e-06
3.273888356525042e-06
3.273888356525042e-06
3.273888356525042e-06
3.273888356525042e-06
3.273888356525042e-06
3.272491867301845e-06
3.27111806035633e-06
3.268622714509844e-06
3.2675329775208915e-06
3.2675329775208915e-06
3.2675329775208915e-06
3.2675329775208915e-06
3.2675329775208915e-06
3.2675329775208915e-06
3.2675329775208915e-06
3.2675329775208915e-06
3.2675329775208915e-06
3.2675329775208915e-06
3.2675329775208915e-06
3.2675329775208915e-06
3.2675329775208915e-06
3.2675329775208915e-06
3.2675329775208915e-06
3.2675329775208915e-06
3.266804259402315e-06
3.266804259402315e-06
3.266804259402315e-06
3.266804259402315e-06
3.266804259402315e-06
3.266804259402315e-06
3.266804259402315e-06
3.266804259402315e-06
3.266804259402315e-06
3.266804259402315e-06
3.266804259402315e-06
3.266804259402315e-06
3.266804259402315e-06
3.266804259402315e-06
3.266804259402315e-06
3.266804259402315e-06
3.266804259402315e-06
3.266804259402315e-06
3.266804259402315e-06
3.266804259402315e-06
3.266804259402315e-06
3.266804259402315e-06
3.266804259402315e-06
3.266804259402315e-06
3.266804259402315e-06
3.266804259402315e-06
3.266804259402315e-06
3.266804259402315e-06
3.266804259402315e-06
3.266804259402315e-06
3.266804259402315e-06
3.266804259402315e-06
3.266804259402315e-06
3.266804259402315e-06
3.266804259402315e-06
3.266804259402315e-06
3.266804259402315e-06
3.266804259402315e-06
3.266804259402315e-06
3.266804259402315e-06
3.266804259402315e-06
3.266804259402315e-06
3.266804259402315e-06
3.266804259402315e-06
3.266804259402315e-06
3.266804259402315e-06
3.266804259402315e-06
3.2599950586768426e-06
3.2566167431671282e-06
3.255315460812555e-06
3.253263275341291e-06
3.2520888900984908e-06
3.2518756587687575e-06
3.248170576017317e-06
3.2456059516190455e-06
3.2451660679719637e-06
3.2451660679719637e-06
3.245039170860142e-06
3.2449109854527687e-06
3.2449109854527687e-06
3.244781492031034e-06
3.2437378885055196e-06
3.24370863173481e-06
3.243480209676412e-06
3.243453549215615e-06
3.2416786312616115e-06
3.2416786312616115e-06
3.2416786312616115e-06
3.2416786312616115e-06
3.2416786312616115e-06
3.2416786312616115e-06
3.2415517341497898e-06
3.2415517341497898e-06
3.2415517341497898e-06
3.2415517341497898e-06
3.2415517341497898e-06
3.2415517341497898e-06
3.2415517341497898e-06
3.2415517341497898e-06
3.2415517341497898e-06
3.2415517341497898e-06
3.2414235487424166e-06
3.2414235487424166e-06
3.2414235487424166e-06
3.2414235487424166e-06
3.2414235487424166e-06
3.2414235487424166e-06
3.2414235487424166e-06
3.2414235487424166e-06
3.2414235487424166e-06
3.241294055320682e-06
3.2411632337612894e-06
