0.0000022887594959105050794912362271960049042718310374766588211059570312500000000000000000000000000000
0.0000022880110901792018323372239485546941750726546160876750946044921875000000000000000000000000000000
0.0000022671801595427670633858905496760272058054397348314523696899414062500000000000000000000000000000
0.0000022919652348484768454182827074339101613986713346093893051147460937500000000000000000000000000000
0.0000022880110901792018323372239485546941750726546160876750946044921875000000000000000000000000000000
0.0000022992762823429343038640799978811202208817121572792530059814453125000000000000000000000000000000
0.0000022887594959105050794912362271960049042718310374766588211059570312500000000000000000000000000000
0.0000023100641595862105647321040058361774072182015515863895416259765625000000000000000000000000000000
0.0000022626303795193031187721940250545671347026654984802007675170898437500000000000000000000000000000
0.0000022880110901792018323372239485546941750726546160876750946044921875000000000000000000000000000000
0.0000023037592251000304335091951185576775174013164360076189041137695312500000000000000000000000000000
0.0000022880110901792018323372239485546941750726546160876750946044921875000000000000000000000000000000
0.0000024338061157864151891848641245941209376724145840853452682495117187500000000000000000000000000000
0.0000026576640490583253254855064517947482727322494611144065856933593750000000000000000000000000000000
0.0000022887594959105050794912362271960049042718310374766588211059570312500000000000000000000000000000
0.0000022626303795193031187721940250545671347026654984802007675170898437500000000000000000000000000000
0.0000023562562404141705997909217451535823784070089459419250488281250000000000000000000000000000000000
0.0000022628854620384980296402075566897238445562834385782480239868164062500000000000000000000000000000
0.0000023659387286482444393931421494636779812026361469179391860961914062500000000000000000000000000000
0.0000022880110901792018323372239485546941750726546160876750946044921875000000000000000000000000000000
0.0000022627585649266767018066189021130441005880129523575305938720703125000000000000000000000000000000
0.0000631145416285978401449430208458579727448523044586181640625000000000000000000000000000000000000000
0.0000022880110901792018323372239485546941750726546160876750946044921875000000000000000000000000000000
0.0000023250571738789228423899876213587489814926811959594488143920898437500000000000000000000000000000
0.0000022627585649266767018066189021130441005880129523575305938720703125000000000000000000000000000000
0.0000370780079845428497649709176364751783694373443722724914550781250000000000000000000000000000000000
0.0000022880110901792018323372239485546941750726546160876750946044921875000000000000000000000000000000
0.0000022945390191895342027635345399927402354478545021265745162963867187500000000000000000000000000000
0.0000023037592251000304335091951185576775174013164360076189041137695312500000000000000000000000000000
0.0000022880110901792018323372239485546941750726546160876750946044921875000000000000000000000000000000
0.0000022880110901792018323372239485546941750726546160876750946044921875000000000000000000000000000000
0.0000023008439536757617678314896680902279513247776776552200317382812500000000000000000000000000000000
0.0000022887594959105050794912362271960049042718310374766588211059570312500000000000000000000000000000
0.0000022880110901792018323372239485546941750726546160876750946044921875000000000000000000000000000000
0.0000076859769991947488352668563238445642582519212737679481506347656250000000000000000000000000000000
0.0000022880110901792018323372239485546941750726546160876750946044921875000000000000000000000000000000
0.0000022880110901792018323372239485546941750726546160876750946044921875000000000000000000000000000000
0.0000024088970403818100406688213627193206889387511182576417922973632812500000000000000000000000000000
0.0000022887594959105050794912362271960049042718310374766588211059570312500000000000000000000000000000
0.0000022880110901792018323372239485546941750726546160876750946044921875000000000000000000000000000000
0.0000022627585649266767018066189021130441005880129523575305938720703125000000000000000000000000000000
0.0000022636338677698012767942198353310345737554598599672317504882812500000000000000000000000000000000
0.0000022880110901792018323372239485546941750726546160876750946044921875000000000000000000000000000000
0.0000022880110901792018323372239485546941750726546160876750946044921875000000000000000000000000000000
0.0000022887594959105050794912362271960049042718310374766588211059570312500000000000000000000000000000
0.0000022880110901792018323372239485546941750726546160876750946044921875000000000000000000000000000000
0.0000022625008860975688530694366340512146962282713502645492553710937500000000000000000000000000000000
0.0000022880110901792018323372239485546941750726546160876750946044921875000000000000000000000000000000
0.0000022880110901792018323372239485546941750726546160876750946044921875000000000000000000000000000000
0.0000023175482168992951287984829317201374010437575634568929672241210937500000000000000000000000000000
0.0000022880110901792018323372239485546941750726546160876750946044921875000000000000000000000000000000
0.0000022628854620384980296402075566897238445562834385782480239868164062500000000000000000000000000000
0.0000023008439536757617678314896680902279513247776776552200317382812500000000000000000000000000000000
0.0000022628854620384980296402075566897238445562834385782480239868164062500000000000000000000000000000
0.0000022887594959105050794912362271960049042718310374766588211059570312500000000000000000000000000000
0.0000022880110901792018323372239485546941750726546160876750946044921875000000000000000000000000000000
0.0000073312258580804535114850035981692855102664907462894916534423828125000000000000000000000000000000
0.0000022880110901792018323372239485546941750726546160876750946044921875000000000000000000000000000000
0.0000023037592251000304335091951185576775174013164360076189041137695312500000000000000000000000000000
0.0000022962435532235896435576151530799648980973870493471622467041015625000000000000000000000000000000
0.0000022626303795193031187721940250545671347026654984802007675170898437500000000000000000000000000000
0.0000022880110901792018323372239485546941750726546160876750946044921875000000000000000000000000000000
0.0000022880110901792018323372239485546941750726546160876750946044921875000000000000000000000000000000
0.0000022962435532235896435576151530799648980973870493471622467041015625000000000000000000000000000000
0.0000022880110901792018323372239485546941750726546160876750946044921875000000000000000000000000000000
0.0000022627585649266767018066189021130441005880129523575305938720703125000000000000000000000000000000
0.0000022887594959105050794912362271960049042718310374766588211059570312500000000000000000000000000000
0.0000023573441671757454524431443093623883555665088351815938949584960937500000000000000000000000000000
0.0000022880110901792018323372239485546941750726546160876750946044921875000000000000000000000000000000
0.0000023570433039871484019679628157950546096799371298402547836303710937500000000000000000000000000000
0.0000078498373283405619723175974944417987444467144086956977844238281250000000000000000000000000000000
0.0000022626303795193031187721940250545671347026654984802007675170898437500000000000000000000000000000
0.0000022670532624309457355523018950993474618371692486107349395751953125000000000000000000000000000000
0.0000022784018789131666361694270733773137749267334584146738052368164062500000000000000000000000000000
0.0000022887594959105050794912362271960049042718310374766588211059570312500000000000000000000000000000
0.0000022887594959105050794912362271960049042718310374766588211059570312500000000000000000000000000000
0.0000022880110901792018323372239485546941750726546160876750946044921875000000000000000000000000000000
0.0000022880110901792018323372239485546941750726546160876750946044921875000000000000000000000000000000
0.0000587005577883499362170163782259635354421334341168403625488281250000000000000000000000000000000000
0.0000022887594959105050794912362271960049042718310374766588211059570312500000000000000000000000000000
0.0000022880110901792018323372239485546941750726546160876750946044921875000000000000000000000000000000
0.0000022887594959105050794912362271960049042718310374766588211059570312500000000000000000000000000000
0.0000023306322710601270951056868813155986686069809366017580032348632812500000000000000000000000000000
0.0000023037592251000304335091951185576775174013164360076189041137695312500000000000000000000000000000
0.0000022626303795193031187721940250545671347026654984802007675170898437500000000000000000000000000000
0.0000022880110901792018323372239485546941750726546160876750946044921875000000000000000000000000000000
0.0000022880110901792018323372239485546941750726546160876750946044921875000000000000000000000000000000
0.0000023271544452337465314008431438441704131037113256752490997314453125000000000000000000000000000000
0.0000023191262349507809694423941110352771488578582648187875747680664062500000000000000000000000000000
0.0000041390999109808630844432528195220299949141917750239372253417968750000000000000000000000000000000
0.0000022880110901792018323372239485546941750726546160876750946044921875000000000000000000000000000000
0.0000022626303795193031187721940250545671347026654984802007675170898437500000000000000000000000000000
0.0000022844364375276791120743247187618862881208769977092742919921875000000000000000000000000000000000
0.0000637522073119701847927418003614263852796284481883049011230468750000000000000000000000000000000000
0.0000022626303795193031187721940250545671347026654984802007675170898437500000000000000000000000000000
0.0000022880110901792018323372239485546941750726546160876750946044921875000000000000000000000000000000
0.0000022972726111041319789712964599681654931373486761003732681274414062500000000000000000000000000000
0.0000022669250770235721525178770180408704959518217947334051132202148437500000000000000000000000000000
0.0000643169838237067046119929680791926784877432510256767272949218750000000000000000000000000000000000
0.0000025967856820179945874515776288449231401500583160668611526489257812500000000000000000000000000000
0.0000024401110502726423307363456255414391193880874197930097579956054687500000000000000000000000000000
0.0000028239467878456384893970723681810852667695144191384315490722656250000000000000000000000000000000
0.0000023008439536757617678314896680902279513247776776552200317382812500000000000000000000000000000000
0.0000022880110901792018323372239485546941750726546160876750946044921875000000000000000000000000000000
0.0000022880110901792018323372239485546941750726546160876750946044921875000000000000000000000000000000
0.0000023030521343831611022435947727649008243133721407502889633178710937500000000000000000000000000000
0.0000022880110901792018323372239485546941750726546160876750946044921875000000000000000000000000000000
0.0000022993387463785401872895432923149527937312086578458547592163085937500000000000000000000000000000
0.0000022727644176917485800281000518641150165422004647552967071533203125000000000000000000000000000000
0.0000022945390191895342027635345399927402354478545021265745162963867187500000000000000000000000000000
0.0000022871080644415850778420912919886021086313121486455202102661132812500000000000000000000000000000
0.0000023601083091111294875519884678416460133121290709823369979858398437500000000000000000000000000000
0.0000022773728210326243007557457664891131798867718316614627838134765625000000000000000000000000000000
0.0000022995396306062470410654183933241156978510844055563211441040039062500000000000000000000000000000
0.0000022628854620384980296402075566897238445562834385782480239868164062500000000000000000000000000000
0.0000036369594085009926720021295604157174352621950674802064895629882812500000000000000000000000000000
0.0000022880110901792018323372239485546941750726546160876750946044921875000000000000000000000000000000
0.0000022880110901792018323372239485546941750726546160876750946044921875000000000000000000000000000000
0.0000022887594959105050794912362271960049042718310374766588211059570312500000000000000000000000000000
0.0000023225834950189662938039268647028023906386806629598140716552734375000000000000000000000000000000
0.0000022880110901792018323372239485546941750726546160876750946044921875000000000000000000000000000000
0.0000051195828760547592027651056523218642269057454541325569152832031250000000000000000000000000000000
0.0000022880110901792018323372239485546941750726546160876750946044921875000000000000000000000000000000
0.0000023100641595862105647321040058361774072182015515863895416259765625000000000000000000000000000000
0.0000022627585649266762782901452749628745664267626125365495681762695312500000000000000000000000000000
0.0000023407752054217578715795012450628931333085347432643175125122070312500000000000000000000000000000
0.0000023008439536757617678314896680902279513247776776552200317382812500000000000000000000000000000000
0.0000022880110901792018323372239485546941750726546160876750946044921875000000000000000000000000000000
0.0000024456537580502992641209251273304303708755469415336847305297851562500000000000000000000000000000
0.0000022779893241161310375893483265441474827639467548578977584838867187500000000000000000000000000000
0.0000022667955836018378868151196270375180574774276465177536010742187500000000000000000000000000000000
0.0000022880110901792018323372239485546941750726546160876750946044921875000000000000000000000000000000
0.0007606133843312686774323916338857998198363929986953735351562500000000000000000000000000000000000000
0.0000022945390191895342027635345399927402354478545021265745162963867187500000000000000000000000000000
0.0000022736665784604941515636630788854688489664113149046897888183593750000000000000000000000000000000
0.0000022945390191895342027635345399927402354478545021265745162963867187500000000000000000000000000000
0.0000029811371736760853804360394542216639024445612449198961257934570312500000000000000000000000000000
0.0000022880110901792018323372239485546941750726546160876750946044921875000000000000000000000000000000
0.0000022669250770235721525178770180408704959518217947334051132202148437500000000000000000000000000000
0.0000022651490909929755711640919635385671426774933934211730957031250000000000000000000000000000000000
0.0000022945390191895342027635345399927402354478545021265745162963867187500000000000000000000000000000
0.0000679604617451743970180794152113890049804467707872390747070312500000000000000000000000000000000000
0.0000022880110901792018323372239485546941750726546160876750946044921875000000000000000000000000000000
0.0000023507383695009432832731099266565522043492819648236036300659179687500000000000000000000000000000
0.0000022962435532235896435576151530799648980973870493471622467041015625000000000000000000000000000000
0.0000022627585649266767018066189021130441005880129523575305938720703125000000000000000000000000000000
0.0000022887594959105050794912362271960049042718310374766588211059570312500000000000000000000000000000
0.0000022880110901792018323372239485546941750726546160876750946044921875000000000000000000000000000000
0.0000023432938308749519317158820086444137587022851221263408660888671875000000000000000000000000000000
0.0000022650252778594940925656515962050008283767965622246265411376953125000000000000000000000000000000
0.0000022726887859671067932721983534394283310575701761990785598754882812500000000000000000000000000000
0.0000042224929722724000133622646036002379332785494625568389892578125000000000000000000000000000000000
0.0000022962435532235896435576151530799648980973870493471622467041015625000000000000000000000000000000
0.0000022880110901792018323372239485546941750726546160876750946044921875000000000000000000000000000000
0.0036981653133414077276597264898327921400777995586395263671875000000000000000000000000000000000000000
0.0000022887594959105050794912362271960049042718310374766588211059570312500000000000000000000000000000
0.0000023816519973038263106694667481377791773411445319652557373046875000000000000000000000000000000000
0.0000023122723402936319220008377223196660565918136853724718093872070312500000000000000000000000000000
0.0000022850292326710299704037657186894705318991327658295631408691406250000000000000000000000000000000
0.0000022887594959105050794912362271960049042718310374766588211059570312500000000000000000000000000000
0.0000022880110901792018323372239485546941750726546160876750946044921875000000000000000000000000000000
0.0000022626303795193031187721940250545671347026654984802007675170898437500000000000000000000000000000
0.0000022880110901792018323372239485546941750726546160876750946044921875000000000000000000000000000000
0.0000031385554703928004580593038447267062451828678604215383529663085937500000000000000000000000000000
0.0000022887594959105050794912362271960049042718310374766588211059570312500000000000000000000000000000
0.0000022880110901792018323372239485546941750726546160876750946044921875000000000000000000000000000000
0.0000022671801595427670633858905496760272058054397348314523696899414062500000000000000000000000000000
0.0000022945390191895342027635345399927402354478545021265745162963867187500000000000000000000000000000
0.0000022880110901792018323372239485546941750726546160876750946044921875000000000000000000000000000000
0.0000022880110901792018323372239485546941750726546160876750946044921875000000000000000000000000000000
0.0000022972726111041319789712964599681654931373486761003732681274414062500000000000000000000000000000
0.0000028525771815257196100410006650571759223566914442926645278930664062500000000000000000000000000000
0.0000022962435532235896435576151530799648980973870493471622467041015625000000000000000000000000000000
0.0000022880110901792018323372239485546941750726546160876750946044921875000000000000000000000000000000
0.0000022880110901792018323372239485546941750726546160876750946044921875000000000000000000000000000000
0.0000022887594959105050794912362271960049042718310374766588211059570312500000000000000000000000000000
0.0000022880110901792018323372239485546941750726546160876750946044921875000000000000000000000000000000
0.0000023244220421571960277242439862899203717461205087602138519287109375000000000000000000000000000000
0.0000024528675058371320012512092900713867038575699552893638610839843750000000000000000000000000000000
0.0000023062199760218768290255010600109386587064363993704319000244140625000000000000000000000000000000
0.0000022652803603786890034336651278401575382304145023226737976074218750000000000000000000000000000000
0.0000022880110901792018323372239485546941750726546160876750946044921875000000000000000000000000000000
0.0000022887594959105050794912362271960049042718310374766588211059570312500000000000000000000000000000
0.0000023037592251000304335091951185576775174013164360076189041137695312500000000000000000000000000000
0.0000023134568850436693601853570950721561416685290168970823287963867187500000000000000000000000000000
0.0000023254205882500516857594886205307105342399154324084520339965820312500000000000000000000000000000
0.0000022887594959105050794912362271960049042718310374766588211059570312500000000000000000000000000000
0.0000022626303795193031187721940250545671347026654984802007675170898437500000000000000000000000000000
0.0000022626303795193031187721940250545671347026654984802007675170898437500000000000000000000000000000
0.0000023008439536757617678314896680902279513247776776552200317382812500000000000000000000000000000000
0.0000640240755628213899230960493014208623208105564117431640625000000000000000000000000000000000000000
0.0000022962435532235896435576151530799648980973870493471622467041015625000000000000000000000000000000
0.0000022945390191895342027635345399927402354478545021265745162963867187500000000000000000000000000000
0.0000023933018149911929117539758499200175378973654005676507949829101562500000000000000000000000000000
0.0000029171001127780899426285721870444334058447566349059343338012695312500000000000000000000000000000
0.0000023037592251000304335091951185576775174013164360076189041137695312500000000000000000000000000000
0.0000022627585649266762782901452749628745664267626125365495681762695312500000000000000000000000000000
0.0000022627585649266762782901452749628745664267626125365495681762695312500000000000000000000000000000
0.0000022880110901792018323372239485546941750726546160876750946044921875000000000000000000000000000000
0.0000022681171499628352597715662958277604843715380411595106124877929687500000000000000000000000000000
