0.0000014336755497933076173585438192747965047146863071247935295104980468750000000000000000000000000000
0.0000014328361486613769975733160763620155364606034709140658378601074218750000000000000000000000000000
0.0000014336755497933076173585438192747965047146863071247935295104980468750000000000000000000000000000
0.0000014455695948794237017771217163053520948778896126896142959594726562500000000000000000000000000000
0.0000014328361486613769975733160763620155364606034709140658378601074218750000000000000000000000000000
0.0000014572297714911752382642342457108597386650217231363058090209960937500000000000000000000000000000
0.0000014336755497933076173585438192747965047146863071247935295104980468750000000000000000000000000000
0.0000014550127514925168666309971549077673103056440595537424087524414062500000000000000000000000000000
0.0000014074554380014782840082861528618884960906143533065915107727050781250000000000000000000000000000
0.0000014328361486613769975733160763620155364606034709140658378601074218750000000000000000000000000000
0.0000014484980115599280244931094940863403053299407474696636199951171875000000000000000000000000000000
0.0000014328361486613769975733160763620155364606034709140658378601074218750000000000000000000000000000
0.0000015493368151651915045691676117711743643212685128673911094665527343750000000000000000000000000000
0.0000015284565832865048799494569684020994770889956271275877952575683593750000000000000000000000000000
0.0000014336755497933076173585438192747965047146863071247935295104980468750000000000000000000000000000
0.0000014328361486613769975733160763620155364606034709140658378601074218750000000000000000000000000000
0.0000014550127514925168666309971549077673103056440595537424087524414062500000000000000000000000000000
0.0000014328361486613769975733160763620155364606034709140658378601074218750000000000000000000000000000
0.0000014484980115599280244931094940863403053299407474696636199951171875000000000000000000000000000000
0.0000014328361486613769975733160763620155364606034709140658378601074218750000000000000000000000000000
0.0000014328361486613769975733160763620155364606034709140658378601074218750000000000000000000000000000
0.0000907650416224381646757013442083916743285953998565673828125000000000000000000000000000000000000000
0.0000014328361486613769975733160763620155364606034709140658378601074218750000000000000000000000000000
0.0000015092216516680364271271990589395883830547973047941923141479492187500000000000000000000000000000
0.0000014328361486613769975733160763620155364606034709140658378601074218750000000000000000000000000000
0.0000014075836234088514435262374027701959278147114673629403114318847656250000000000000000000000000000
0.0000014328361486613769975733160763620155364606034709140658378601074218750000000000000000000000000000
0.0000014389892730444722536756706199323474493212415836751461029052734375000000000000000000000000000000
0.0000014484980115599280244931094940863403053299407474696636199951171875000000000000000000000000000000
0.0000014328361486613769975733160763620155364606034709140658378601074218750000000000000000000000000000
0.0000014328361486613769975733160763620155364606034709140658378601074218750000000000000000000000000000
0.0000014455040129770350495504302110183481033800489967688918113708496093750000000000000000000000000000
0.0000014336755497933076173585438192747965047146863071247935295104980468750000000000000000000000000000
0.0000014328361486613769975733160763620155364606034709140658378601074218750000000000000000000000000000
0.0000090139815845061577875840796991724346298724412918090820312500000000000000000000000000000000000000
0.0000014328361486613769975733160763620155364606034709140658378601074218750000000000000000000000000000
0.0000014328361486613769975733160763620155364606034709140658378601074218750000000000000000000000000000
0.0000014941399564342095333157245037880578308886470040306448936462402343750000000000000000000000000000
0.0000014336755497933076173585438192747965047146863071247935295104980468750000000000000000000000000000
0.0000014328361486613769975733160763620155364606034709140658378601074218750000000000000000000000000000
0.0000014075836234088518670427110299203654619759618071839213371276855468750000000000000000000000000000
0.0000014085499216526040264197642409849109412789402995258569717407226562500000000000000000000000000000
0.0000014328361486613769975733160763620155364606034709140658378601074218750000000000000000000000000000
0.0000014328361486613769975733160763620155364606034709140658378601074218750000000000000000000000000000
0.0000014336755497933076173585438192747965047146863071247935295104980468750000000000000000000000000000
0.0000014328361486613769975733160763620155364606034709140658378601074218750000000000000000000000000000
0.0000014073259445797442300637655754336208246968453750014305114746093750000000000000000000000000000000
0.0000014328361486613769975733160763620155364606034709140658378601074218750000000000000000000000000000
0.0000014328361486613769975733160763620155364606034709140658378601074218750000000000000000000000000000
0.0000014626606284724255302274889892211184871939622098580002784729003906250000000000000000000000000000
0.0000014328361486613769975733160763620155364606034709140658378601074218750000000000000000000000000000
0.0000014328361486613769975733160763620155364606034709140658378601074218750000000000000000000000000000
0.0000014455040129770350495504302110183481033800489967688918113708496093750000000000000000000000000000
0.0000014328361486613769975733160763620155364606034709140658378601074218750000000000000000000000000000
0.0000014336755497933076173585438192747965047146863071247935295104980468750000000000000000000000000000
0.0000014328361486613769975733160763620155364606034709140658378601074218750000000000000000000000000000
0.0000080350087336146549230921076745204345570527948439121246337890625000000000000000000000000000000000
0.0000014328361486613769975733160763620155364606034709140658378601074218750000000000000000000000000000
0.0000014484980115599280244931094940863403053299407474696636199951171875000000000000000000000000000000
0.0000014413234267732164927132724671632324486836296273395419120788574218750000000000000000000000000000
0.0000014328361486613769975733160763620155364606034709140658378601074218750000000000000000000000000000
0.0000014328361486613769975733160763620155364606034709140658378601074218750000000000000000000000000000
0.0000014328361486613769975733160763620155364606034709140658378601074218750000000000000000000000000000
0.0000014413234267732164927132724671632324486836296273395419120788574218750000000000000000000000000000
0.0000014328361486613769975733160763620155364606034709140658378601074218750000000000000000000000000000
0.0000014328361486613769975733160763620155364606034709140658378601074218750000000000000000000000000000
0.0000014336755497933076173585438192747965047146863071247935295104980468750000000000000000000000000000
0.0000014941399564342095333157245037880578308886470040306448936462402343750000000000000000000000000000
0.0000014328361486613769975733160763620155364606034709140658378601074218750000000000000000000000000000
0.0000015291809119132463677941547591787596616086375433951616287231445312500000000000000000000000000000
0.0000015452212095687034335928173103824612155676732072606682777404785156250000000000000000000000000000
0.0000014074554380014782840082861528618884960906143533065915107727050781250000000000000000000000000000
0.0000014136151267036812267154912911570896483226533746346831321716308593750000000000000000000000000000
0.0000014225969124047258567062907569367169458018906880170106887817382812500000000000000000000000000000
0.0000014336755497933076173585438192747965047146863071247935295104980468750000000000000000000000000000
0.0000014336755497933076173585438192747965047146863071247935295104980468750000000000000000000000000000
0.0000014328361486613769975733160763620155364606034709140658378601074218750000000000000000000000000000
0.0000014328361486613769975733160763620155364606034709140658378601074218750000000000000000000000000000
0.0000014157677844452867947812454638145673868621088331565260887145996093750000000000000000000000000000
0.0000014336755497933076173585438192747965047146863071247935295104980468750000000000000000000000000000
0.0000014328361486613769975733160763620155364606034709140658378601074218750000000000000000000000000000
0.0000014336755497933076173585438192747965047146863071247935295104980468750000000000000000000000000000
0.0000014620996965536795026205504552385683325610443716868758201599121093750000000000000000000000000000
0.0000014484980115599280244931094940863403053299407474696636199951171875000000000000000000000000000000
0.0000014328361486613769975733160763620155364606034709140658378601074218750000000000000000000000000000
0.0000014328361486613769975733160763620155364606034709140658378601074218750000000000000000000000000000
0.0000014328361486613769975733160763620155364606034709140658378601074218750000000000000000000000000000
0.0000014951279466678238923933643572672380628318933304399251937866210937500000000000000000000000000000
0.0000014770242271063533587023130361215450534473347943276166915893554687500000000000000000000000000000
0.0000043176586383128256395281738266866966569068608805537223815917968750000000000000000000000000000000
0.0000014328361486613769975733160763620155364606034709140658378601074218750000000000000000000000000000
0.0000014074554380014782840082861528618884960906143533065915107727050781250000000000000000000000000000
0.0000014366724499624459007078927652578670404182048514485359191894531250000000000000000000000000000000
0.0000917677895858579637054092126291493514145258814096450805664062500000000000000000000000000000000000
0.0000014328361486613769975733160763620155364606034709140658378601074218750000000000000000000000000000
0.0000014328361486613769975733160763620155364606034709140658378601074218750000000000000000000000000000
0.0000014382922560189916712307086135713696251059445785358548164367675781250000000000000000000000000000
0.0000014382922560189916712307086135713696251059445785358548164367675781250000000000000000000000000000
0.0000926061710543928595044255169810298866650555282831192016601562500000000000000000000000000000000000
0.0000018186047298954677150026196588705751366887852782383561134338378906250000000000000000000000000000
0.0000015558515550977803467070552725926013692969718249514698982238769531250000000000000000000000000000
0.0000019526920295863430454205711406245882244547829031944274902343750000000000000000000000000000000000
0.0000014455040129770350495504302110183481033800489967688918113708496093750000000000000000000000000000
0.0000014328361486613769975733160763620155364606034709140658378601074218750000000000000000000000000000
0.0000014328361486613769975733160763620155364606034709140658378601074218750000000000000000000000000000
0.0000014436059792701302612847073444934942187956039560958743095397949218750000000000000000000000000000
0.0000014328361486613769975733160763620155364606034709140658378601074218750000000000000000000000000000
0.0000014455040129770350495504302110183481033800489967688918113708496093750000000000000000000000000000
0.0000014186618471166170103275579530976990838553319917991757392883300781250000000000000000000000000000
0.0000014389892730444722536756706199323474493212415836751461029052734375000000000000000000000000000000
0.0000014416836962599445016736804392465387536503840237855911254882812500000000000000000000000000000000
0.0000015552011062973925710608896419429036939163779607042670249938964843750000000000000000000000000000
0.0000014256280831589765126937458666889213532158464659005403518676757812500000000000000000000000000000
0.0000014501207192027191034225950053149212237713072681799530982971191406250000000000000000000000000000
0.0000014328361486613769975733160763620155364606034709140658378601074218750000000000000000000000000000
0.0000033191915063317855797829936809195672253736120183020830154418945312500000000000000000000000000000
0.0000014328361486613769975733160763620155364606034709140658378601074218750000000000000000000000000000
0.0000014328361486613769975733160763620155364606034709140658378601074218750000000000000000000000000000
0.0000014336755497933076173585438192747965047146863071247935295104980468750000000000000000000000000000
0.0000014960560615539274883936757959412844343205506447702646255493164062500000000000000000000000000000
0.0000014328361486613769975733160763620155364606034709140658378601074218750000000000000000000000000000
0.0000015383811345446556575621184503877003635352593846619129180908203125000000000000000000000000000000
0.0000014328361486613769975733160763620155364606034709140658378601074218750000000000000000000000000000
0.0000014550127514925168666309971549077673103056440595537424087524414062500000000000000000000000000000
0.0000014075836234088514435262374027701959278147114673629403114318847656250000000000000000000000000000
0.0000014676541287478341482039328677600131811686878791078925132751464843750000000000000000000000000000
0.0000014455040129770350495504302110183481033800489967688918113708496093750000000000000000000000000000
0.0000014328361486613769975733160763620155364606034709140658378601074218750000000000000000000000000000
0.0000016561825856996021558116072638910942771417467156425118446350097656250000000000000000000000000000
0.0000014336755497933076173585438192747965047146863071247935295104980468750000000000000000000000000000
0.0000014133574478745735897365458366703450110435369424521923065185546875000000000000000000000000000000
0.0000014328361486613769975733160763620155364606034709140658378601074218750000000000000000000000000000
0.0000014075836234088514435262374027701959278147114673629403114318847656250000000000000000000000000000
0.0000014389892730444722536756706199323474493212415836751461029052734375000000000000000000000000000000
0.0000014155037792505446029900405616186453983118553878739476203918457031250000000000000000000000000000
0.0000014389892730444722536756706199323474493212415836751461029052734375000000000000000000000000000000
0.0000015558515550977803467070552725926013692969718249514698982238769531250000000000000000000000000000
0.0000014328361486613769975733160763620155364606034709140658378601074218750000000000000000000000000000
0.0000014382922560189916712307086135713696251059445785358548164367675781250000000000000000000000000000
0.0000014108933993904953156883720286063343962723592994734644889831542968750000000000000000000000000000
0.0000014389892730444722536756706199323474493212415836751461029052734375000000000000000000000000000000
0.0001002694898893994170183813219310309250431600958108901977539062500000000000000000000000000000000000
0.0000014328361486613769975733160763620155364606034709140658378601074218750000000000000000000000000000
0.0000015226661719806575256562670983573326566329342313110828399658203125000000000000000000000000000000
0.0000014413234267732164927132724671632324486836296273395419120788574218750000000000000000000000000000
0.0000014328361486613769975733160763620155364606034709140658378601074218750000000000000000000000000000
0.0000014336755497933076173585438192747965047146863071247935295104980468750000000000000000000000000000
0.0000014328361486613769975733160763620155364606034709140658378601074218750000000000000000000000000000
0.0000015227773236899253404721781002262304127725656144320964813232421875000000000000000000000000000000
0.0000014107588876175134358630525871491911971133959013968706130981445312500000000000000000000000000000
0.0000014237561325994466292704310542149848117787769297137856483459472656250000000000000000000000000000
0.0000014336755497933076173585438192747965047146863071247935295104980468750000000000000000000000000000
0.0000014413234267732164927132724671632324486836296273395419120788574218750000000000000000000000000000
0.0000014328361486613769975733160763620155364606034709140658378601074218750000000000000000000000000000
0.0000060618127553300827343551841763780174687781254760921001434326171875000000000000000000000000000000
0.0000014336755497933076173585438192747965047146863071247935295104980468750000000000000000000000000000
0.0000014328361486613769975733160763620155364606034709140658378601074218750000000000000000000000000000
0.0000014531147177856120783652742883829134257211990188807249069213867187500000000000000000000000000000
0.0000014336755497933076173585438192747965047146863071247935295104980468750000000000000000000000000000
0.0000014336755497933076173585438192747965047146863071247935295104980468750000000000000000000000000000
0.0000014328361486613769975733160763620155364606034709140658378601074218750000000000000000000000000000
0.0000014074554380014782840082861528618884960906143533065915107727050781250000000000000000000000000000
0.0000014328361486613769975733160763620155364606034709140658378601074218750000000000000000000000000000
0.0000026402747818133611073588336987105762432292976882308721542358398437500000000000000000000000000000
0.0000014336755497933076173585438192747965047146863071247935295104980468750000000000000000000000000000
0.0000014328361486613769975733160763620155364606034709140658378601074218750000000000000000000000000000
0.0000014137420238155027663073167593088541593715490307658910751342773437500000000000000000000000000000
0.0000014389892730444722536756706199323474493212415836751461029052734375000000000000000000000000000000
0.0000014328361486613769975733160763620155364606034709140658378601074218750000000000000000000000000000
0.0000014328361486613769975733160763620155364606034709140658378601074218750000000000000000000000000000
0.0000014382922560189916712307086135713696251059445785358548164367675781250000000000000000000000000000
0.0000014501207192027191034225950053149212237713072681799530982971191406250000000000000000000000000000
0.0000014413234267732164927132724671632324486836296273395419120788574218750000000000000000000000000000
0.0000014328361486613769975733160763620155364606034709140658378601074218750000000000000000000000000000
0.0000014328361486613769975733160763620155364606034709140658378601074218750000000000000000000000000000
0.0000014336755497933076173585438192747965047146863071247935295104980468750000000000000000000000000000
0.0000014328361486613769975733160763620155364606034709140658378601074218750000000000000000000000000000
0.0000014389892730444722536756706199323474493212415836751461029052734375000000000000000000000000000000
0.0000014500532506645264917317927899631513355416245758533477783203125000000000000000000000000000000000
0.0000014701936361325366405840547184835642724465287756174802780151367187500000000000000000000000000000
0.0000014110139701367083467310661187843479069670138414949178695678710937500000000000000000000000000000
0.0000014328361486613769975733160763620155364606034709140658378601074218750000000000000000000000000000
0.0000014336755497933076173585438192747965047146863071247935295104980468750000000000000000000000000000
0.0000014484980115599280244931094940863403053299407474696636199951171875000000000000000000000000000000
0.0000015100610527999933049337916851628804693064012099057435989379882812500000000000000000000000000000
0.0000014425790277011776938114904697552098866708547575399279594421386718750000000000000000000000000000
0.0000014336755497933076173585438192747965047146863071247935295104980468750000000000000000000000000000
0.0000014074554380014782840082861528618884960906143533065915107727050781250000000000000000000000000000
0.0000014328361486613769975733160763620155364606034709140658378601074218750000000000000000000000000000
0.0000014455040129770350495504302110183481033800489967688918113708496093750000000000000000000000000000
0.0000924917248137280994298853320501052621693816035985946655273437500000000000000000000000000000000000
0.0000014413234267732164927132724671632324486836296273395419120788574218750000000000000000000000000000
0.0000014389892730444722536756706199323474493212415836751461029052734375000000000000000000000000000000
0.0000016088008327893815624398156371999135672012926079332828521728515625000000000000000000000000000000
0.0000015930602697661667337890008602774294388382259057834744453430175781250000000000000000000000000000
0.0000014484980115599280244931094940863403053299407474696636199951171875000000000000000000000000000000
0.0000014075836234088514435262374027701959278147114673629403114318847656250000000000000000000000000000
0.0000014075836234088514435262374027701959278147114673629403114318847656250000000000000000000000000000
0.0000014328361486613769975733160763620155364606034709140658378601074218750000000000000000000000000000
0.0000014382922560189916712307086135713696251059445785358548164367675781250000000000000000000000000000
