0.0000032686378448536491079807336790352678690396714955568313598632812500000000000000000000000000000000
0.0000032668042594023149158310222878176531935423554386943578720092773437500000000000000000000000000000
0.0000476457706104967351908550943218045858884579502046108245849609375000000000000000000000000000000000
0.0000476206449823560318116745515570897850921028293669223785400390625000000000000000000000000000000000
0.0000476452552129964156070116021446381182613549754023551940917968750000000000000000000000000000000000
0.0000476453860345558115199984805521182806842261925339698791503906250000000000000000000000000000000000
0.0000032686378448536491079807336790352678690396714955568313598632812500000000000000000000000000000000
0.0000033176452017582246869652120441207543422024173196405172348022460937500000000000000000000000000000
0.0000476455155279775479032836060788724807935068383812904357910156250000000000000000000000000000000000
0.0000032668042594023149158310222878176531935423554386943578720092773437500000000000000000000000000000
0.0000476452552129964156070116021446381182613549754023551940917968750000000000000000000000000000000000
0.0000032668042594023149158310222878176531935423554386943578720092773437500000000000000000000000000000
0.0000033205757912285921472968913681356184497417416423559188842773437500000000000000000000000000000000
0.0002482651238411892114822665522666511606075800955295562744140625000000000000000000000000000000000000
0.0000032686378448536491079807336790352678690396714955568313598632812500000000000000000000000000000000
0.0002482649956557818273113202867108384452876634895801544189453125000000000000000000000000000000000000
0.0002482901212839225442430279855443586711771786212921142578125000000000000000000000000000000000000000
0.0002482903763664417247543358957528880637255497276782989501953125000000000000000000000000000000000000
0.0000476456437133849252979662936002824835668434388935565948486328125000000000000000000000000000000000
0.0000032668042594023149158310222878176531935423554386943578720092773437500000000000000000000000000000
0.0000476456437133849252979662936002824835668434388935565948486328125000000000000000000000000000000000
0.0000476203898998368377478394852797549674505717121064662933349609375000000000000000000000000000000000
0.0000032668042594023149158310222878176531935423554386943578720092773437500000000000000000000000000000
0.0000033383140920042941995611422700829251652976381592452526092529296875000000000000000000000000000000
0.0000476456437133849252979662936002824835668434388935565948486328125000000000000000000000000000000000
0.0000476202630027250278549506845582328651289572007954120635986328125000000000000000000000000000000000
0.0000032668042594023149158310222878176531935423554386943578720092773437500000000000000000000000000000
0.0000032797670655977106923242760799785955327934061642736196517944335937500000000000000000000000000000
0.0000476457706104967351908550943218045858884579502046108245849609375000000000000000000000000000000000
0.0000032668042594023149158310222878176531935423554386943578720092773437500000000000000000000000000000
0.0000032668042594023149158310222878176531935423554386943578720092773437500000000000000000000000000000
0.0000476452552129964156070116021446381182613549754023551940917968750000000000000000000000000000000000
0.0000032686378448536491079807336790352678690396714955568313598632812500000000000000000000000000000000
0.0000032668042594023149158310222878176531935423554386943578720092773437500000000000000000000000000000
0.0000476456437133849252979662936002824835668434388935565948486328125000000000000000000000000000000000
0.0000032668042594023149158310222878176531935423554386943578720092773437500000000000000000000000000000
0.0000032668042594023149158310222878176531935423554386943578720092773437500000000000000000000000000000
0.0000476457706104967351908550943218045858884579502046108245849609375000000000000000000000000000000000
0.0000032686378448536491079807336790352678690396714955568313598632812500000000000000000000000000000000
0.0000032668042594023149158310222878176531935423554386943578720092773437500000000000000000000000000000
0.0000476456437133849252979662936002824835668434388935565948486328125000000000000000000000000000000000
0.0000476201295848557122278310593799233174649998545646667480468750000000000000000000000000000000000000
0.0000032668042594023149158310222878176531935423554386943578720092773437500000000000000000000000000000
0.0000032668042594023149158310222878176531935423554386943578720092773437500000000000000000000000000000
0.0000032686378448536491079807336790352678690396714955568313598632812500000000000000000000000000000000
0.0000032668042594023149158310222878176531935423554386943578720092773437500000000000000000000000000000
0.0002482899917905008078597428600176044710678979754447937011718750000000000000000000000000000000000000
0.0000032668042594023149158310222878176531935423554386943578720092773437500000000000000000000000000000
0.0000032668042594023149158310222878176531935423554386943578720092773437500000000000000000000000000000
0.0000476455155279775479032836060788724807935068383812904357910156250000000000000000000000000000000000
0.0000032668042594023149158310222878176531935423554386943578720092773437500000000000000000000000000000
0.0000476457706104967351908550943218045858884579502046108245849609375000000000000000000000000000000000
0.0000032964608967137541526868857455490058327995939180254936218261718750000000000000000000000000000000
0.0000476457706104967351908550943218045858884579502046108245849609375000000000000000000000000000000000
0.0000476456437133849252979662936002824835668434388935565948486328125000000000000000000000000000000000
0.0000032668042594023149158310222878176531935423554386943578720092773437500000000000000000000000000000
0.0000476206449823560318116745515570897850921028293669223785400390625000000000000000000000000000000000
0.0000476456437133849252979662936002824835668434388935565948486328125000000000000000000000000000000000
0.0000033009513706421812266026023785503440421962295658886432647705078125000000000000000000000000000000
0.0000032787225648359619655739655152970613016805145889520645141601562500000000000000000000000000000000
0.0000476455155279775479032836060788724807935068383812904357910156250000000000000000000000000000000000
0.0000032668042594023149158310222878176531935423554386943578720092773437500000000000000000000000000000
0.0000032668042594023149158310222878176531935423554386943578720092773437500000000000000000000000000000
0.0000032787225648359619655739655152970613016805145889520645141601562500000000000000000000000000000000
0.0000032668042594023149158310222878176531935423554386943578720092773437500000000000000000000000000000
0.0000476456437133849252979662936002824835668434388935565948486328125000000000000000000000000000000000
0.0000032686378448536491079807336790352678690396714955568313598632812500000000000000000000000000000000
0.0000476457706104967351908550943218045858884579502046108245849609375000000000000000000000000000000000
0.0000476456437133849252979662936002824835668434388935565948486328125000000000000000000000000000000000
0.0000476456437133849252979662936002824835668434388935565948486328125000000000000000000000000000000000
0.0000476202630027250278549506845582328651289572007954120635986328125000000000000000000000000000000000
0.0000476455155279775479032836060788724807935068383812904357910156250000000000000000000000000000000000
0.0000476456437133849252979662936002824835668434388935565948486328125000000000000000000000000000000000
0.0000476455155279775479032836060788724807935068383812904357910156250000000000000000000000000000000000
0.0000032686378448536491079807336790352678690396714955568313598632812500000000000000000000000000000000
0.0000032686378448536491079807336790352678690396714955568313598632812500000000000000000000000000000000
0.0000032668042594023149158310222878176531935423554386943578720092773437500000000000000000000000000000
0.0000032668042594023149158310222878176531935423554386943578720092773437500000000000000000000000000000
0.0000476203911881323984733697940452401553557137958705425262451171875000000000000000000000000000000000
0.0000032686378448536491079807336790352678690396714955568313598632812500000000000000000000000000000000
0.0000032668042594023149158310222878176531935423554386943578720092773437500000000000000000000000000000
0.0000032686378448536491079807336790352678690396714955568313598632812500000000000000000000000000000000
0.0000476457706104967351908550943218045858884579502046108245849609375000000000000000000000000000000000
0.0000033009513706421812266026023785503440421962295658886432647705078125000000000000000000000000000000
0.0000476455155279775479032836060788724807935068383812904357910156250000000000000000000000000000000000
0.0000032668042594023149158310222878176531935423554386943578720092773437500000000000000000000000000000
0.0000032668042594023149158310222878176531935423554386943578720092773437500000000000000000000000000000
0.0000476456437133849252979662936002824835668434388935565948486328125000000000000000000000000000000000
0.0000476452552129964156070116021446381182613549754023551940917968750000000000000000000000000000000000
0.0000476205180852442151425221728011649702239083126187324523925781250000000000000000000000000000000000
0.0000032668042594023149158310222878176531935423554386943578720092773437500000000000000000000000000000
0.0000476455155279775479032836060788724807935068383812904357910156250000000000000000000000000000000000
0.0000476455155279775479032836060788724807935068383812904357910156250000000000000000000000000000000000
0.0002482649956557818273113202867108384452876634895801544189453125000000000000000000000000000000000000
0.0000476455155279775479032836060788724807935068383812904357910156250000000000000000000000000000000000
0.0000476456437133849252979662936002824835668434388935565948486328125000000000000000000000000000000000
0.0000032846817175528098426426706901715135700214887037873268127441406250000000000000000000000000000000
0.0000476455155279775479032836060788724807935068383812904357910156250000000000000000000000000000000000
0.0002482649969440774151419049076139344833791255950927734375000000000000000000000000000000000000000000
0.0000476453860345558115199984805521182806842261925339698791503906250000000000000000000000000000000000
0.0000033372696223446847355704417831256947124529688153415918350219726562500000000000000000000000000000
0.0000036934397823707697938863322995040050500392680987715721130371093750000000000000000000000000000000
0.0000032964608967137541526868857455490058327995939180254936218261718750000000000000000000000000000000
0.0000032668042594023149158310222878176531935423554386943578720092773437500000000000000000000000000000
0.0000032668042594023149158310222878176531935423554386943578720092773437500000000000000000000000000000
0.0000032958109382968714269862130911148412337752233725041151046752929687500000000000000000000000000000
0.0000032668042594023149158310222878176531935423554386943578720092773437500000000000000000000000000000
0.0000476203898998368377478394852797549674505717121064662933349609375000000000000000000000000000000000
0.0000476457706104967351908550943218045858884579502046108245849609375000000000000000000000000000000000
0.0000032797670655977106923242760799785955327934061642736196517944335937500000000000000000000000000000
0.0000476205180852442151425221728011649702239083126187324523925781250000000000000000000000000000000000
0.0000035359330708647035346658873272707168666784127708524465560913085937500000000000000000000000000000
0.0002482901212839225442430279855443586711771786212921142578125000000000000000000000000000000000000000
0.0000476457706104967351908550943218045858884579502046108245849609375000000000000000000000000000000000
0.0000475700130347391682695927517254830263482290320098400115966796875000000000000000000000000000000000
0.0000476206449823560318116745515570897850921028293669223785400390625000000000000000000000000000000000
0.0000032668042594023149158310222878176531935423554386943578720092773437500000000000000000000000000000
0.0000476457706104967351908550943218045858884579502046108245849609375000000000000000000000000000000000
0.0000032686378448536491079807336790352678690396714955568313598632812500000000000000000000000000000000
0.0002482903763664417247543358957528880637255497276782989501953125000000000000000000000000000000000000
0.0000032668042594023149158310222878176531935423554386943578720092773437500000000000000000000000000000
0.0000476202630027250278549506845582328651289572007954120635986328125000000000000000000000000000000000
0.0000032668042594023149158310222878176531935423554386943578720092773437500000000000000000000000000000
0.0000033176452017582246869652120441207543422024173196405172348022460937500000000000000000000000000000
0.0000476456437133849252979662936002824835668434388935565948486328125000000000000000000000000000000000
0.0000034133177145262129587380273143537579016992822289466857910156250000000000000000000000000000000000
0.0000032964608967137541526868857455490058327995939180254936218261718750000000000000000000000000000000
0.0000032668042594023149158310222878176531935423554386943578720092773437500000000000000000000000000000
0.0000476457706104967351908550943218045858884579502046108245849609375000000000000000000000000000000000
0.0000476455155279775479032836060788724807935068383812904357910156250000000000000000000000000000000000
0.0000476453860345558115199984805521182806842261925339698791503906250000000000000000000000000000000000
0.0000032668042594023149158310222878176531935423554386943578720092773437500000000000000000000000000000
0.0000475952655599916950941892512805253545593586750328540802001953125000000000000000000000000000000000
0.0000032797670655977106923242760799785955327934061642736196517944335937500000000000000000000000000000
0.0000476456437133849252979662936002824835668434388935565948486328125000000000000000000000000000000000
0.0000032797670655977106923242760799785955327934061642736196517944335937500000000000000000000000000000
0.0000476456437133849252979662936002824835668434388935565948486328125000000000000000000000000000000000
0.0000032668042594023149158310222878176531935423554386943578720092773437500000000000000000000000000000
0.0000476455155279775479032836060788724807935068383812904357910156250000000000000000000000000000000000
0.0000476453860345558115199984805521182806842261925339698791503906250000000000000000000000000000000000
0.0002482901212839225442430279855443586711771786212921142578125000000000000000000000000000000000000000
0.0000476203911881323984733697940452401553557137958705425262451171875000000000000000000000000000000000
0.0000032668042594023149158310222878176531935423554386943578720092773437500000000000000000000000000000
0.0000035975316412650626269318678007724798817434930242598056793212890625000000000000000000000000000000
0.0000032787225648359619655739655152970613016805145889520645141601562500000000000000000000000000000000
0.0000476456437133849252979662936002824835668434388935565948486328125000000000000000000000000000000000
0.0000476457706104967351908550943218045858884579502046108245849609375000000000000000000000000000000000
0.0000476457706104967351908550943218045858884579502046108245849609375000000000000000000000000000000000
0.0000476457706104967351908550943218045858884579502046108245849609375000000000000000000000000000000000
0.0000476455155279775479032836060788724807935068383812904357910156250000000000000000000000000000000000
0.0000476455155279775479032836060788724807935068383812904357910156250000000000000000000000000000000000
0.0002482903763664417247543358957528880637255497276782989501953125000000000000000000000000000000000000
0.0000032787225648359619655739655152970613016805145889520645141601562500000000000000000000000000000000
0.0000032668042594023149158310222878176531935423554386943578720092773437500000000000000000000000000000
0.0000475951347782744115379009730570913916380959562957286834716796875000000000000000000000000000000000
0.0000032686378448536491079807336790352678690396714955568313598632812500000000000000000000000000000000
0.0000476457706104967351908550943218045858884579502046108245849609375000000000000000000000000000000000
0.0000033169952433413419612645393896865897431780467741191387176513671875000000000000000000000000000000
0.0002482649969440774151419049076139344833791255950927734375000000000000000000000000000000000000000000
0.0000032686378448536491079807336790352678690396714955568313598632812500000000000000000000000000000000
0.0000476457706104967351908550943218045858884579502046108245849609375000000000000000000000000000000000
0.0000476455155279775479032836060788724807935068383812904357910156250000000000000000000000000000000000
0.0000032668042594023149158310222878176531935423554386943578720092773437500000000000000000000000000000
0.0000476457706104967351908550943218045858884579502046108245849609375000000000000000000000000000000000
0.0000476456437133849252979662936002824835668434388935565948486328125000000000000000000000000000000000
0.0000032668042594023149158310222878176531935423554386943578720092773437500000000000000000000000000000
0.0000476457706104967351908550943218045858884579502046108245849609375000000000000000000000000000000000
0.0000032797670655977106923242760799785955327934061642736196517944335937500000000000000000000000000000
0.0000032668042594023149158310222878176531935423554386943578720092773437500000000000000000000000000000
0.0000476456437133849252979662936002824835668434388935565948486328125000000000000000000000000000000000
0.0000032846817175528098426426706901715135700214887037873268127441406250000000000000000000000000000000
0.0000476457706104967351908550943218045858884579502046108245849609375000000000000000000000000000000000
0.0000032787225648359619655739655152970613016805145889520645141601562500000000000000000000000000000000
0.0000032668042594023149158310222878176531935423554386943578720092773437500000000000000000000000000000
0.0000032668042594023149158310222878176531935423554386943578720092773437500000000000000000000000000000
0.0000032686378448536491079807336790352678690396714955568313598632812500000000000000000000000000000000
0.0000032668042594023149158310222878176531935423554386943578720092773437500000000000000000000000000000
0.0000476455155279775479032836060788724807935068383812904357910156250000000000000000000000000000000000
0.0000475952642716961479211860985838455917473766021430492401123046875000000000000000000000000000000000
0.0000476455155279775479032836060788724807935068383812904357910156250000000000000000000000000000000000
0.0002482903763664417247543358957528880637255497276782989501953125000000000000000000000000000000000000
0.0000032668042594023149158310222878176531935423554386943578720092773437500000000000000000000000000000
0.0000476456437133849252979662936002824835668434388935565948486328125000000000000000000000000000000000
0.0000033009513706421812266026023785503440421962295658886432647705078125000000000000000000000000000000
0.0000033401476774556283917108536613005398407949542161077260971069335937500000000000000000000000000000
0.0000476456437133849252979662936002824835668434388935565948486328125000000000000000000000000000000000
0.0000032686378448536491079807336790352678690396714955568313598632812500000000000000000000000000000000
0.0002482901212839225442430279855443586711771786212921142578125000000000000000000000000000000000000000
0.0000476455155279775479032836060788724807935068383812904357910156250000000000000000000000000000000000
0.0000032964608967137541526868857455490058327995939180254936218261718750000000000000000000000000000000
0.0000476201335093032914716655590314786650196765549480915069580078125000000000000000000000000000000000
0.0000032787225648359619655739655152970613016805145889520645141601562500000000000000000000000000000000
0.0000032797670655977106923242760799785955327934061642736196517944335937500000000000000000000000000000
0.0000476456437133849252979662936002824835668434388935565948486328125000000000000000000000000000000000
0.0000475950078811625880924850162667638642233214341104030609130859375000000000000000000000000000000000
0.0000033009513706421812266026023785503440421962295658886432647705078125000000000000000000000000000000
0.0002482902494693299284139742511001713864970952272415161132812500000000000000000000000000000000000000
0.0002482902494693299284139742511001713864970952272415161132812500000000000000000000000000000000000000
0.0000032668042594023149158310222878176531935423554386943578720092773437500000000000000000000000000000
0.0000476456437133849252979662936002824835668434388935565948486328125000000000000000000000000000000000
