0.0008363359946911703
0.000836335739608651
0.0008363356101152293
0.0008363106152688059
0.0007678265346235407
0.0005769095346865157
0.00026405918371912593
0.00026405905682201414
0.00026405905682201414
0.0002640589299249023
0.0002640589299249023
0.00026405892863660675
0.0002640586722460732
0.0002640585414245138
0.0002640335466179325
0.000264033421028835
0.00026403277086478957
0.00026403277086478957
0.00018534967866668805
0.00013646900584584368
4.24465601640165e-05
4.1518345032632976e-05
2.5987800911295645e-05
2.5706566997778936e-05
1.7423091686970667e-05
1.6265215676357254e-05
1.5752192240506602e-05
1.5235060772428343e-05
1.5051889457958359e-05
1.5050460373697131e-05
1.4753452756848823e-05
1.4652358137699707e-05
1.462686626249479e-05
1.4615252162523723e-05
1.4615121380806437e-05
1.4614376999131719e-05
1.4597648195855644e-05
1.4585820591930366e-05
1.4575755919320044e-05
1.4572657078757594e-05
1.4561107984153769e-05
1.4522697534950948e-05
1.4476070647424683e-05
1.4427398452978476e-05
1.4327624306114282e-05
1.3997131528689524e-05
1.3858317426941064e-05
1.3320353021113906e-05
1.2903422193171472e-05
1.2689759914775198e-05
1.244382184892942e-05
1.1171269123975823e-05
1.0165871120284336e-05
9.949095489384387e-06
9.945602183260815e-06
9.310991972996851e-06
8.758584946873645e-06
8.14748365207772e-06
8.044963048011685e-06
7.810395411469104e-06
7.600883955511033e-06
7.040610185415639e-06
6.997858326415567e-06
6.979033054554655e-06
6.970789545680233e-06
6.909860545818116e-06
6.8009960577337035e-06
6.66057395542548e-06
6.658495761224337e-06
6.6563323552589726e-06
6.640457632861585e-06
6.633974124029976e-06
6.587327938779486e-06
6.557610975359027e-06
6.501076191128698e-06
6.418854335628704e-06
6.363337302270351e-06
6.332199451644428e-06
6.305339525088793e-06
6.3051611334477405e-06
6.274406623994824e-06
6.262841836680679e-06
6.246835458935414e-06
6.232210751536046e-06
6.169620729082606e-06
6.167812731668889e-06
6.158431330743754e-06
6.156343497097893e-06
6.153512899989458e-06
6.145695254301361e-06
6.144735621348762e-06
6.142644275363542e-06
6.139472374579055e-06
6.137843414573098e-06
6.137843414573098e-06
6.136830195869707e-06
6.130185596764112e-06
6.123830993376096e-06
6.122840868111718e-06
6.122674257761233e-06
6.120793302435377e-06
6.120793302435377e-06
6.119682894517761e-06
6.119199594516897e-06
6.118274414902371e-06
6.118274414902371e-06
6.114686883054389e-06
6.114686883054389e-06
6.1143325916157e-06
6.113789940847229e-06
6.112582682455017e-06
6.112042976189208e-06
6.1120384722321776e-06
6.111719067681718e-06
6.111507946991906e-06
6.107846199791259e-06
6.107586670991645e-06
6.107586670991645e-06
6.107586670991645e-06
6.107586670991645e-06
6.107586670991645e-06
6.107586670991645e-06
6.107586670991645e-06
6.107586670991645e-06
6.107586670991645e-06
6.106969186428786e-06
6.106969186428786e-06
6.106969186428786e-06
6.106969186428786e-06
6.106969186428786e-06
6.106969186428786e-06
6.106969186428786e-06
6.106969186428786e-06
6.106969186428786e-06
6.106969186428786e-06
6.106969186428786e-06
6.106969186428786e-06
6.106969186428786e-06
6.106969186428786e-06
6.106969186428786e-06
6.106969186428786e-06
6.106969186428786e-06
6.106969186428786e-06
6.106969186428786e-06
6.106969186428786e-06
6.106969186428786e-06
6.106969186428786e-06
6.106969186428786e-06
6.106969186428786e-06
6.106969186428786e-06
6.106969186428786e-06
6.106392743336485e-06
6.1057000094942625e-06
6.1018950799577635e-06
6.100143934264018e-06
6.099434181892934e-06
6.098720403224661e-06
6.095652442479547e-06
6.0949897841125625e-06
6.094267510439678e-06
6.093140763948799e-06
6.091660673239464e-06
6.0879870556736344e-06
6.086227576122248e-06
6.084364120942075e-06
6.0838991097439985e-06
6.083827693693254e-06
6.083827693693254e-06
6.083700796581432e-06
6.083700796581432e-06
6.083572611174059e-06
6.083180125957668e-06
6.083117941322085e-06
6.083043898110289e-06
6.082991044210263e-06
6.08233414573912e-06
6.0818435582880824e-06
6.0818435582880824e-06
6.0818435582880824e-06
6.0818435582880824e-06
6.0818435582880824e-06
6.081716661176261e-06
6.081716661176261e-06
6.081716661176261e-06
6.081716661176261e-06
6.081716661176261e-06
6.081716661176261e-06
6.081716661176261e-06
6.081716661176261e-06
6.081716661176261e-06
6.081716661176261e-06
6.081716661176261e-06
6.081716661176261e-06
6.0815884757688875e-06
6.0815884757688875e-06
6.0815884757688875e-06
6.0815884757688875e-06
6.0815884757688875e-06
6.081458982347153e-06
6.081195990552497e-06
