0.0000022895199810283673588968446355185193397119292058050632476806640625000000000000000000000000000000
0.0000022880110901792018323372239485546941750726546160876750946044921875000000000000000000000000000000
0.0000616178141515866728203376645467415073653683066368103027343750000000000000000000000000000000000000
0.0002582838774022130521809681447109596774680539965629577636718750000000000000000000000000000000000000
0.0000022880110901792018323372239485546941750726546160876750946044921875000000000000000000000000000000
0.0000616174295756457423732174727426524896145565435290336608886718750000000000000000000000000000000000
0.0000022895199810283673588968446355185193397119292058050632476806640625000000000000000000000000000000
0.0000023280188729931527431393344790278021605445246677845716476440429687500000000000000000000000000000
0.0000616175590690674787565025982694066897238371893763542175292968750000000000000000000000000000000000
0.0000022880110901792018323372239485546941750726546160876750946044921875000000000000000000000000000000
0.0000023154356984204599534610605204854039129713783040642738342285156250000000000000000000000000000000
0.0000022880110901792018323372239485546941750726546160876750946044921875000000000000000000000000000000
0.0000023359254736601663844099922157093729424559569451957941055297851562500000000000000000000000000000
0.0002582586248769605389088988012247227743500843644142150878906250000000000000000000000000000000000000
0.0000022895199810283673588968446355185193397119292058050632476806640625000000000000000000000000000000
0.0000616175590690674787565025982694066897238371893763542175292968750000000000000000000000000000000000
0.0002582836223196938716696602345024302849196828901767730712890625000000000000000000000000000000000000
0.0002582838774022130521809681447109596774680539965629577636718750000000000000000000000000000000000000
0.0000616176872544748493749217077564139799505937844514846801757812500000000000000000000000000000000000
0.0000022880110901792018323372239485546941750726546160876750946044921875000000000000000000000000000000
0.0000616176872544748493749217077564139799505937844514846801757812500000000000000000000000000000000000
0.0000615924334409267753773220555046918889274820685386657714843750000000000000000000000000000000000000
0.0000022880110901792018323372239485546941750726546160876750946044921875000000000000000000000000000000
0.0000023619467417879009757462720198173400376617792062461376190185546875000000000000000000000000000000
0.0000616176872544748493749217077564139799505937844514846801757812500000000000000000000000000000000000
0.0000615923065438149519319060987143643615127075463533401489257812500000000000000000000000000000000000
0.0000022880110901792018323372239485546941750726546160876750946044921875000000000000000000000000000000
0.0000022984499758864005039646783573603627814918581862002611160278320312500000000000000000000000000000
0.0000023154356984204599534610605204854039129713783040642738342285156250000000000000000000000000000000
0.0000022880110901792018323372239485546941750726546160876750946044921875000000000000000000000000000000
0.0000022880110901792018323372239485546941750726546160876750946044921875000000000000000000000000000000
0.0000023110331504590712707863237040939452526799868792295455932617187500000000000000000000000000000000
0.0000022895199810283673588968446355185193397119292058050632476806640625000000000000000000000000000000
0.0000022880110901792018323372239485546941750726546160876750946044921875000000000000000000000000000000
0.0000616176872544748493749217077564139799505937844514846801757812500000000000000000000000000000000000
0.0000022880110901792018323372239485546941750726546160876750946044921875000000000000000000000000000000
0.0000022880110901792018323372239485546941750726546160876750946044921875000000000000000000000000000000
0.0000616178141515866728203376645467415073653683066368103027343750000000000000000000000000000000000000
0.0000022895199810283673588968446355185193397119292058050632476806640625000000000000000000000000000000
0.0000022880110901792018323372239485546941750726546160876750946044921875000000000000000000000000000000
0.0000616176872544748493749217077564139799505937844514846801757812500000000000000000000000000000000000
0.0002582838774022130521809681447109596774680539965629577636718750000000000000000000000000000000000000
0.0000022880110901792018323372239485546941750726546160876750946044921875000000000000000000000000000000
0.0000022880110901792018323372239485546941750726546160876750946044921875000000000000000000000000000000
0.0000022895199810283673588968446355185193397119292058050632476806640625000000000000000000000000000000
0.0000022880110901792018323372239485546941750726546160876750946044921875000000000000000000000000000000
0.0002582834928262721352863751089756760848104022443294525146484375000000000000000000000000000000000000
0.0000022880110901792018323372239485546941750726546160876750946044921875000000000000000000000000000000
0.0000022880110901792018323372239485546941750726546160876750946044921875000000000000000000000000000000
0.0000023370722180880976216190651056914262539976334664970636367797851562500000000000000000000000000000
0.0000022880110901792018323372239485546941750726546160876750946044921875000000000000000000000000000000
0.0000616178141515866728203376645467415073653683066368103027343750000000000000000000000000000000000000
0.0000023110331504590712707863237040939452526799868792295455932617187500000000000000000000000000000000
0.0000616178141515866728203376645467415073653683066368103027343750000000000000000000000000000000000000
0.0000022895199810283673588968446355185193397119292058050632476806640625000000000000000000000000000000
0.0000022880110901792018323372239485546941750726546160876750946044921875000000000000000000000000000000
0.0000615926885234459694411571217820267065690131857991218566894531250000000000000000000000000000000000
0.0000022880110901792018323372239485546941750726546160876750946044921875000000000000000000000000000000
0.0000023154356984204599534610605204854039129713783040642738342285156250000000000000000000000000000000
0.0000022985733261233122373765752621821434331650380045175552368164062500000000000000000000000000000000
0.0000616175590690674787565025982694066897238371893763542175292968750000000000000000000000000000000000
0.0000022880110901792018323372239485546941750726546160876750946044921875000000000000000000000000000000
0.0000022880110901792018323372239485546941750726546160876750946044921875000000000000000000000000000000
0.0000022985733261233122373765752621821434331650380045175552368164062500000000000000000000000000000000
0.0000022880110901792018323372239485546941750726546160876750946044921875000000000000000000000000000000
0.0000616176872544748493749217077564139799505937844514846801757812500000000000000000000000000000000000
0.0000022895199810283673588968446355185193397119292058050632476806640625000000000000000000000000000000
0.0000616178141515866728203376645467415073653683066368103027343750000000000000000000000000000000000000
0.0000022880110901792018323372239485546941750726546160876750946044921875000000000000000000000000000000
0.0000024766439451662604882636008196694632488288334570825099945068359375000000000000000000000000000000
0.0000615923065438149519319060987143643615127075463533401489257812500000000000000000000000000000000000
0.0000616175590690674787565025982694066897238371893763542175292968750000000000000000000000000000000000
0.0000616176872544748493749217077564139799505937844514846801757812500000000000000000000000000000000000
0.0000616175590690674787565025982694066897238371893763542175292968750000000000000000000000000000000000
0.0000022895199810283673588968446355185193397119292058050632476806640625000000000000000000000000000000
0.0000022895199810283673588968446355185193397119292058050632476806640625000000000000000000000000000000
0.0000022880110901792018323372239485546941750726546160876750946044921875000000000000000000000000000000
0.0000022880110901792018323372239485546941750726546160876750946044921875000000000000000000000000000000
0.0000615924347292223361028523642701770768326241523027420043945312500000000000000000000000000000000000
0.0000022895199810283673588968446355185193397119292058050632476806640625000000000000000000000000000000
0.0000022880110901792018323372239485546941750726546160876750946044921875000000000000000000000000000000
0.0000022895199810283673588968446355185193397119292058050632476806640625000000000000000000000000000000
0.0000616178141515866728203376645467415073653683066368103027343750000000000000000000000000000000000000
0.0000023154356984204599534610605204854039129713783040642738342285156250000000000000000000000000000000
0.0000616175590690674787565025982694066897238371893763542175292968750000000000000000000000000000000000
0.0000022880110901792018323372239485546941750726546160876750946044921875000000000000000000000000000000
0.0000022880110901792018323372239485546941750726546160876750946044921875000000000000000000000000000000
0.0000616176872544748493749217077564139799505937844514846801757812500000000000000000000000000000000000
0.0000023536535741221039851024058459083576622106193099170923233032226562500000000000000000000000000000
0.0000615925616263341459957411649916991791542386636137962341308593750000000000000000000000000000000000
0.0000022880110901792018323372239485546941750726546160876750946044921875000000000000000000000000000000
0.0000616175590690674787565025982694066897238371893763542175292968750000000000000000000000000000000000
0.0000616175590690674787565025982694066897238371893763542175292968750000000000000000000000000000000000
0.0002582584966915531547379525356689100590301677584648132324218750000000000000000000000000000000000000
0.0000616175590690674787565025982694066897238371893763542175292968750000000000000000000000000000000000
0.0000022880110901792018323372239485546941750726546160876750946044921875000000000000000000000000000000
0.0000023064950030813889001672211537252721313961956184357404708862304687500000000000000000000000000000
0.0000616175590690674787565025982694066897238371893763542175292968750000000000000000000000000000000000
0.0002582584979798487425685371565720060971216298639774322509765625000000000000000000000000000000000000
0.0000616174295756457423732174727426524896145565435290336608886718750000000000000000000000000000000000
0.0000023485086482328371512316375624429554136440856382250785827636718750000000000000000000000000000000
0.0000027252312032145343623310701497430841300229076296091079711914062500000000000000000000000000000000
0.0000023110331504590712707863237040939452526799868792295455932617187500000000000000000000000000000000
0.0000022880110901792018323372239485546941750726546160876750946044921875000000000000000000000000000000
0.0000022880110901792018323372239485546941750726546160876750946044921875000000000000000000000000000000
0.0000023154249979394220452350548755671155731761245988309383392333984375000000000000000000000000000000
0.0000022880110901792018323372239485546941750726546160876750946044921875000000000000000000000000000000
0.0000616178141515866728203376645467415073653683066368103027343750000000000000000000000000000000000000
0.0000616178141515866728203376645467415073653683066368103027343750000000000000000000000000000000000000
0.0000022984499758864005039646783573603627814918581862002611160278320312500000000000000000000000000000
0.0000616176872544748493749217077564139799505937844514846801757812500000000000000000000000000000000000
0.0000025046516689943187819033382224276351735170464962720870971679687500000000000000000000000000000000
0.0002582836223196938716696602345024302849196828901767730712890625000000000000000000000000000000000000
0.0000616178141515866728203376645467415073653683066368103027343750000000000000000000000000000000000000
0.0002582838774022130521809681447109596774680539965629577636718750000000000000000000000000000000000000
0.0000615926885234459694411571217820267065690131857991218566894531250000000000000000000000000000000000
0.0000022880110901792018323372239485546941750726546160876750946044921875000000000000000000000000000000
0.0000022880110901792018323372239485546941750726546160876750946044921875000000000000000000000000000000
0.0000022895199810283673588968446355185193397119292058050632476806640625000000000000000000000000000000
0.0002582838774022130521809681447109596774680539965629577636718750000000000000000000000000000000000000
0.0000022880110901792018323372239485546941750726546160876750946044921875000000000000000000000000000000
0.0000615923065438149519319060987143643615127075463533401489257812500000000000000000000000000000000000
0.0000022880110901792018323372239485546941750726546160876750946044921875000000000000000000000000000000
0.0000023280188729931527431393344790278021605445246677845716476440429687500000000000000000000000000000
0.0000616176872544748493749217077564139799505937844514846801757812500000000000000000000000000000000000
0.0000024368648961859191229555477581358857719351362902671098709106445312500000000000000000000000000000
0.0000023110331504590712707863237040939452526799868792295455932617187500000000000000000000000000000000
0.0000022880110901792018323372239485546941750726546160876750946044921875000000000000000000000000000000
0.0000616178141515866728203376645467415073653683066368103027343750000000000000000000000000000000000000
0.0000616175590690674787565025982694066897238371893763542175292968750000000000000000000000000000000000
0.0000616174295756457423732174727426524896145565435290336608886718750000000000000000000000000000000000
0.0000022880110901792018323372239485546941750726546160876750946044921875000000000000000000000000000000
0.0000615673091010816191711446654366568509431090205907821655273437500000000000000000000000000000000000
0.0000022984499758864005039646783573603627814918581862002611160278320312500000000000000000000000000000
0.0000616176872544748493749217077564139799505937844514846801757812500000000000000000000000000000000000
0.0000022984499758864005039646783573603627814918581862002611160278320312500000000000000000000000000000
0.0000616176872544748493749217077564139799505937844514846801757812500000000000000000000000000000000000
0.0000022880110901792018323372239485546941750726546160876750946044921875000000000000000000000000000000
0.0000616175590690674787565025982694066897238371893763542175292968750000000000000000000000000000000000
0.0000616174295756457423732174727426524896145565435290336608886718750000000000000000000000000000000000
0.0000022984499758864005039646783573603627814918581862002611160278320312500000000000000000000000000000
0.0000615924347292223361028523642701770768326241523027420043945312500000000000000000000000000000000000
0.0000022880110901792018323372239485546941750726546160876750946044921875000000000000000000000000000000
0.0000024640607705935672750688532339768954670944367535412311553955078125000000000000000000000000000000
0.0000022985733261233122373765752621821434331650380045175552368164062500000000000000000000000000000000
0.0000616176872544748493749217077564139799505937844514846801757812500000000000000000000000000000000000
0.0000022895199810283673588968446355185193397119292058050632476806640625000000000000000000000000000000
0.0000022880110901792018323372239485546941750726546160876750946044921875000000000000000000000000000000
0.0000616178141515866728203376645467415073653683066368103027343750000000000000000000000000000000000000
0.0000616175590690674787565025982694066897238371893763542175292968750000000000000000000000000000000000
0.0000616175590690674787565025982694066897238371893763542175292968750000000000000000000000000000000000
0.0002582838774022130521809681447109596774680539965629577636718750000000000000000000000000000000000000
0.0000022985733261233122373765752621821434331650380045175552368164062500000000000000000000000000000000
0.0000022880110901792018323372239485546941750726546160876750946044921875000000000000000000000000000000
0.0000615671783193643356148563872132228880218463018536567687988281250000000000000000000000000000000000
0.0000022895199810283673588968446355185193397119292058050632476806640625000000000000000000000000000000
0.0000616178141515866728203376645467415073653683066368103027343750000000000000000000000000000000000000
0.0000023324107204734814947314370386921567046556447166949510574340820312500000000000000000000000000000
0.0000616176872544748493749217077564139799505937844514846801757812500000000000000000000000000000000000
0.0000022895199810283673588968446355185193397119292058050632476806640625000000000000000000000000000000
0.0000022880110901792018323372239485546941750726546160876750946044921875000000000000000000000000000000
0.0000616175590690674787565025982694066897238371893763542175292968750000000000000000000000000000000000
0.0000022880110901792018323372239485546941750726546160876750946044921875000000000000000000000000000000
0.0000616178141515866728203376645467415073653683066368103027343750000000000000000000000000000000000000
0.0000022895199810283673588968446355185193397119292058050632476806640625000000000000000000000000000000
0.0000022880110901792018323372239485546941750726546160876750946044921875000000000000000000000000000000
0.0000616178141515866728203376645467415073653683066368103027343750000000000000000000000000000000000000
0.0000022984499758864005039646783573603627814918581862002611160278320312500000000000000000000000000000
0.0000022880110901792018323372239485546941750726546160876750946044921875000000000000000000000000000000
0.0000022880110901792018323372239485546941750726546160876750946044921875000000000000000000000000000000
0.0000023064950030813889001672211537252721313961956184357404708862304687500000000000000000000000000000
0.0000616178141515866728203376645467415073653683066368103027343750000000000000000000000000000000000000
0.0000022985733261233122373765752621821434331650380045175552368164062500000000000000000000000000000000
0.0000022880110901792018323372239485546941750726546160876750946044921875000000000000000000000000000000
0.0000022880110901792018323372239485546941750726546160876750946044921875000000000000000000000000000000
0.0000022895199810283673588968446355185193397119292058050632476806640625000000000000000000000000000000
0.0000022880110901792018323372239485546941750726546160876750946044921875000000000000000000000000000000
0.0000616175590690674787565025982694066897238371893763542175292968750000000000000000000000000000000000
0.0000615924334409267753773220555046918889274820685386657714843750000000000000000000000000000000000000
0.0000616175590690674787565025982694066897238371893763542175292968750000000000000000000000000000000000
0.0002582838774022130521809681447109596774680539965629577636718750000000000000000000000000000000000000
0.0000022880110901792018323372239485546941750726546160876750946044921875000000000000000000000000000000
0.0000022895199810283673588968446355185193397119292058050632476806640625000000000000000000000000000000
0.0000023154356984204599534610605204854039129713783040642738342285156250000000000000000000000000000000
0.0000023634556326370669258223663339313347364623041357845067977905273437500000000000000000000000000000
0.0000616176872544748493749217077564139799505937844514846801757812500000000000000000000000000000000000
0.0000022895199810283673588968446355185193397119292058050632476806640625000000000000000000000000000000
0.0002582836223196938716696602345024302849196828901767730712890625000000000000000000000000000000000000
0.0000616175590690674787565025982694066897238371893763542175292968750000000000000000000000000000000000
0.0000023110331504590712707863237040939452526799868792295455932617187500000000000000000000000000000000
0.0000615921770503932155486209731876101614034269005060195922851562500000000000000000000000000000000000
0.0000022985733261233122373765752621821434331650380045175552368164062500000000000000000000000000000000
0.0000022984499758864005039646783573603627814918581862002611160278320312500000000000000000000000000000
0.0000616176872544748493749217077564139799505937844514846801757812500000000000000000000000000000000000
0.0000615921770503932155486209731876101614034269005060195922851562500000000000000000000000000000000000
0.0000023154356984204599534610605204854039129713783040642738342285156250000000000000000000000000000000
0.0002582837505051012558406065000582430002395994961261749267578125000000000000000000000000000000000000
0.0002582837505051012558406065000582430002395994961261749267578125000000000000000000000000000000000000
0.0000022880110901792018323372239485546941750726546160876750946044921875000000000000000000000000000000
0.0000616176872544748493749217077564139799505937844514846801757812500000000000000000000000000000000000
