7
28
30
48
53
63
65
74
79
116
118
125
128
139
141
146
156
162
167
177
205
206
213
221
230
256
271
280
296
306
312
313
316
317
320
335
351
354
368
377
393
403
433
437
439
456
470
477
482
494
505
517
522
524
554
564
565
570
573
576
591
600
604
627
629
654
674
696
702
726
742
745
746
762
776
810
811
816
829
850
861
873
874
921
927
939
952
956
958
963
968
978
981
984
998
1020
1037
1042
1052
1054
1064
1094
1100
1113
1129
1147
1150
1169
1199
1212
1226
1230
1248
1274
1281
1282
1286
1307
1310
1320
1329
1332
1337
1346
1356
1382
1400
1410
1415
1417
1419
1433
1437
1445
1455
1456
1473
1489
1512
1532
1534
1544
1559
1564
1578
1593
1594
1631
1632
1646
1684
1688
1700
1713
1724
1739
1741
1743
1745
1752
1787
1794
1801
1804
1824
1843
1855
1860
1877
1884
1890
1922
1927
1943
1953
1969
1976
1981
1986
1992
2000
2019
2037
2047
2049
2064
2069
2070
2073
2077
2087
2092
2102
2103
2130
2153
2185
2202
2203
2220
2231
2239
2243
2251
2259
2260
2261
2283
2286
2297
2298
2299
2315
2325
2327
2330
2331
2333
2337
2360
2363
2370
2383
2387
2393
2400
2405
2422
2428
2431
2440
2448
2449
2472
2478
2484
2492
2510
2513
2517
2518
2521
2524
2525
2552
2561
2562
2570
2580
2585
2586
2587
2598
2611
2632
2642
2644
2667
2676
2680
2682
2700
2701
2718
2720
2745
2761
2771
2788
2803
2811
2819
2824
2855
2862
2866
2876
2877
2881
2883
2887
2911
2915
2966
2974
2994
2998
3023
3026
3046
3055
3070
3077
3088
3091
3112
3113
3160
3170
3187
3194
3205
3224
3227
3238
3239
3244
3248
3259
3260
3276
3281
3293
3296
3304
3311
3315
3327
3328
3336
3345
3354
3358
3367
3373
3377
3380
3404
3409
3424
3427
3433
3435
3446
3447
3454
3461
3476
3486
3494
3500
3512
3517
3518
3528
3532
3549
3571
3575
3594
3625
3632
3640
3649
3662
3670
3678
3690
3705
3707
3725
3727
3729
3760
3762
3767
3768
3769
3771
3773
3774
3775
3786
3788
3803
3813
3823
3843
3844
3849
3851
3855
3865
3866
3883
3890
3901
3922
3923
3925
3927
3942
3946
3960
3961
3962
3969
3971
3972
3980
4002
4003
4006
4023
4040
4041
4042
4043
4053
4079
4095
4107
4110
4118
4127
4153
4158
4159
4165
4169
4175
4180
4196
4203
4204
4225
4233
4245
4249
4251
4260
4267
4269
4270
4273
4281
4282
4284
4285
4291
4319
4326
4327
4352
4363
4367
4372
4374
4380
4387
4400
4427
4450
4452
4461
4469
4474
4480
4496
4509
4527
4533
4534
4544
4560
4581
4584
4589
4590
4597
4625
4626
4628
4629
4660
4697
4711
4725
4731
4759
4768
4773
4776
4790
4800
4809
4813
4821
4832
4840
4852
4860
4867
4872
4895
4908
4914
4917
4923
4925
4928
4939
4943
4953
4959
4962
4979
4981
4986
4988
4996
5011
5017
5019
5022
5043
5048
5057
5060
5087
5099
5107
5110
5145
5159
5173
5181
5227
5234
5241
5242
5251
5269
5306
5315
5316
5325
5346
5349
5351
5359
5363
5383
5397
5400
5404
5414
5430
5460
5480
5488
5494
5504
5514
5528
5546
5549
5553
5557
5599
5604
5608
5642
5643
5654
5656
5668
5669
5670
5671
5672
5677
5679
5698
5700
5705
5724
5728
5744
5745
5758
5769
5781
5802
5812
5816
5837
5838
5840
5855
5856
5861
5884
5915
5916
5920
5952
5953
5957
5964
5985
5990
5991
6003
6015
6026
6028
6040
6045
6048
6056
6080
6086
6116
6122
6124
6138
6139
6141
6142
6160
6161
6168
6182
6188
6190
6191
6195
6208
6209
6211
6220
6224
6237
6252
6262
6270
6275
6305
6318
6328
6335
6341
6360
6369
6370
6371
6372
6378
6385
6395
6436
6445
6468
6472
6483
6494
6517
6521
6531
6542
6562
6570
6585
6587
6602
6611
6647
6652
6673
6686
6689
6702
6715
6747
6752
6764
6772
6775
6783
6785
6792
6793
6802
6808
6840
6852
6857
6876
6894
6897
6899
6934
6944
6946
6983
6986
6988
6989
7000
7012
7014
7018
7031
7057
7088
7097
7102
7103
7116
7118
7123
7136
7141
7151
7159
7161
7169
7170
7180
7204
7215
7231
7241
7274
7286
7296
7297
7308
7313
7314
7317
7318
7329
7339
7341
7405
7410
7414
7422
7433
7453
7460
7463
7464
7483
7493
7501
7509
7510
7516
7519
7544
7561
7562
7573
7580
7581
7609
7611
7615
7619
7622
7642
7643
7644
7651
7680
7692
7696
7697
7703
7717
7721
7736
7738
7746
7750
7755
7764
7772
7777
7782
7806
7822
7846
7847
7848
7855
7861
7874
7884
7885
7901
7920
7929
7932
7935
7953
7956
7973
7994
8000
8001
8002
8004
8013
8024
8057
8064
8086
8092
8098
8110
8112
8119
8123
8133
8136
8144
8145
8148
8152
8165
8166
8170
8177
8183
8189
8199
8201
8205
8206
8214
8219
8226
8240
8253
8260
8261
8271
8280
8284
8286
8287
8293
8309
8312
8314
8318
8320
8347
8356
8361
8374
8381
8384
8391
8396
8399
8407
8425
8435
8444
8454
8465
8466
8468
8470
8476
8485
8486
8495
8498
8502
8505
8511
8533
8535
8542
8545
8562
8567
8576
8595
8597
8599
8604
8615
8624
8627
8632
8648
8653
8675
8693
8697
8698
8703
8713
8725
8730
8731
8750
8757
8760
8764
8773
8776
8778
8781
8785
8787
8791
8793
8795
8811
8817
8830
8864
8897
8906
8913
8917
8926
8935
8936
8938
8959
8976
8977
8983
8984
9005
9017
9037
9062
9082
9093
9094
9097
9116
9137
9156
9162
9182
9183
9214
9220
9223
9225
9230
9246
9249
9261
9272
9275
9313
9316
9335
9346
9352
9357
9373
9375
9376
9380
9388
9397
9409
9411
9430
9449
9451
9468
9476
9477
9489
9540
9547
9570
9574
9575
9589
9594
9604
9608
9616
9620
9630
9656
9680
9699
9706
9708
9726
9740
9755
9756
9761
9772
9774
9780
9790
9798
9831
9849
9854
9857
9863
9866
9867
9889
9943
9961
9966
9991
10000
10002
10007
10011
10040
10046
10049
10052
10055
10072
10081
10089
10092
10105
10106
10109
10141
10150
10161
10171
10177
10186
10194
10195
10196
10222
10263
10280
10284
10286
10287
10297
10301
10305
10306
10315
10320
10328
10333
10344
10363
10368
10369
10383
10397
10436
10460
10477
10493
10494
10497
10505
10519
10521
10555
10571
10601
10614
10675
10688
10710
10720
10744
10751
10757
10767
10771
10774
10785
10801
10806
10811
10816
10858
10877
10883
10890
10895
10902
10934
10957
10991
11016
11018
11019
11030
11031
11053
11062
11064
11083
11099
11105
11126
11138
11149
11152
11174
11206
11207
11210
11221
11228
11244
11246
11252
11261
11272
11274
11294
11300
11311
11326
11328
11329
11339
11347
11352
11356
11357
11364
11371
11383
11396
11416
11449
11455
11483
11485
11495
11499
11506
11535
11551
11576
11579
11581
11582
11600
11612
11623
11624
11628
11639
11651
11660
11665
11670
11684
11689
11705
11718
11727
11728
11732
11736
11747
11769
11777
11793
11804
11812
11816
11821
11835
11839
11847
11876
11887
11893
11897
11899
11941
11959
11965
11970
11978
11987
11992
11999
12006
12016
12031
12045
12061
12078
12080
12102
12104
12112
12142
12176
12179
12233
12259
12266
12303
12305
12316
12323
12327
12345
12354
12366
12370
12371
12373
12376
12377
12382
12383
12386
12405
12424
12430
12435
12446
12450
12459
12465
12474
12484
12522
12529
12550
12554
12557
12558
12559
12562
12568
12600
12602
12668
12672
12676
12677
12686
12690
12700
12747
12758
12779
12802
12811
12830
12833
12845
12852
12853
12854
12858
12865
12875
12890
12899
12910
12912
12921
12928
12933
12947
12949
12986
12997
13005
13007
13013
13036
13039
13043
13051
13068
13073
13086
13090
13094
13099
13119
13121
13131
13149
13150
13165
13166
13169
13183
13193
13202
13206
13208
13210
13213
13225
13244
13274
13296
13297
13305
13306
13322
13329
13330
13345
13349
13361
13364
13365
13396
13403
13414
13422
13428
13442
13466
13479
13487
13488
13496
13502
13518
13524
13528
13535
13552
13569
13570
13583
13584
13585
13586
13600
13611
13639
13640
13648
13655
13682
13702
13715
13716
13724
13726
13735
13738
13756
13762
13766
13772
13786
13790
13793
13798
13815
13821
13841
13849
13864
13871
13878
13889
13891
13898
13899
13921
13922
13946
13955
13960
13981
13991
13996
14001
14020
14029
14032
14045
14054
14063
14065
14072
14076
14082
14092
14107
14109
14117
14124
14136
14147
14149
14159
14160
14164
14182
14191
14199
14214
14231
14237
14251
14259
14296
14305
14319
14320
14328
14336
14353
14359
14370
14400
14406
14422
14423
14468
14473
14476
14479
14485
14486
14507
14512
14516
14524
14529
14551
14559
14568
14584
14596
14606
14613
14615
14620
14629
14651
14654
14690
14694
14703
14716
14728
14740
14744
14784
14797
14818
14820
14824
14827
14831
14857
14881
14884
14889
14900
14902
14908
14911
14913
14919
14940
14959
14979
14987
14993
14997
15007
15014
15026
15031
15033
15058
15059
15103
15109
15123
15142
15143
15177
15179
15181
15189
15190
15204
15218
15219
15226
15230
15237
15238
15239
15242
15250
15261
15286
15292
15296
15298
15299
15301
15304
15336
15355
15362
15363
15367
15368
15369
15379
15383
15401
15426
15437
15441
15450
15461
15471
15492
15524
15526
15528
15544
15558
15572
15598
15612
15627
15663
15675
15696
15707
15716
15734
15750
15751
15756
15757
15761
15767
15775
15795
15802
15805
15822
15832
15833
15835
15839
15841
15891
15893
15911
15916
15926
15929
15932
15948
15950
15963
15966
15979
15981
16007
16013
16038
16041
16046
16048
16055
16074
16091
16103
16115
16132
16133
16141
16152
16190
16201
16216
16217
16218
16221
16224
16254
16281
16284
16287
16297
16298
16314
16326
16347
16348
16360
16366
16375
16381
16385
16401
16422
16423
16427
16429
16432
16433
16441
16448
16453
16456
16479
16484
16488
16510
16539
16541
16561
16576
16592
16610
16614
16619
16650
16662
16681
16694
16726
16728
16739
16743
16745
16766
16781
16790
16794
16795
16797
16801
16804
16814
16825
16829
16831
16849
16868
16877
16896
16904
16910
16920
16923
16937
16953
16969
16970
16972
16973
17010
17016
17038
17042
17050
17066
17086
17088
17094
17099
17101
17108
17109
17135
17139
17142
17160
17161
17172
17174
17191
17194
17203
17221
17225
17238
17242
17246
17252
17267
17294
17297
17303
17311
17316
17340
17345
17351
17353
17358
17385
17386
17404
17423
17430
17431
17441
17467
17474
17498
17520
17532
17553
17561
17562
17567
17575
17576
17595
17599
17610
17643
17660
17661
17668
17672
17692
17695
17698
17702
17703
17708
17757
17767
17769
17776
17779
17794
17802
17805
17806
17813
17821
17836
17862
17874
17881
17910
17919
17940
17950
17952
17953
17956
17963
17967
17980
17983
17986
17989
17994
18015
18027
18033
18057
18059
18066
18079
18082
18086
18088
18100
18106
18107
18124
18127
18135
18141
18175
18179
18181
18184
18197
18213
18220
18222
18235
18244
18247
18258
18259
18286
18292
18299
18309
18320
18326
18328
18330
18338
18343
18357
18375
18381
18382
18388
18389
18403
18408
18414
18415
18417
18434
18439
18441
18466
18469
18474
18487
18489
18513
18541
18548
18566
18577
18582
18587
18591
18603
18630
18634
18658
18660
18670
18676
18678
18683
18695
18708
18712
18714
18721
18722
18728
18731
18786
18801
18841
18865
18869
18872
18890
18899
18904
18912
18913
18919
18925
18934
18949
18950
18954
18959
18964
18967
18980
18984
18987
18995
19007
19012
19015
19024
19070
19073
19083
19089
19090
19093
19096
19113
19124
19126
19138
19141
19163
19179
19186
19232
19237
19244
19248
19253
19256
19284
19295
19308
19316
19330
19331
19336
19337
19339
19344
19347
19363
19379
19417
19445
19455
19456
19471
19475
19506
19517
19536
19539
19543
19551
19555
19558
19563
19567
19568
19586
19606
19628
19655
19670
19680
19705
19709
19731
19736
19738
19741
19742
19744
19760
19762
19774
19778
19794
19809
19819
19837
19842
19844
19867
19869
19873
19888
19889
19910
19912
19914
19915
19917
19926
19934
19940
19947
19950
19962
19982
19990
20011
20017
20019
20034
20049
20054
20061
20077
20080
20094
20095
20105
20107
20141
20147
20156
20157
20173
20177
20183
20189
20201
20209
20214
20215
20224
20231
20247
20264
20277
20296
20313
20314
20316
20318
20324
20328
20339
20348
20361
20369
20374
20376
20381
20403
20422
20475
20479
20483
20506
20516
20527
20528
20532
20552
20557
20559
20598
20605
20609
20624
20626
20640
20645
20671
20674
20690
20693
20694
20715
20716
20717
20737
20762
20767
20772
20773
20778
20782
20783
20806
20807
20810
20814
20824
20831
20849
20851
20886
20893
20897
20909
20916
20923
20940
20954
20990
20996
21028
21029
21042
21045
21050
21058
21063
21093
21095
21099
21102
21112
21121
21129
21146
21148
21151
21163
21193
21201
21206
21215
21233
21235
21239
21267
21271
21285
21296
21297
21303
21319
21324
21332
21341
21342
21343
21347
21359
21362
21366
21372
21382
21385
21414
21432
21437
21455
21478
21479
21483
21489
21490
21499
21504
21535
21538
21552
21554
21555
21560
21569
21571
21576
21592
21593
21601
21636
21637
21641
21649
21667
21674
21681
21703
21737
21755
21761
21801
21813
21814
21817
21818
21823
21836
21850
21863
21868
21890
21903
21916
21917
21936
21947
21961
21966
21973
21977
21987
21994
22004
22006
22009
22027
22036
22048
22057
22068
22073
22075
22080
22092
22098
22115
22128
22138
22142
22147
22153
22160
22171
22178
22184
22186
22197
22204
22208
22209
22212
22219
22224
22234
22245
22246
22249
22253
22272
22280
22291
22316
22337
22341
22350
22356
22359
22360
22361
22362
22375
22376
22402
22456
22474
22476
22507
22515
22532
22553
22556
22563
22574
22584
22594
22606
22619
22621
22622
22647
22649
22662
22664
22693
22698
22699
22731
22735
22752
22770
22772
22779
22782
22788
22791
22807
22808
22838
22850
22851
22856
22870
22871
22878
22891
22935
22950
22951
22967
22968
22974
22975
22978
22998
23024
23025
23029
23033
23039
23041
23055
23096
23099
23113
23155
23158
23184
23186
23199
23208
23219
23225
23232
23259
23273
23289
23302
23315
23316
23326
23334
23336
23337
23373
23392
23396
23418
23434
23446
23460
23477
23485
23491
23513
23521
23522
23535
23538
23542
23543
23544
23551
23562
23569
23577
23596
23597
23606
23614
23616
23620
23622
23648
23649
23653
23685
23701
23704
23727
23742
23743
23759
23764
23770
23774
23783
23795
23799
23801
23807
23809
23810
23838
23845
23846
23847
23896
23900
23909
23921
23936
23943
23959
23966
23982
23983
24017
24021
24023
24024
24033
24034
24060
24076
24085
24093
24135
24142
24146
24153
24161
24164
24172
24174
24199
24225
24246
24252
24253
24254
24255
24262
24295
24304
24306
24310
24318
24328
24365
24384
24387
24390
24398
24400
24402
24410
24419
24427
24438
24471
24473
24478
24483
24504
24512
24519
24524
24529
24540
24541
24544
24568
24576
24588
24594
24598
24599
24607
24610
24616
24621
24622
24646
24648
24651
24655
24676
24678
24680
24694
24699
24715
24748
24749
24750
24769
24775
24777
24782
24821
24839
24850
24868
24876
24884
24885
24888
24902
24904
24905
24910
24928
24946
24953
24960
24987
24994
24998
24999
25009
25013
25029
25032
25033
25034
25059
25060
25064
25076
25093
25097
25113
25117
25120
25124
25130
25132
25156
25162
25163
25170
25176
25184
25185
25188
25213
25219
25220
25235
25236
25238
25240
25243
25251
25252
25261
25266
25271
25279
25284
25288
25298
25300
25309
25316
25333
25371
25377
25398
25408
25409
25410
25417
25427
25439
25450
25491
25507
25508
25525
25527
25530
25533
25534
25542
25577
25584
25593
25596
25601
25620
25634
25651
25662
25665
25670
25676
25705
25718
25719
25740
25743
25754
25758
25773
25783
25787
25788
25800
25804
25807
25816
25837
25841
25846
25850
25861
25868
25877
25890
25895
25897
25898
25913
25914
25915
25980
25990
25994
26003
26020
26023
26030
26051
26055
26061
26079
26080
26097
26164
26178
26179
26181
26183
26190
26192
26198
26202
26203
26210
26221
26238
26248
26255
26283
26288
26290
26309
26316
26318
26332
26339
26344
26349
26375
26378
26381
26383
26392
26397
26412
26436
26441
26443
26447
26458
26464
26468
26473
26502
26517
26518
26522
26544
26554
26559
26572
26574
26581
26588
26611
26620
26638
26640
26660
26661
26663
26672
26674
26675
26691
26699
26700
26701
26707
26712
26716
26723
26733
26738
26767
26768
26775
26783
26784
26791
26800
26802
26807
26835
26848
26854
26855
26859
26862
26863
26868
26875
26877
26907
26941
26954
26961
26970
26972
26995
27001
27005
27009
27011
27016
27028
27037
27046
27068
27075
27087
27093
27094
27109
27111
27116
27122
27124
27132
27134
27145
27150
27156
27161
27176
27192
27194
27199
27211
27225
27233
27246
27259
27264
27275
27291
27325
27326
27336
27383
27389
27401
27402
27406
27410
27425
27430
27456
27478
27479
27488
27489
27504
27534
27553
27554
27555
27584
27604
27641
27667
27696
27709
27714
27727
27752
27763
27764
27773
27784
27789
27794
27800
27806
27816
27820
27825
27827
27836
27854
27858
27863
27884
27885
27886
27887
27892
27903
27921
27924
27930
27932
27955
27964
27976
27984
27994
27995
27998
28004
28005
28008
28012
28031
28035
28047
28050
28061
28062
28075
28108
28111
28117
28121
28127
28138
28149
28154
28161
28166
28167
28172
28198
28202
28211
28215
28226
28227
28231
28233
28234
28241
28251
28258
28267
28268
28270
28283
28298
28300
28306
28315
28328
28342
28343
28345
28370
28379
28382
28385
28393
28395
28405
28428
28447
28450
28460
28463
28466
28482
28487
28488
28493
28527
28537
28548
28549
28554
28564
28599
28602
28625
28634
28643
28674
28675
28682
28683
28685
28705
28708
28724
28729
28730
28732
28735
28739
28748
28765
28773
28802
28809
28814
28820
28833
28841
28866
28879
28883
28889
28932
28944
28947
28949
28968
28972
28979
28982
29010
29011
29013
29031
29042
29048
29057
29059
29071
29084
29090
29091
29101
29110
29112
29118
29125
29133
29137
29138
29166
29170
29172
29182
29190
29193
29217
29224
29240
29243
29251
29256
29259
29276
29279
29296
29334
29345
29347
29355
29356
29372
29375
29387
29391
29393
29401
29416
29434
29443
29473
29480
29487
29489
29501
29504
29545
29553
29566
29572
29580
29581
29618
29620
29634
29635
29645
29649
29653
29660
29666
29669
29685
29689
29702
29709
29715
29725
29737
29743
29752
29754
29772
29775
29781
29784
29793
29798
29800
29808
29812
29837
29838
29839
29841
29843
29858
29865
29869
29903
29906
29922
29926
29930
29945
29951
29955
29964
29983
29987
29998
30007
30014
30019
30029
30034
30037
30068
30074
30077
30079
30104
30105
30115
30124
30129
30145
30148
30177
30186
30209
30219
30225
30231
30235
30243
30249
30288
30327
30333
30346
30347
30351
30362
30377
30418
30452
30462
30464
30467
30484
30485
30489
30497
30543
30548
30559
30567
30576
30577
30598
30605
30625
30626
30634
30639
30674
30677
30682
30697
30722
30723
30729
30730
30771
30775
30791
30796
30801
30810
30816
30817
30832
30861
30884
30885
30912
30918
30921
30960
30972
30976
30986
30989
30990
31015
31027
31034
31046
31048
31053
31072
31082
31084
31085
31090
31091
31099
31143
31155
31169
31170
31175
31190
31193
31198
31201
31207
31232
31239
31247
31255
31257
31265
31266
31269
31280
31283
31287
31292
31299
31344
31352
31355
31359
31365
31386
31393
31395
31402
31404
31406
31408
31424
31426
31431
31449
31450
31453
31461
31470
31489
31490
31497
31510
31522
31545
31554
31559
31575
31582
31585
31614
31624
31625
31626
31640
31644
31647
31653
31665
31679
31683
31687
31693
31700
31715
31718
31723
31740
31741
31746
31764
31771
31777
31778
31779
31786
31802
31805
31820
31822
31829
31835
31856
31862
31864
31905
31907
31909
31911
31912
31927
31941
31963
31969
31971
31979
31982
32000
32011
32024
32037
32040
32053
32061
32081
32083
32109
32110
32112
32131
32144
32170
32188
32197
32207
32208
32229
32241
32250
32259
32261
32267
32283
32298
32300
32304
32319
32320
32323
32334
32348
32349
32351
32393
32398
32424
32426
32448
32450
32454
32468
32471
32481
32482
32488
32499
32508
32512
32533
32538
32540
32545
32549
32592
32606
32610
32611
32613
32616
32618
32623
32628
32640
32646
32661
32664
32665
32685
32690
32703
32710
32733
32736
32737
32738
32741
32749
32753
32760
32773
32797
32799
32804
32809
32811
32824
32825
32826
32828
32836
32837
32847
32854
32871
32876
32892
32898
32899
32920
32927
32935
32938
32940
32945
32970
32980
32984
32987
32995
32997
33001
33006
33014
33030
33048
33052
33054
33056
33061
33068
33075
33082
33094
33096
33114
33115
33124
33130
33150
33166
33171
33185
33196
33206
33213
33216
33222
33229
33231
33239
33248
33264
33278
33284
33285
33298
33303
33307
33329
33343
33345
33352
33362
33368
33370
33380
33383
33384
33410
33412
33447
33453
33454
33462
33463
33473
33480
33492
33493
33497
33514
33517
33528
33534
33552
33554
33556
33581
33583
33605
33633
33640
33644
33664
33673
33686
33691
33694
33697
33698
33711
33712
33724
33759
33761
33768
33788
33792
33811
33848
33857
33867
33871
33879
33897
33909
33910
33915
33922
33924
33926
33934
33946
33957
33970
33988
33991
33996
33997
34003
34004
34007
34010
34015
34017
34040
34048
34049
34050
34054
34056
34059
34065
34069
34082
34090
34095
34102
34104
34121
34128
34136
34143
34154
34161
34172
34174
34180
34183
34187
34189
34202
34207
34209
34218
34223
34224
34226
34227
34266
34277
34278
34288
34298
34306
34307
34308
34322
34331
34340
34352
34356
34387
34390
34401
34405
34421
34423
34427
34432
34434
34440
34449
34468
34480
34486
34491
34494
34510
34541
34560
34565
34567
34570
34578
34605
34640
34654
34661
34665
34674
34686
34698
34740
34748
34751
34756
34764
34776
34784
34787
34795
34807
34833
34860
34865
34883
34885
34896
34905
34907
34914
34922
34926
34927
34928
34935
34938
34944
34945
34963
34969
34971
34972
34980
34984
35011
35016
35034
35039
35052
35054
35056
35078
35086
35092
35099
35114
35120
35123
35127
35137
35138
35140
35170
35179
35183
35211
35212
35213
35219
35230
35252
35259
35264
35269
35281
35296
35298
35344
35347
35353
35368
35372
35385
35395
35396
35414
35431
35432
35444
35474
35483
35484
35489
35493
35525
35531
35550
35559
35561
35563
35566
35573
35607
35616
35638
35640
35646
35654
35661
35685
35690
35698
35706
35716
35723
35734
35752
35766
35791
35795
35803
35818
35833
35839
35844
35858
35868
35880
35887
35888
35900
35913
35914
35922
35935
35942
35952
35965
35982
35984
35986
35988
35993
36010
36011
36012
36017
36045
36047
36058
36060
36061
36067
36068
36069
36090
36092
36120
36124
36137
36170
36172
36176
36180
36196
36203
36243
36249
36252
36253
36266
36273
36277
36280
36289
36305
36321
36323
36325
36333
36335
36339
36359
36363
36368
36402
36408
36410
36414
36417
36431
36451
36463
36466
36469
36486
36492
36497
36504
36509
36515
36519
36521
36527
36548
36573
36578
36582
36585
36588
36592
36604
36620
36642
36645
36651
36652
36657
36662
36684
36691
36700
36702
36705
36707
36709
36713
36714
36755
36761
36770
36772
36799
36815
36832
36844
36848
36849
36856
36860
36861
36875
36886
36890
36898
36899
36917
36926
36935
36946
36948
36964
36965
36982
36984
36994
37024
37026
37031
37040
37079
37090
37091
37116
37126
37154
37157
37168
37172
37185
37211
37219
37221
37227
37228
37231
37233
37271
37279
37283
37286
37289
37296
37303
37306
37315
37322
37324
37339
37343
37352
37354
37361
37363
37388
37406
37412
37418
37435
37443
37458
37475
37484
37485
37490
37493
37500
37501
37546
37556
37560
37594
37605
37606
37620
37641
37646
37661
37670
37691
37713
37767
37773
37778
37783
37784
37797
37803
37804
37814
37825
37831
37836
37841
37849
37852
37855
37860
37863
37867
37872
37874
37876
37899
37905
37911
37914
37940
37956
37967
37972
37973
37978
37983
37986
37987
38011
38034
38050
38054
38067
38076
38082
38094
38097
38126
38143
38160
38184
38187
38192
38204
38210
38219
38249
38264
38273
38323
38325
38326
38331
38348
38366
38372
38375
38388
38400
38412
38413
38421
38432
38450
38453
38457
38466
38491
38493
38497
38499
38505
38512
38533
38549
38556
38560
38581
38585
38587
38592
38597
38611
38613
38619
38624
38643
38644
38649
38684
38690
38710
38719
38722
38751
38755
38758
38774
38776
38780
38809
38812
38817
38822
38836
38857
38861
38865
38867
38872
38878
38900
38904
38911
38918
38956
38986
38987
39009
39020
39022
39030
39070
39072
39074
39089
39117
39124
39136
39146
39158
39160
39164
39166
39173
39175
39185
39192
39193
39198
39205
39206
39222
39239
39261
39276
39290
39322
39333
39342
39357
39366
39394
39416
39425
39437
39450
39452
39463
39482
39486
39497
39508
39540
39567
39568
39577
39598
39603
39605
39608
39609
39613
39616
39629
39637
39639
39644
39654
39656
39660
39672
39673
39685
39686
39687
39692
39734
39737
39738
39754
39765
39766
39771
39775
39778
39784
39786
39797
39801
39802
39828
39837
39842
39864
39869
39881
39882
39894
39902
39923
39929
39955
39964
39966
39970
39992
39999
40025
40033
40040
40067
40070
40090
40091
40094
40111
40119
40124
40127
40129
40148
40157
40174
40176
40178
40180
40190
40214
40226
40252
40258
40263
40265
40271
40274
40295
40312
40326
40336
40338
40345
40353
40355
40362
40363
40373
40379
40388
40392
40410
40413
40427
40432
40456
40471
40474
40475
40490
40510
40523
40546
40555
40567
40581
40593
40606
40607
40609
40613
40617
40636
40659
40666
40696
40710
40714
40720
40730
40747
40759
40773
40793
40801
40813
40814
40817
40818
40837
40848
40851
40866
40877
40894
40896
40927
40930
40939
40958
40976
40995
40997
41000
41006
41014
41045
41071
41079
41081
41083
41095
41098
41108
41110
41113
41123
41124
41141
41142
41144
41160
41173
41185
41240
41251
41254
41258
41269
41277
41314
41320
41331
41335
41342
41352
41358
41364
41366
41371
41374
41379
41383
41386
41388
41396
41397
41430
41436
41451
41463
41464
41468
41476
41509
41537
41559
41576
41588
41598
41610
41626
41646
41656
41661
41667
41672
41674
41679
41695
41720
41737
41761
41765
41766
41768
41784
41801
41804
41813
41819
41835
41839
41845
41847
41851
41852
41878
41891
41918
41919
41925
41940
41943
41946
41950
41962
41965
41973
41974
41976
41985
41987
41990
42006
42042
42054
42078
42082
42083
42084
42098
42125
42129
42147
42152
42161
42166
42175
42180
42192
42237
42244
42253
42259
42260
42278
42292
42294
42297
42326
42328
42368
42382
42385
42391
42401
42415
42419
42438
42454
42457
42458
42467
42477
42489
42491
42494
42550
42609
42628
42640
42643
42644
42654
42655
42657
42667
42672
42689
42694
42702
42715
42748
42757
42766
42772
42782
42785
42789
42795
42798
42800
42802
42808
42809
42828
42832
42839
42848
42851
42856
42865
42867
42868
42908
42912
42927
42943
42944
42948
42978
43008
43017
43040
43064
43067
43094
43096
43115
43118
43123
43173
43190
43194
43213
43215
43220
43230
43241
43256
43280
43287
43334
43342
43354
43358
43359
43365
43378
43382
43388
43391
43392
43403
43405
43410
43448
43476
43503
43509
43517
43532
43546
43550
43559
43572
43573
43592
43611
43612
43617
43629
43631
43641
43660
43696
43710
43731
43736
43798
43807
43810
43863
43874
43886
43893
43904
43906
43916
43918
43933
43953
43957
43959
43966
43975
43977
43986
43991
44011
44013
44020
44068
44072
44078
44100
44106
44107
44118
44124
44136
44137
44147
44151
44173
44185
44187
44189
44192
44204
44207
44210
44211
44214
44226
44232
44235
44240
44246
44247
44264
44274
44284
44287
44290
44298
44302
44320
44331
44370
44382
44383
44397
44400
44410
44413
44442
44451
44454
44477
44480
44493
44499
44501
44504
44508
44519
44551
44563
44581
44590
44600
44602
44605
44617
44618
44620
44623
44627
44654
44681
44683
44693
44699
44728
44736
44742
44749
44751
44757
44762
44777
44781
44784
44785
44790
44805
44815
44833
44838
44852
44859
44867
44875
44879
44880
44891
44895
44903
44907
44913
44950
44971
44995
44998
45006
45010
45015
45023
45030
45040
45056
45057
45058
45066
45078
45086
45099
45108
45133
45135
45153
45156
45179
45200
45229
45236
45241
45242
45264
45276
45279
45280
45288
45293
45327
45359
45365
45383
45384
45398
45400
45420
45426
45437
45443
45446
45467
45468
45474
45486
45527
45539
45544
45545
45554
45555
45601
45602
45606
45614
45624
45628
45631
45640
45652
45659
45660
45696
45700
45702
45704
45713
45716
45729
45743
45744
45758
45760
45766
45769
45771
45784
45799
45800
45803
45830
45835
45837
45842
45857
45865
45871
45883
45884
45886
45889
45900
45904
45912
45921
45923
45924
45926
45952
45956
46014
46041
46052
46068
46070
46074
46077
46082
46084
46085
46096
46103
46138
46150
46159
46180
46189
46193
46197
46201
46237
46268
46285
46303
46331
46333
46344
46352
46368
46373
46382
46386
46407
46426
46440
46442
46445
46446
46448
46453
46459
46483
46498
46521
46523
46534
46540
46546
46555
46560
46561
46562
46586
46596
46601
46610
46612
46621
46655
46678
46690
46691
46695
46709
46712
46713
46726
46728
46756
46758
46769
46774
46786
46789
46808
46812
46814
46818
46837
46867
46875
46880
46912
46918
46927
46951
46952
46960
46970
46972
47001
47010
47018
47024
47031
47033
47038
47046
47053
47055
47062
47063
47073
47113
47123
47134
47167
47168
47174
47180
47188
47197
47206
47209
47211
47222
47223
47224
47238
47269
47275
47285
47286
47297
47313
47321
47329
47336
47341
47342
47351
47359
47374
47377
47383
47406
47408
47412
47427
47451
47456
47463
47467
47469
47479
47486
47511
47548
47561
47577
47582
47584
47587
47612
47614
47666
47679
47692
47712
47715
47717
47728
47731
47745
47749
47760
47800
47833
47840
47845
47850
47854
47863
47876
47881
47896
47902
47906
47909
47915
47923
47960
47966
47976
48001
48007
48037
48043
48045
48054
48062
48065
48104
48119
48124
48128
48130
48132
48134
48170
48175
48180
48188
48197
48200
48204
48249
48252
48263
48295
48297
48306
48311
48318
48343
48388
48390
48397
48405
48422
48424
48434
48442
48447
48449
48450
48466
48475
48478
48483
48524
48525
48529
48551
48563
48579
48581
48592
48594
48607
48612
48623
48642
48645
48670
48697
48739
48745
48756
48767
48773
48774
48775
48781
48783
48789
48805
48808
48811
48813
48814
48829
48831
48838
48850
48858
48887
48898
48899
48904
48906
48916
48921
48934
48945
48961
48965
48971
48984
48995
49001
49014
49015
49019
49040
49061
49100
49104
49114
49134
49147
49173
49208
49210
49213
49219
49220
49223
49228
49258
49269
49278
49282
49289
49300
49303
49309
49341
49345
49362
49371
49382
49385
49388
49393
49394
49395
49403
49406
49413
49440
49443
49447
49451
49458
49460
49511
49518
49519
49523
49533
49568
49574
49580
49595
49599
49601
49607
49608
49612
49615
49623
49640
49646
49661
49664
49687
49692
49708
49715
49722
49744
49751
49762
49763
49775
49780
49782
49812
49822
49827
49828
49857
49873
49874
49884
49893
49905
49918
49919
49923
49932
49933
49946
49965
49969
49971
49977
49981
49996
50008
50016
50022
50044
50048
50050
50057
50068
50076
50087
50088
50091
50092
50113
50118
50140
50143
50145
50158
50159
50169
50171
50186
50198
50213
50214
50238
50247
50294
50301
50349
50356
50361
50372
50381
50392
50401
50414
50417
50425
50465
50481
50491
50520
50522
50539
50551
50562
50583
50585
50595
50597
50608
50611
50615
50621
50624
50626
50667
50682
50687
50690
50706
50709
50719
50742
50767
50782
50808
50809
50811
50825
50839
50864
50878
50886
50896
50899
50907
50921
50928
50932
50941
50970
50978
50985
50990
50992
50993
51001
51008
51025
51043
51047
51051
51061
51065
51066
51075
51086
51088
51090
51097
51120
51133
51152
51157
51175
51189
51210
51214
51233
51241
51252
51255
51259
51273
51287
51294
51313
51330
51339
51343
51352
51391
51395
51396
51407
51410
51413
51424
51427
51431
51445
51460
51471
51488
51491
51492
51496
51504
51521
51523
51526
51549
51555
51562
51566
51568
51601
51604
51608
51626
51631
51640
51667
51674
51686
51687
51688
51695
51697
51704
51714
51717
51733
51740
51753
51768
51777
51781
51789
51799
51805
51816
51835
51850
51869
51876
51891
51894
51896
51900
51904
51907
51911
51917
51929
51933
51937
51939
51991
52007
52035
52037
52062
52086
52112
52128
52146
52153
52177
52191
52205
52219
52227
52231
52240
52252
52269
52273
52280
52296
52323
52324
52337
52360
52385
52399
52400
52414
52426
52441
52446
52452
52477
52520
52525
52529
52545
52562
52563
52564
52578
52594
52595
52596
52604
52605
52619
52631
52632
52639
52653
52677
52687
52691
52695
52704
52724
52740
52745
52759
52765
52780
52782
52793
52796
52803
52807
52808
52809
52825
52838
52849
52865
52868
52873
52899
52932
52935
52947
52957
52961
52986
53045
53047
53049
53068
53070
53077
53095
53100
53115
53116
53132
53133
53134
53137
53145
53153
53155
53156
53165
53168
53200
53201
53215
53226
53233
53278
53280
53304
53312
53324
53330
53343
53346
53347
53360
53365
53371
53382
53412
53430
53443
53486
53487
53494
53496
53497
53507
53527
53528
53532
53539
53567
53594
53596
53615
53618
53621
53627
53632
53645
53656
53663
53667
53669
53670
53678
53697
53717
53748
53757
53771
53775
53801
53820
53822
53837
53840
53841
53843
53853
53860
53902
53910
53913
53916
53920
53932
53934
53935
53940
53988
53990
53995
54021
54023
54027
54028
54058
54081
54083
54086
54092
54105
54119
54132
54140
54143
54157
54161
54162
54169
54201
54205
54206
54212
54229
54252
54258
54260
54265
54272
54281
54293
54303
54307
54320
54327
54328
54331
54389
54403
54411
54414
54426
54449
54452
54455
54468
54471
54472
54475
54477
54513
54530
54533
54535
54562
54563
54572
54604
54628
54636
54644
54666
54685
54686
54688
54693
54714
54717
54736
54740
54755
54757
54769
54770
54772
54777
54782
54794
54800
54802
54804
54830
54839
54840
54844
54848
54849
54850
54851
54861
54867
54912
54921
54937
54943
54949
54971
54990
54995
55003
55006
55019
55035
55039
55050
55052
55053
55072
55101
55112
55115
55119
55143
55157
55163
55164
55168
55170
55176
55181
55216
55222
55230
55250
55276
55281
55284
55297
55311
55313
55319
55335
55344
55347
55352
55355
55362
55363
55403
55417
55426
55464
55472
55496
55503
55529
55532
55534
55535
55553
55567
55582
55585
55586
55596
55602
55610
55631
55648
55650
55653
55657
55661
55668
55672
55678
55687
55696
55704
55706
55712
55720
55733
55755
55761
55775
55793
55795
55798
55802
55822
55845
55847
55858
55883
55888
55897
55899
55901
55936
55947
55957
55960
55962
55983
56032
56036
56037
56045
56047
56048
56056
56079
56093
56128
56130
56131
56152
56159
56160
56162
56170
56196
56199
56204
56212
56231
56242
56243
56245
56255
56271
56280
56283
56285
56298
56315
56319
56341
56350
56355
56363
56368
56384
56424
56428
56441
56457
56469
56470
56493
56495
56496
56498
56500
56512
56515
56531
56538
56541
56563
56575
56578
56579
56602
56654
56657
56666
56669
56675
56693
56696
56697
56723
56733
56738
56741
56772
56774
56779
56802
56812
56816
56855
56859
56867
56875
56878
56881
56898
56905
56924
56930
56949
56953
56978
56983
56994
56997
57022
57023
57030
57069
57072
57118
57123
57128
57137
57145
57156
57169
57177
57180
57182
57185
57199
57203
57225
57239
57258
57269
57277
57278
57281
57300
57303
57317
57326
57346
57358
57362
57364
57365
57368
57376
57378
57396
57404
57418
57419
57440
57445
57446
57464
57472
57473
57497
57499
57504
57513
57517
57531
57532
57535
57542
57548
57578
57581
57592
57594
57607
57623
57627
57639
57646
57649
57651
57660
57665
57668
57672
57680
57685
57704
57715
57726
57731
57734
57740
57757
57788
57791
57804
57809
57829
57847
57848
57859
57877
57887
57889
57898
57915
57923
57932
57939
57940
57945
57952
57953
57960
57967
57976
57984
57986
57988
58015
58019
58043
58049
58060
58070
58077
58083
58086
58097
58099
58112
58115
58117
58118
58120
58147
58148
58156
58157
58170
58173
58183
58186
58202
58207
58211
58220
58240
58247
58251
58276
58281
58291
58297
58312
58323
58345
58354
58364
58382
58384
58416
58425
58434
58453
58454
58491
58505
58511
58519
58550
58561
58565
58587
58589
58592
58620
58622
58624
58626
58650
58652
58662
58663
58670
58686
58711
58736
58739
58760
58771
58785
58788
58793
58795
58805
58807
58893
58907
58931
58953
58954
58956
58957
58984
58989
58997
59002
59013
59018
59019
59023
59029
59033
59064
59069
59077
59084
59115
59121
59128
59133
59139
59151
59195
59215
59223
59232
59236
59237
59240
59243
59246
59259
59262
59265
59302
59308
59311
59318
59321
59327
59346
59350
59372
59382
59391
59404
59415
59419
59421
59427
59429
59437
59445
59456
59476
59480
59486
59493
59504
59513
59514
59515
59518
59540
59554
59561
59562
59566
59572
59577
59578
59580
59581
59585
59594
59621
59626
59635
59642
59654
59681
59685
59694
59697
59708
59714
59716
59717
59723
59749
59753
59757
59787
59788
59799
59801
59817
59819
59822
59827
59828
59840
59851
59857
59868
59869
59883
59887
59903
59909
59914
59934
59952
59953
59962
59979
59987
59995
59997
