32
33
34
35
39
43
56
59
80
83
97
148
153
175
186
192
201
203
209
219
238
245
248
255
269
277
286
289
304
305
308
323
328
336
337
349
363
370
382
389
390
418
420
430
442
457
465
479
481
492
502
547
552
580
593
614
618
624
634
635
641
672
687
704
705
706
707
732
750
751
759
767
774
779
783
787
793
802
805
807
808
838
841
851
853
860
862
888
897
903
941
942
971
991
997
1001
1009
1017
1035
1045
1056
1057
1082
1099
1128
1143
1146
1156
1159
1163
1172
1221
1224
1227
1239
1241
1247
1256
1263
1270
1271
1285
1291
1293
1295
1299
1348
1349
1360
1362
1407
1412
1418
1438
1444
1452
1454
1466
1498
1504
1505
1527
1538
1583
1606
1623
1625
1659
1675
1677
1678
1687
1689
1701
1703
1704
1715
1727
1738
1750
1770
1772
1774
1785
1790
1795
1806
1807
1809
1815
1819
1822
1852
1863
1882
1895
1897
1901
1925
1935
1944
1948
1951
1983
1994
1997
2007
2009
2010
2012
2033
2035
2048
2050
2059
2062
2078
2080
2100
2106
2111
2112
2143
2144
2154
2172
2177
2197
2200
2213
2245
2249
2253
2254
2256
2269
2289
2293
2303
2308
2316
2322
2335
2340
2347
2365
2384
2416
2426
2451
2468
2479
2480
2494
2508
2514
2527
2530
2542
2546
2547
2557
2559
2560
2566
2569
2575
2607
2631
2645
2654
2660
2699
2708
2715
2724
2728
2737
2750
2753
2772
2775
2807
2809
2826
2842
2859
2870
2874
2875
2884
2893
2895
2896
2897
2905
2912
2913
2931
2936
2938
2947
2965
2967
2989
3006
3010
3017
3019
3020
3030
3038
3045
3054
3057
3059
3061
3068
3072
3078
3082
3084
3107
3114
3121
3123
3128
3136
3141
3152
3161
3167
3168
3169
3173
3196
3198
3202
3208
3215
3223
3226
3271
3273
3274
3280
3285
3288
3314
3330
3341
3352
3374
3375
3385
3408
3414
3442
3452
3456
3475
3479
3484
3490
3492
3493
3498
3505
3522
3533
3536
3537
3543
3560
3567
3584
3587
3589
3610
3612
3617
3658
3660
3668
3675
3685
3701
3711
3719
3730
3736
3741
3764
3772
3776
3777
3779
3781
3785
3806
3810
3826
3850
3879
3882
3898
3909
3910
3911
3916
3921
3938
3948
3958
3963
3973
3974
3977
3986
3994
4000
4017
4025
4026
4027
4028
4046
4081
4085
4087
4093
4100
4125
4145
4163
4166
4170
4173
4179
4183
4186
4210
4213
4215
4247
4248
4253
4254
4266
4290
4296
4299
4307
4331
4335
4340
4343
4349
4365
4373
4375
4377
4381
4388
4393
4401
4414
4418
4437
4444
4446
4449
4454
4470
4472
4483
4503
4512
4519
4526
4541
4554
4565
4577
4579
4583
4587
4591
4616
4621
4640
4648
4650
4652
4658
4666
4674
4679
4684
4713
4745
4757
4777
4781
4788
4794
4810
4812
4825
4831
4837
4846
4856
4857
4868
4876
4877
4882
4884
4913
4941
4957
4967
4968
4974
5020
5023
5028
5040
5070
5078
5092
5105
5108
5136
5175
5180
5183
5184
5193
5205
5224
5236
5248
5260
5268
5272
5284
5301
5333
5343
5356
5371
5385
5386
5387
5388
5392
5402
5411
5424
5428
5435
5442
5452
5454
5520
5521
5523
5527
5537
5540
5570
5574
5589
5600
5603
5614
5627
5629
5641
5663
5673
5678
5681
5690
5702
5706
5707
5721
5732
5742
5751
5772
5778
5792
5798
5828
5854
5864
5868
5876
5878
5893
5894
5897
5918
5933
5949
5965
5966
5979
5982
5993
6027
6060
6062
6063
6071
6073
6090
6151
6185
6192
6196
6198
6200
6204
6215
6219
6231
6232
6239
6243
6244
6251
6266
6272
6294
6307
6309
6320
6327
6331
6339
6342
6364
6387
6389
6391
6401
6409
6421
6456
6459
6470
6496
6504
6516
6524
6529
6537
6546
6567
6576
6597
6606
6609
6610
6626
6630
6646
6657
6659
6672
6675
6678
6685
6692
6697
6704
6711
6717
6727
6738
6742
6777
6779
6787
6789
6800
6803
6805
6812
6813
6814
6845
6854
6855
6864
6875
6879
6893
6903
6905
6910
6918
6925
6931
6945
6967
6969
6974
7002
7007
7022
7027
7028
7036
7044
7056
7064
7068
7071
7075
7081
7153
7154
7156
7160
7165
7168
7172
7174
7191
7214
7221
7224
7225
7233
7249
7257
7259
7271
7284
7301
7321
7325
7328
7342
7359
7367
7380
7389
7392
7398
7454
7472
7479
7487
7490
7491
7518
7540
7558
7566
7570
7574
7585
7591
7597
7598
7616
7624
7630
7631
7639
7641
7657
7665
7667
7685
7706
7716
7718
7756
7766
7784
7798
7809
7816
7818
7834
7839
7859
7869
7881
7900
7903
7906
7923
7936
7946
7959
7964
7965
7968
7981
8026
8035
8047
8058
8059
8065
8074
8080
8091
8095
8107
8115
8121
8130
8132
8137
8142
8149
8158
8160
8163
8175
8180
8181
8192
8196
8210
8211
8215
8228
8235
8238
8242
8245
8267
8279
8294
8323
8328
8331
8348
8358
8364
8368
8369
8370
8371
8382
8394
8433
8441
8446
8451
8455
8483
8489
8492
8496
8509
8530
8531
8538
8539
8549
8555
8561
8564
8570
8590
8600
8610
8622
8628
8660
8664
8676
8677
8683
8684
8694
8696
8704
8705
8707
8708
8710
8712
8734
8746
8766
8775
8780
8794
8812
8825
8829
8835
8846
8855
8859
8872
8874
8879
8887
8930
8932
8942
8957
8958
8960
8979
8995
9003
9011
9014
9028
9042
9055
9059
9063
9064
9066
9081
9086
9098
9101
9112
9124
9133
9138
9154
9176
9177
9180
9189
9197
9201
9212
9235
9242
9252
9263
9284
9289
9305
9315
9318
9333
9350
9365
9396
9416
9432
9434
9441
9450
9458
9481
9483
9488
9490
9497
9510
9512
9524
9530
9555
9558
9562
9578
9583
9588
9606
9612
9639
9647
9650
9651
9659
9668
9684
9690
9700
9709
9716
9721
9723
9727
9733
9741
9748
9753
9757
9765
9779
9788
9799
9802
9818
9837
9841
9845
9868
9877
9885
9890
9895
9902
9907
9911
9932
9951
9976
9977
9978
9984
9985
10023
10031
10064
10086
10090
10095
10096
10108
10113
10114
10115
10146
10151
10155
10184
10191
10193
10205
10207
10228
10243
10254
10257
10262
10271
10278
10279
10291
10309
10341
10350
10361
10380
10384
10385
10392
10416
10418
10419
10423
10426
10429
10453
10454
10482
10489
10492
10510
10534
10543
10557
10586
10590
10592
10596
10620
10656
10663
10670
10676
10686
10689
10699
10725
10728
10739
10746
10754
10756
10759
10760
10765
10769
10773
10792
10804
10854
10859
10868
10878
10893
10894
10896
10903
10905
10908
10913
10921
10928
10933
10942
10944
10969
10972
10973
10997
11013
11015
11021
11028
11041
11051
11076
11084
11086
11107
11127
11130
11139
11145
11164
11196
11197
11200
11203
11215
11217
11223
11227
11245
11247
11253
11257
11278
11290
11292
11297
11315
11338
11351
11363
11368
11377
11392
11401
11407
11409
11411
11414
11430
11435
11438
11446
11450
11458
11464
11466
11469
11474
11481
11543
11548
11554
11557
11571
11574
11595
11605
11607
11617
11632
11638
11643
11655
11658
11668
11681
11683
11712
11713
11714
11721
11746
11748
11753
11759
11764
11771
11795
11796
11809
11817
11833
11838
11851
11852
11862
11874
11881
11886
11892
11894
11909
11924
11947
11973
11986
11989
12010
12032
12033
12035
12041
12042
12049
12086
12091
12094
12131
12134
12150
12166
12180
12190
12193
12206
12223
12241
12242
12253
12265
12267
12270
12291
12292
12307
12312
12315
12321
12340
12348
12359
12403
12407
12411
12429
12433
12454
12457
12458
12475
12479
12487
12496
12503
12510
12516
12536
12542
12543
12544
12560
12565
12566
12570
12575
12604
12612
12618
12628
12637
12654
12662
12664
12691
12701
12713
12734
12738
12746
12771
12775
12805
12819
12820
12837
12866
12874
12885
12887
12901
12920
12922
12924
12950
12969
12978
12999
13012
13049
13091
13093
13100
13105
13126
13128
13137
13152
13154
13159
13168
13181
13185
13189
13239
13247
13254
13267
13280
13289
13299
13333
13337
13339
13350
13356
13357
13369
13376
13387
13415
13431
13467
13500
13508
13526
13530
13542
13561
13571
13577
13578
13589
13596
13599
13609
13623
13632
13652
13667
13680
13681
13687
13718
13719
13733
13737
13745
13752
13753
13781
13788
13792
13807
13823
13825
13842
13859
13860
13875
13885
13895
13903
13906
13941
13950
13952
13954
13978
13979
13997
13998
14004
14013
14016
14023
14041
14044
14049
14051
14053
14056
14068
14077
14079
14084
14086
14087
14088
14089
14091
14098
14103
14105
14110
14111
14130
14185
14197
14198
14201
14207
14210
14213
14225
14238
14252
14258
14271
14272
14274
14282
14294
14295
14298
14307
14310
14325
14327
14335
14346
14347
14348
14378
14383
14385
14386
14390
14392
14399
14402
14420
14494
14498
14506
14520
14521
14522
14530
14535
14544
14546
14550
14554
14574
14585
14587
14599
14600
14605
14607
14608
14622
14632
14635
14638
14646
14661
14665
14666
14667
14681
14715
14718
14722
14757
14768
14769
14772
14777
14778
14798
14800
14803
14815
14816
14833
14837
14849
14851
14859
14865
14877
14905
14917
14922
14925
14931
14938
14943
14954
14963
14967
14999
15028
15044
15050
15067
15068
15072
15073
15080
15081
15089
15102
15108
15148
15149
15160
15167
15180
15207
15208
15214
15215
15244
15246
15268
15281
15285
15321
15331
15345
15351
15357
15360
15361
15366
15372
15373
15374
15385
15390
15393
15394
15397
15402
15404
15405
15417
15425
15442
15482
15488
15493
15511
15534
15536
15540
15541
15552
15557
15564
15577
15604
15614
15615
15618
15625
15630
15641
15694
15697
15705
15713
15718
15732
15737
15740
15771
15777
15787
15790
15793
15800
15817
15818
15820
15824
15825
15847
15854
15868
15876
15899
15945
15958
15969
15976
15980
15994
16003
16024
16029
16034
16035
16042
16043
16050
16051
16060
16073
16075
16078
16096
16109
16124
16125
16127
16147
16173
16174
16175
16196
16206
16211
16215
16219
16222
16231
16253
16267
16286
16313
16327
16338
16350
16368
16371
16378
16379
16391
16393
16413
16439
16455
16458
16471
16480
16489
16492
16495
16505
16506
16526
16527
16529
16534
16537
16540
16544
16549
16556
16562
16565
16581
16588
16591
16613
16616
16622
16638
16697
16702
16721
16732
16756
16768
16779
16787
16799
16802
16806
16815
16826
16830
16858
16861
16883
16888
16891
16901
16943
16945
16952
16964
17021
17025
17037
17043
17060
17067
17068
17076
17093
17102
17113
17131
17138
17144
17150
17165
17170
17183
17189
17218
17235
17261
17264
17271
17275
17283
17285
17295
17304
17356
17357
17368
17378
17383
17405
17417
17418
17428
17432
17439
17443
17445
17465
17480
17489
17550
17552
17559
17564
17574
17578
17585
17589
17605
17618
17630
17646
17652
17671
17685
17687
17693
17696
17709
17710
17713
17719
17723
17724
17732
17735
17739
17754
17760
17765
17768
17775
17797
17800
17803
17807
17811
17826
17837
17844
17853
17861
17866
17878
17892
17895
17896
17909
17927
17931
17942
17947
17959
17998
18016
18025
18029
18048
18053
18055
18062
18078
18101
18117
18130
18132
18174
18183
18185
18188
18206
18218
18221
18223
18241
18257
18267
18272
18277
18281
18290
18306
18318
18342
18355
18374
18385
18404
18428
18438
18472
18476
18477
18506
18510
18518
18520
18525
18532
18540
18547
18562
18570
18584
18585
18589
18599
18607
18619
18621
18622
18629
18643
18648
18649
18661
18667
18682
18700
18701
18702
18723
18729
18732
18750
18761
18763
18783
18789
18809
18821
18842
18862
18866
18874
18880
18881
18884
18903
18924
18930
18939
18953
18961
18981
18989
19003
19004
19013
19023
19025
19028
19068
19097
19104
19116
19135
19173
19177
19234
19235
19238
19242
19252
19254
19267
19303
19312
19314
19354
19360
19372
19381
19406
19436
19438
19463
19472
19479
19497
19504
19511
19519
19559
19571
19587
19592
19597
19612
19613
19616
19620
19621
19630
19631
19633
19637
19640
19647
19653
19662
19668
19671
19682
19685
19701
19707
19723
19728
19732
19748
19779
19785
19791
19796
19801
19802
19803
19807
19813
19836
19841
19856
19861
19866
19880
19918
19922
19927
19929
19930
19942
19948
19966
19996
19998
20007
20009
20023
20026
20029
20043
20050
20067
20069
20076
20090
20101
20106
20109
20117
20124
20138
20143
20150
20155
20164
20174
20178
20179
20217
20220
20225
20230
20245
20251
20252
20253
20256
20257
20280
20281
20307
20315
20331
20345
20380
20406
20413
20419
20420
20429
20439
20449
20454
20465
20489
20493
20507
20515
20517
20524
20529
20543
20553
20593
20611
20639
20651
20660
20665
20677
20700
20701
20705
20707
20708
20729
20745
20756
20774
20775
20788
20789
20796
20798
20805
20816
20817
20822
20852
20866
20867
20876
20877
20888
20898
20944
20946
20953
20956
20965
20976
20988
21016
21036
21062
21069
21084
21088
21091
21116
21124
21143
21157
21160
21166
21177
21187
21205
21211
21216
21220
21222
21230
21247
21253
21257
21276
21291
21294
21295
21305
21316
21327
21335
21355
21367
21383
21398
21423
21427
21438
21441
21442
21445
21460
21487
21488
21495
21516
21517
21528
21543
21546
21547
21551
21573
21575
21581
21587
21597
21607
21609
21614
21627
21643
21647
21671
21673
21675
21692
21714
21721
21727
21730
21742
21744
21745
21747
21767
21781
21789
21792
21793
21822
21859
21864
21877
21878
21880
21896
21918
21920
21933
21935
21950
21958
21979
21997
22003
22008
22014
22015
22021
22024
22041
22045
22054
22079
22081
22093
22109
22114
22150
22155
22166
22167
22180
22187
22199
22206
22231
22236
22264
22265
22297
22303
22320
22326
22342
22372
22378
22379
22400
22409
22419
22434
22448
22457
22481
22486
22493
22499
22505
22516
22529
22545
22554
22569
22573
22576
22597
22610
22613
22618
22620
22628
22634
22646
22660
22669
22670
22690
22703
22715
22720
22727
22728
22738
22751
22760
22766
22768
22784
22792
22795
22831
22837
22857
22858
22862
22863
22868
22881
22894
22900
22925
22927
22938
22981
22990
22992
23001
23014
23020
23026
23031
23035
23036
23043
23047
23048
23050
23063
23066
23097
23110
23118
23120
23129
23134
23136
23151
23159
23163
23173
23174
23178
23242
23245
23248
23249
23264
23266
23284
23291
23304
23362
23379
23385
23395
23401
23414
23421
23427
23430
23432
23443
23444
23447
23455
23459
23465
23467
23468
23472
23497
23502
23520
23529
23540
23555
23570
23572
23574
23593
23598
23601
23605
23609
23613
23633
23647
23652
23660
23666
23678
23687
23690
23717
23731
23754
23756
23769
23776
23778
23797
23813
23817
23818
23835
23848
23890
23920
23935
23946
23977
23979
23996
23997
24006
24027
24043
24049
24059
24067
24073
24091
24100
24103
24107
24121
24127
24138
24156
24158
24186
24187
24205
24208
24210
24218
24235
24239
24281
24283
24305
24312
24366
24367
24374
24378
24399
24404
24413
24414
24453
24457
24460
24462
24488
24517
24521
24525
24552
24555
24564
24566
24572
24604
24619
24636
24639
24653
24661
24668
24670
24672
24681
24688
24693
24707
24709
24716
24731
24734
24753
24762
24765
24773
24783
24793
24801
24806
24812
24827
24829
24835
24841
24853
24860
24877
24879
24881
24892
24899
24915
24916
24921
24922
24933
24941
24947
24954
24958
24966
24976
24982
25044
25065
25068
25077
25082
25085
25086
25095
25106
25125
25155
25166
25196
25215
25222
25226
25231
25244
25257
25260
25267
25281
25287
25308
25315
25335
25354
25399
25400
25402
25413
25414
25420
25426
25429
25446
25456
25459
25466
25474
25477
25492
25502
25503
25505
25513
25524
25532
25537
25539
25549
25554
25565
25573
25583
25587
25606
25611
25615
25626
25643
25645
25652
25654
25668
25672
25685
25698
25709
25723
25739
25749
25761
25781
25791
25793
25801
25813
25815
25829
25838
25848
25855
25888
25901
25904
25926
25934
25940
25945
25956
25965
25983
25992
25996
26011
26026
26027
26029
26032
26041
26065
26068
26075
26076
26081
26094
26126
26147
26152
26166
26186
26194
26199
26200
26226
26240
26251
26252
26268
26276
26284
26295
26302
26319
26337
26356
26357
26361
26370
26376
26377
26382
26394
26398
26399
26401
26407
26408
26417
26432
26459
26461
26507
26513
26519
26526
26534
26563
26573
26586
26592
26604
26608
26615
26621
26622
26630
26654
26669
26682
26696
26698
26702
26708
26714
26741
26756
26786
26792
26794
26831
26833
26838
26840
26853
26857
26860
26873
26874
26878
26880
26881
26889
26894
26910
26930
26942
26955
26973
26981
26997
26998
27013
27019
27026
27034
27035
27036
27048
27057
27064
27074
27103
27114
27125
27153
27173
27177
27189
27193
27197
27198
27208
27221
27228
27237
27251
27255
27262
27268
27280
27286
27334
27346
27369
27370
27371
27375
27380
27397
27411
27412
27414
27416
27424
27439
27461
27480
27511
27524
27550
27562
27578
27579
27589
27623
27627
27634
27636
27652
27683
27703
27707
27718
27719
27723
27725
27749
27759
27769
27787
27803
27804
27807
27822
27838
27842
27865
27875
27935
27957
28009
28028
28032
28040
28055
28066
28094
28101
28102
28103
28112
28113
28133
28134
28135
28137
28146
28151
28164
28175
28181
28187
28189
28221
28223
28230
28240
28244
28256
28272
28280
28281
28288
28305
28307
28323
28327
28330
28332
28335
28374
28376
28378
28386
28394
28421
28451
28457
28469
28472
28476
28492
28525
28530
28543
28546
28557
28566
28573
28583
28595
28604
28613
28627
28630
28635
28648
28650
28653
28676
28693
28698
28706
28713
28717
28723
28726
28731
28738
28745
28746
28750
28755
28762
28776
28779
28801
28826
28830
28857
28878
28885
28890
28892
28914
28923
28924
28925
28936
28955
28962
28969
28980
28986
29000
29001
29015
29023
29034
29052
29053
29055
29058
29103
29115
29117
29121
29132
29145
29157
29165
29171
29205
29207
29211
29216
29235
29246
29278
29289
29294
29297
29300
29308
29313
29336
29337
29341
29352
29361
29373
29384
29411
29419
29442
29445
29446
29450
29459
29475
29479
29482
29490
29508
29509
29520
29550
29560
29582
29584
29588
29600
29612
29615
29621
29630
29642
29650
29655
29667
29677
29693
29706
29726
29742
29763
29766
29778
29779
29820
29822
29835
29848
29851
29854
29856
29857
29884
29886
29905
29910
29913
29938
29957
29960
29989
29994
29997
30000
30008
30010
30013
30039
30045
30046
30048
30049
30065
30069
30070
30082
30092
30100
30106
30108
30122
30125
30131
30135
30141
30144
30158
30168
30172
30182
30184
30194
30199
30202
30203
30206
30211
30212
30234
30241
30252
30257
30290
30295
30297
30308
30328
30330
30343
30345
30354
30378
30383
30386
30391
30404
30417
30420
30435
30441
30458
30459
30463
30469
30486
30496
30501
30508
30514
30519
30522
30558
30568
30583
30600
30616
30642
30654
30658
30662
30668
30688
30691
30701
30704
30707
30714
30726
30742
30744
30745
30746
30758
30768
30781
30784
30829
30841
30842
30863
30866
30883
30889
30896
30903
30904
30906
30915
30920
30928
30942
30959
30973
31008
31024
31026
31037
31039
31059
31060
31061
31103
31109
31117
31131
31137
31145
31165
31168
31179
31224
31234
31241
31248
31284
31289
31290
31291
31297
31305
31333
31343
31345
31351
31354
31357
31362
31398
31422
31441
31481
31483
31507
31513
31530
31533
31551
31553
31557
31566
31602
31616
31641
31646
31654
31670
31705
31708
31727
31763
31785
31788
31790
31794
31796
31808
31813
31816
31825
31840
31841
31845
31846
31847
31861
31874
31904
31906
31915
31932
31933
31946
31953
31966
31968
31978
31980
31992
31996
32001
32013
32045
32049
32055
32059
32062
32064
32070
32105
32122
32127
32129
32138
32158
32189
32196
32205
32206
32214
32220
32253
32270
32276
32282
32292
32302
32303
32305
32310
32316
32317
32321
32322
32324
32325
32329
32343
32344
32347
32352
32359
32363
32375
32377
32378
32382
32383
32384
32400
32401
32407
32408
32409
32410
32422
32427
32434
32435
32439
32470
32474
32476
32496
32516
32571
32574
32629
32631
32633
32637
32663
32669
32672
32677
32688
32693
32708
32711
32723
32810
32812
32815
32821
32832
32838
32849
32875
32881
32906
32918
32949
32951
32954
32958
32966
32971
32999
33029
33039
33051
33067
33080
33088
33089
33104
33111
33112
33122
33123
33148
33149
33155
33157
33161
33168
33187
33194
33217
33237
33297
33304
33332
33391
33396
33403
33406
33417
33421
33440
33441
33448
33459
33464
33475
33484
33491
33494
33501
33508
33511
33520
33546
33559
33572
33582
33588
33591
33609
33632
33641
33645
33653
33661
33665
33674
33692
33710
33715
33718
33729
33732
33745
33749
33769
33770
33775
33782
33785
33798
33800
33809
33815
33828
33829
33831
33838
33853
33864
33881
33883
33895
33917
33939
33941
33949
33967
33974
33975
33990
33993
34020
34021
34044
34046
34072
34075
34080
34083
34093
34101
34111
34129
34138
34158
34162
34163
34169
34170
34177
34195
34197
34201
34203
34220
34240
34242
34243
34256
34265
34267
34280
34281
34285
34286
34295
34318
34333
34336
34366
34392
34404
34418
34435
34437
34444
34445
34453
34458
34462
34465
34483
34506
34513
34515
34516
34520
34523
34537
34550
34577
34581
34591
34608
34609
34630
34644
34653
34655
34656
34660
34672
34684
34688
34689
34692
34730
34737
34750
34763
34770
34779
34781
34796
34802
34821
34832
34848
34854
34871
34887
34890
34895
34901
34918
34933
34937
34941
34960
34967
34968
34970
34994
35019
35020
35029
35035
35043
35045
35050
35059
35071
35072
35084
35126
35131
35133
35150
35160
35169
35187
35190
35202
35208
35215
35237
35244
35260
35262
35272
35273
35288
35319
35322
35331
35348
35355
35358
35362
35373
35377
35378
35398
35403
35412
35421
35452
35454
35461
35482
35494
35495
35510
35514
35515
35526
35535
35538
35544
35553
35567
35584
35597
35603
35610
35611
35614
35619
35633
35636
35639
35652
35662
35669
35678
35689
35692
35693
35701
35702
35707
35711
35731
35753
35759
35762
35771
35782
35783
35807
35811
35813
35827
35835
35845
35876
35892
35894
35910
35923
35925
35939
35944
35953
35961
35970
35987
35989
36000
36004
36014
36022
36075
36095
36097
36102
36112
36133
36140
36155
36158
36165
36199
36236
36237
36239
36255
36264
36267
36272
36288
36293
36314
36318
36327
36328
36331
36332
36349
36357
36373
36379
36392
36394
36395
36405
36424
36429
36433
36446
36453
36454
36467
36470
36475
36477
36495
36506
36510
36518
36522
36524
36536
36541
36542
36549
36551
36559
36567
36581
36587
36617
36619
36641
36648
36661
36704
36730
36795
36826
36852
36867
36870
36880
36883
36884
36896
36901
36910
36918
36929
36937
36941
36953
36955
36968
36974
36977
36980
36987
36992
36993
37000
37002
37005
37014
37019
37025
37027
37048
37065
37089
37092
37096
37104
37108
37114
37122
37124
37132
37133
37136
37137
37153
37163
37174
37182
37184
37186
37196
37205
37207
37217
37220
37224
37249
37254
37304
37310
37311
37320
37330
37350
37368
37375
37376
37377
37403
37415
37425
37431
37442
37444
37453
37464
37469
37476
37479
37483
37491
37508
37509
37524
37530
37531
37547
37561
37576
37583
37598
37601
37602
37621
37626
37638
37655
37656
37657
37658
37667
37674
37679
37681
37694
37742
37746
37763
37771
37780
37787
37802
37812
37816
37821
37854
37856
37897
37900
37919
37931
37936
37947
37964
37969
37970
37980
37981
37984
37997
38004
38008
38012
38033
38044
38045
38053
38058
38061
38068
38073
38077
38078
38093
38103
38104
38110
38115
38118
38129
38149
38159
38166
38171
38190
38191
38193
38198
38199
38205
38206
38207
38215
38222
38250
38259
38260
38261
38262
38282
38286
38290
38304
38316
38318
38337
38342
38355
38364
38376
38383
38389
38405
38407
38408
38420
38446
38452
38480
38484
38494
38504
38508
38510
38513
38515
38524
38527
38528
38537
38544
38547
38558
38564
38573
38576
38588
38591
38605
38628
38636
38653
38662
38688
38703
38706
38709
38717
38726
38741
38743
38745
38749
38777
38795
38801
38815
38820
38829
38841
38843
38875
38881
38907
38913
38932
38948
38968
38982
38994
38996
38997
39010
39017
39028
39033
39049
39061
39066
39080
39106
39107
39112
39115
39119
39121
39155
39172
39176
39187
39194
39219
39231
39237
39246
39252
39266
39268
39275
39283
39285
39286
39294
39305
39311
39312
39315
39326
39335
39341
39352
39355
39375
39383
39386
39402
39410
39411
39419
39426
39431
39434
39449
39461
39475
39478
39484
39490
39533
39563
39575
39576
39582
39589
39592
39596
39597
39623
39632
39638
39655
39657
39670
39695
39709
39751
39756
39760
39761
39762
39789
39795
39796
39825
39835
39841
39866
39867
39868
39875
39908
39909
39916
39921
39982
39986
40003
40008
40020
40036
40050
40059
40062
40063
40082
40096
40137
40143
40146
40160
40179
40184
40204
40206
40217
40222
40240
40241
40251
40259
40277
40280
40282
40329
40333
40356
40358
40359
40401
40429
40438
40459
40461
40469
40497
40516
40534
40543
40547
40561
40568
40576
40577
40578
40595
40597
40622
40629
40640
40650
40654
40665
40675
40682
40684
40688
40697
40699
40701
40709
40731
40743
40752
40754
40770
40798
40809
40824
40827
40830
40832
40843
40861
40872
40873
40880
40903
40915
40920
40926
40935
40945
40946
40947
40953
40962
40970
40979
40988
41016
41024
41039
41044
41054
41072
41099
41103
41106
41117
41130
41137
41140
41162
41163
41167
41186
41188
41191
41192
41209
41210
41215
41227
41239
41256
41302
41309
41312
41315
41318
41319
41333
41362
41382
41385
41391
41399
41400
41402
41424
41429
41435
41453
41460
41466
41472
41486
41489
41496
41511
41522
41532
41533
41542
41552
41563
41579
41587
41613
41618
41645
41652
41659
41669
41686
41688
41698
41713
41717
41736
41747
41791
41793
41807
41827
41830
41836
41843
41846
41857
41860
41872
41873
41874
41880
41882
41886
41888
41900
41905
41906
41907
41910
41929
41935
41939
41942
41967
41988
42003
42007
42016
42040
42046
42053
42060
42063
42066
42075
42095
42107
42117
42123
42127
42128
42145
42160
42162
42168
42173
42191
42194
42195
42196
42197
42199
42219
42224
42231
42236
42243
42257
42281
42283
42284
42296
42299
42302
42309
42322
42329
42348
42353
42355
42359
42366
42367
42373
42374
42376
42386
42407
42412
42414
42418
42424
42428
42443
42444
42456
42461
42476
42488
42495
42496
42507
42508
42518
42526
42538
42543
42563
42569
42603
42631
42639
42658
42666
42680
42684
42691
42708
42737
42747
42756
42790
42810
42817
42835
42840
42880
42883
42886
42902
42905
42918
42919
42934
42938
42941
42949
42971
42988
42994
43003
43032
43053
43057
43071
43082
43090
43098
43113
43120
43127
43144
43151
43177
43185
43195
43210
43229
43234
43250
43254
43257
43259
43271
43283
43286
43288
43291
43296
43305
43311
43313
43318
43323
43325
43326
43339
43347
43348
43363
43372
43395
43408
43414
43428
43429
43435
43439
43463
43469
43481
43491
43498
43508
43516
43519
43520
43530
43534
43539
43540
43553
43571
43575
43583
43601
43616
43646
43648
43650
43682
43686
43704
43719
43761
43780
43799
43800
43822
43825
43828
43848
43850
43854
43871
43892
43901
43911
43922
43954
43956
43958
43960
43961
43972
43978
43996
44023
44053
44054
44057
44058
44069
44070
44096
44123
44126
44131
44133
44134
44148
44160
44164
44169
44172
44179
44199
44212
44218
44228
44267
44277
44291
44296
44297
44312
44313
44321
44330
44354
44388
44390
44395
44403
44414
44415
44424
44425
44426
44427
44444
44447
44456
44463
44466
44483
44486
44489
44490
44495
44496
44497
44500
44512
44530
44543
44544
44573
44585
44592
44611
44613
44619
44667
44670
44676
44687
44690
44694
44695
44706
44737
44738
44743
44744
44747
44748
44769
44772
44778
44780
44788
44792
44798
44813
44819
44821
44826
44828
44839
44843
44854
44863
44865
44866
44872
44877
44885
44894
44896
44916
44928
44936
44941
44975
44977
44981
45001
45004
45007
45008
45016
45021
45025
45026
45042
45062
45068
45069
45072
45085
45087
45100
45107
45117
45120
45122
45130
45140
45164
45166
45177
45196
45212
45220
45221
45223
45230
45231
45248
45282
45283
45284
45297
45299
45312
45328
45329
45342
45346
45350
45363
45368
45370
45390
45414
45423
45433
45440
45448
45460
45473
45485
45499
45502
45504
45546
45559
45571
45613
45627
45639
45658
45676
45688
45690
45693
45719
45720
45735
45750
45788
45796
45801
45810
45819
45820
45823
45828
45853
45878
45879
45888
45890
45893
45901
45911
45915
45934
45966
45978
45985
45996
46010
46017
46019
46026
46035
46049
46059
46060
46087
46115
46118
46122
46128
46152
46176
46185
46186
46191
46200
46224
46226
46227
46233
46245
46246
46251
46257
46262
46270
46271
46284
46288
46305
46314
46353
46357
46366
46377
46381
46387
46413
46416
46417
46433
46518
46535
46550
46564
46597
46614
46635
46648
46659
46677
46699
46711
46741
46767
46787
46792
46810
46819
46846
46851
46852
46855
46859
46874
46892
46899
46938
46955
46957
46966
46986
46994
47002
47009
47013
47017
47023
47028
47040
47054
47058
47077
47098
47099
47115
47125
47135
47142
47144
47153
47183
47217
47233
47259
47263
47277
47283
47312
47314
47335
47339
47347
47370
47372
47390
47411
47432
47443
47446
47477
47483
47497
47503
47509
47516
47517
47518
47533
47540
47542
47546
47555
47560
47568
47579
47583
47598
47604
47608
47613
47631
47655
47702
47705
47735
47736
47740
47757
47765
47766
47767
47772
47794
47795
47815
47824
47832
47835
47866
47867
47869
47882
47897
47908
47941
47955
47985
47989
48003
48012
48028
48050
48057
48064
48099
48103
48105
48109
48116
48133
48138
48173
48184
48232
48243
48265
48270
48274
48276
48279
48281
48286
48293
48298
48302
48308
48310
48323
48324
48329
48336
48346
48348
48360
48377
48387
48402
48411
48426
48427
48428
48439
48440
48454
48459
48464
48481
48496
48514
48534
48535
48543
48548
48560
48565
48566
48589
48590
48596
48601
48605
48622
48624
48625
48629
48657
48661
48669
48674
48676
48701
48733
48735
48747
48751
48753
48760
48809
48812
48818
48844
48847
48856
48905
48911
48923
48926
48933
48938
48947
48951
48956
48958
48969
48973
48991
49006
49009
49034
49037
49047
49048
49053
49068
49069
49074
49087
49094
49096
49097
49108
49115
49121
49137
49141
49156
49172
49188
49191
49199
49222
49227
49238
49244
49267
49277
49280
49285
49301
49302
49308
49324
49359
49368
49391
49399
49404
49428
49444
49450
49473
49505
49506
49510
49520
49532
49549
49558
49560
49572
49576
49584
49585
49586
49587
49606
49611
49629
49642
49643
49647
49654
49662
49671
49686
49700
49703
49709
49734
49736
49758
49769
49774
49791
49792
49800
49804
49813
49815
49848
49852
49859
49879
49880
49885
49890
49895
49914
49921
49951
49976
50003
50015
50023
50025
50031
50035
50061
50062
50063
50078
50098
50108
50112
50114
50119
50120
50123
50132
50134
50137
50155
50172
50207
50209
50210
50211
50229
50246
50248
50283
50288
50290
50291
50300
50310
50320
50321
50326
50328
50335
50347
50384
50386
50403
50412
50434
50435
50443
50445
50462
50476
50478
50486
50511
50512
50513
50548
50553
50565
50570
50576
50581
50584
50589
50593
50610
50614
50620
50622
50644
50645
50676
50680
50681
50713
50715
50730
50736
50775
50786
50790
50792
50793
50816
50821
50834
50835
50840
50850
50853
50858
50859
50871
50881
50898
50905
50908
50913
50922
50935
50937
50947
50962
50964
50971
50972
50975
50982
50983
50984
51003
51009
51031
51032
51054
51060
51071
51087
51091
51100
51138
51144
51170
51195
51212
51215
51216
51222
51226
51228
51239
51240
51243
51250
51257
51262
51275
51278
51288
51289
51292
51300
51306
51328
51344
51346
51347
51350
51357
51363
51367
51374
51378
51388
51400
51401
51433
51459
51463
51469
51481
51490
51494
51499
51525
51536
51546
51557
51569
51571
51575
51583
51595
51633
51639
51643
51646
51649
51664
51666
51672
51683
51692
51693
51716
51721
51726
51731
51743
51755
51773
51786
51795
51804
51808
51823
51826
51834
51859
51866
51880
51897
51922
51930
51931
51932
51945
51948
51966
51967
51973
51976
52020
52021
52054
52067
52080
52081
52095
52096
52138
52158
52164
52178
52182
52184
52204
52208
52209
52246
52260
52264
52287
52297
52299
52312
52328
52335
52339
52341
52355
52386
52391
52420
52427
52469
52471
52473
52475
52484
52502
52506
52516
52538
52543
52554
52565
52566
52574
52580
52581
52593
52602
52606
52614
52616
52654
52657
52663
52666
52672
52682
52688
52693
52703
52714
52715
52755
52771
52778
52785
52790
52791
52800
52801
52805
52819
52822
52828
52835
52843
52846
52883
52890
52893
52894
52897
52901
52919
52925
52930
52939
52988
52991
52994
52996
53015
53016
53017
53040
53054
53059
53067
53069
53074
53076
53086
53091
53105
53107
53142
53151
53154
53161
53192
53242
53282
53290
53293
53306
53318
53322
53329
53331
53341
53342
53358
53359
53367
53374
53380
53399
53403
53410
53413
53421
53440
53442
53446
53456
53462
53469
53506
53536
53543
53576
53579
53588
53597
53604
53605
53606
53607
53608
53610
53613
53614
53625
53633
53639
53640
53643
53651
53655
53664
53666
53680
53683
53687
53692
53694
53696
53698
53708
53711
53715
53734
53740
53741
53745
53755
53760
53765
53778
53780
53782
53789
53790
53804
53821
53829
53852
53857
53863
53867
53872
53873
53880
53884
53897
53898
53908
53909
53914
53919
53929
53936
53941
53948
53952
53955
53961
53962
53975
53980
53982
53993
53994
53996
54001
54006
54010
54012
54039
54042
54060
54062
54063
54091
54102
54135
54139
54148
54155
54160
54163
54164
54207
54222
54283
54291
54295
54309
54323
54350
54375
54378
54405
54409
54413
54421
54442
54461
54464
54470
54473
54478
54498
54508
54554
54566
54567
54568
54583
54588
54591
54610
54630
54632
54672
54675
54694
54698
54701
54703
54704
54706
54723
54764
54778
54781
54786
54791
54797
54814
54822
54828
54832
54856
54859
54862
54877
54914
54915
54932
54933
54952
54959
54980
54996
55000
55015
55038
55045
55058
55075
55078
55082
55083
55092
55121
55123
55124
55133
55141
55154
55156
55162
55189
55190
55193
55195
55196
55205
55207
55219
55224
55229
55243
55262
55270
55283
55294
55296
55301
55317
55325
55328
55337
55359
55360
55373
55380
55383
55395
55397
55400
55407
55422
55448
55468
55470
55483
55497
55507
55511
55543
55556
55557
55571
55572
55584
55593
55604
55605
55608
55618
55658
55688
55697
55701
55724
55742
55745
55757
55758
55759
55770
55772
55785
55799
55803
55806
55855
55862
55873
55875
55878
55880
55913
55919
55993
56005
56006
56008
56009
56028
56041
56063
56065
56071
56074
56088
56108
56112
56126
56129
56139
56153
56155
56158
56165
56183
56185
56187
56193
56222
56225
56226
56233
56236
56247
56251
56273
56279
56284
56289
56291
56292
56299
56304
56312
56330
56336
56346
56369
56371
56385
56386
56397
56403
56406
56427
56430
56431
56432
56444
56447
56449
56471
56482
56488
56492
56510
56536
56545
56556
56559
56565
56570
56581
56583
56584
56592
56594
56596
56603
56608
56625
56628
56652
56655
56658
56663
56664
56694
56719
56722
56739
56742
56746
56760
56776
56786
56809
56841
56848
56870
56879
56880
56892
56896
56899
56925
56929
56935
56944
56972
57002
57010
57013
57031
57047
57050
57051
57052
57061
57062
57065
57076
57080
57096
57098
57143
57146
57151
57160
57184
57187
57209
57212
57224
57238
57245
57246
57248
57276
57289
57308
57316
57327
57328
57333
57342
57349
57350
57382
57394
57410
57427
57436
57443
57447
57452
57462
57471
57487
57493
57502
57530
57537
57541
57550
57555
57567
57568
57570
57572
57575
57624
57635
57636
57652
57658
57678
57699
57700
57702
57710
57735
57755
57760
57763
57766
57776
57778
57780
57786
57790
57793
57800
57817
57824
57827
57869
57882
57897
57900
57924
57925
57938
57946
57950
57954
57956
57962
57980
57993
57996
57998
58004
58013
58018
58024
58039
58068
58076
58082
58087
58088
58101
58122
58124
58135
58139
58140
58149
58171
58172
58180
58200
58203
58208
58231
58232
58233
58238
58243
58245
58263
58271
58275
58277
58287
58296
58300
58318
58320
58322
58331
58335
58339
58346
58347
58351
58362
58373
58376
58386
58392
58399
58409
58444
58458
58462
58488
58506
58507
58508
58537
58553
58556
58563
58573
58579
58583
58590
58593
58607
58629
58631
58654
58657
58668
58671
58693
58703
58726
58748
58761
58775
58792
58818
58820
58833
58838
58860
58861
58867
58871
58873
58887
58889
58897
58910
58924
58925
58932
58965
58980
58996
59007
59017
59030
59043
59053
59061
59063
59072
59086
59087
59090
59106
59111
59142
59146
59155
59167
59186
59187
59190
59202
59214
59216
59242
59250
59256
59270
59271
59294
59315
59387
59389
59400
59423
59440
59446
59465
59470
59482
59492
59521
59524
59530
59557
59558
59597
59612
59625
59627
59649
59667
59670
59675
59684
59703
59725
59733
59748
59769
59773
59774
59777
59795
59797
59811
59813
59818
59836
59843
59847
59856
59863
59873
59885
59886
59889
59896
59899
59907
59908
59912
59916
59919
59922
59932
59947
59955
59958
59966
59972
59998
59999
