8
13
20
73
82
85
90
101
102
106
109
123
131
138
145
155
163
164
176
180
184
187
200
210
211
237
239
283
284
292
293
294
298
334
339
357
359
383
386
387
401
402
405
408
413
416
417
426
432
461
488
530
541
546
550
551
556
561
562
589
595
603
610
615
659
664
677
682
691
708
718
736
752
753
761
780
792
794
796
806
825
830
843
844
864
867
880
901
913
922
926
947
948
962
979
994
1016
1019
1027
1028
1029
1046
1051
1062
1069
1076
1091
1097
1098
1111
1119
1123
1137
1149
1151
1175
1190
1206
1213
1223
1240
1252
1265
1279
1290
1304
1306
1312
1317
1334
1341
1347
1353
1357
1367
1371
1373
1377
1389
1431
1439
1480
1483
1486
1490
1492
1495
1496
1507
1513
1522
1539
1542
1554
1566
1569
1580
1592
1601
1602
1611
1619
1628
1639
1643
1670
1683
1692
1693
1719
1728
1731
1740
1742
1751
1767
1776
1808
1814
1818
1833
1838
1846
1867
1868
1876
1881
1883
1898
1909
1929
1932
1947
1961
1967
1985
1987
1988
2004
2008
2036
2042
2046
2055
2066
2083
2086
2088
2101
2109
2113
2120
2140
2145
2149
2158
2160
2214
2221
2233
2236
2242
2262
2263
2267
2272
2305
2307
2311
2353
2364
2369
2372
2373
2379
2380
2396
2429
2442
2446
2453
2481
2488
2491
2503
2504
2537
2551
2574
2578
2593
2596
2606
2614
2621
2622
2636
2639
2649
2651
2678
2711
2717
2735
2755
2765
2770
2777
2785
2793
2796
2797
2806
2813
2833
2840
2850
2851
2864
2867
2894
2899
2902
2906
2910
2920
2929
2933
2954
2970
2973
2976
2979
2984
2999
3041
3050
3067
3086
3092
3096
3116
3118
3119
3125
3139
3185
3186
3207
3229
3236
3246
3247
3250
3258
3282
3287
3305
3332
3335
3361
3362
3370
3376
3421
3430
3441
3444
3445
3448
3449
3463
3473
3497
3501
3504
3555
3578
3582
3593
3597
3607
3615
3619
3627
3636
3651
3652
3654
3666
3696
3699
3704
3715
3716
3735
3743
3780
3784
3789
3799
3831
3832
3847
3884
3889
3893
3894
3896
3924
3930
3931
3934
3940
3947
3967
3990
4032
4048
4050
4054
4060
4062
4065
4070
4075
4105
4114
4121
4123
4144
4160
4162
4168
4177
4202
4209
4211
4212
4220
4223
4224
4238
4242
4259
4265
4275
4276
4286
4288
4301
4304
4313
4314
4324
4328
4329
4332
4339
4353
4378
4379
4398
4399
4405
4409
4412
4415
4423
4439
4448
4455
4465
4476
4482
4485
4488
4492
4497
4501
4504
4505
4525
4530
4536
4543
4546
4552
4559
4566
4580
4605
4606
4615
4619
4634
4641
4647
4670
4675
4682
4701
4704
4707
4716
4717
4719
4720
4723
4732
4737
4742
4746
4764
4766
4774
4797
4801
4802
4806
4829
4830
4850
4859
4866
4869
4871
4890
4892
4896
4902
4915
4921
4933
4946
4975
5000
5002
5035
5037
5041
5045
5073
5111
5139
5146
5148
5163
5176
5189
5191
5195
5199
5211
5219
5231
5256
5257
5266
5271
5276
5278
5279
5283
5285
5290
5309
5311
5317
5318
5322
5327
5342
5361
5374
5379
5391
5395
5413
5419
5420
5433
5434
5468
5495
5505
5532
5533
5597
5602
5615
5616
5617
5647
5682
5684
5686
5701
5709
5720
5734
5740
5743
5749
5750
5753
5759
5761
5764
5774
5777
5782
5783
5788
5793
5799
5805
5809
5832
5842
5843
5850
5851
5857
5871
5885
5886
5907
5909
5919
5923
5931
5941
5943
5950
5962
5968
5973
5996
5998
6000
6001
6036
6043
6046
6047
6054
6069
6075
6083
6087
6088
6092
6102
6111
6119
6129
6137
6172
6173
6181
6197
6216
6225
6235
6246
6256
6257
6258
6322
6337
6345
6350
6366
6375
6377
6382
6384
6393
6396
6400
6408
6416
6418
6420
6427
6433
6441
6454
6458
6462
6475
6476
6485
6490
6503
6509
6511
6519
6525
6541
6558
6571
6572
6588
6593
6623
6633
6642
6655
6656
6660
6662
6665
6670
6677
6681
6690
6708
6740
6746
6750
6755
6770
6781
6784
6798
6811
6830
6833
6853
6856
6870
6873
6874
6884
6885
6902
6904
6907
6914
6928
6941
6952
6954
6959
6992
6994
6996
7019
7020
7025
7026
7058
7059
7065
7069
7076
7086
7101
7104
7105
7107
7110
7128
7134
7137
7162
7166
7185
7195
7196
7199
7212
7228
7246
7251
7255
7256
7273
7288
7289
7293
7316
7320
7322
7337
7343
7354
7360
7362
7368
7370
7391
7393
7400
7406
7431
7445
7451
7465
7481
7506
7508
7514
7521
7528
7535
7538
7542
7586
7620
7637
7647
7668
7676
7691
7694
7695
7709
7710
7711
7729
7732
7742
7754
7767
7768
7774
7776
7779
7786
7788
7802
7810
7811
7828
7830
7843
7857
7868
7877
7895
7899
7902
7913
7914
7917
7951
7954
7961
7967
7979
7985
8012
8016
8030
8032
8043
8050
8056
8066
8072
8084
8101
8125
8128
8161
8168
8179
8203
8204
8225
8237
8246
8252
8256
8263
8273
8277
8311
8313
8325
8342
8362
8389
8406
8414
8416
8426
8431
8438
8459
8484
8488
8508
8516
8517
8518
8527
8578
8581
8611
8613
8639
8642
8647
8657
8670
8679
8695
8732
8739
8741
8756
8762
8769
8770
8771
8782
8786
8792
8805
8815
8824
8826
8832
8834
8841
8842
8863
8868
8870
8880
8882
8894
8915
8922
8925
8950
9012
9016
9025
9026
9027
9034
9038
9041
9044
9045
9053
9069
9071
9079
9099
9115
9127
9128
9130
9136
9142
9145
9148
9153
9165
9187
9190
9194
9198
9200
9202
9206
9228
9229
9231
9232
9253
9265
9267
9282
9296
9314
9330
9344
9382
9385
9429
9439
9460
9464
9478
9496
9504
9532
9543
9552
9561
9595
9597
9598
9601
9605
9613
9622
9626
9633
9646
9648
9655
9670
9678
9694
9715
9722
9738
9759
9766
9768
9769
9773
9795
9813
9829
9842
9855
9856
9861
9883
9884
9908
9922
9924
9947
9952
9963
9965
9973
9979
9989
9997
10005
10006
10013
10014
10016
10021
10028
10051
10058
10063
10067
10074
10076
10078
10097
10099
10120
10123
10126
10135
10139
10152
10168
10169
10170
10175
10227
10235
10236
10248
10250
10252
10258
10260
10267
10298
10304
10312
10331
10336
10342
10352
10354
10356
10360
10362
10366
10370
10373
10379
10381
10386
10390
10391
10396
10413
10415
10431
10432
10451
10455
10462
10474
10481
10490
10544
10553
10559
10561
10567
10569
10572
10588
10591
10609
10613
10617
10629
10637
10654
10666
10677
10680
10693
10696
10702
10705
10715
10733
10737
10740
10745
10796
10810
10825
10838
10841
10842
10845
10851
10862
10866
10891
10892
10900
10912
10932
10955
10956
10979
10984
10994
11005
11007
11010
11040
11042
11047
11054
11066
11067
11074
11081
11089
11095
11101
11108
11112
11113
11125
11133
11134
11150
11155
11169
11177
11184
11219
11220
11222
11233
11234
11242
11258
11263
11280
11282
11306
11314
11319
11321
11341
11353
11360
11361
11394
11408
11415
11426
11428
11436
11441
11457
11468
11482
11486
11504
11517
11525
11527
11552
11559
11578
11580
11585
11586
11602
11625
11636
11649
11667
11673
11682
11703
11740
11741
11742
11745
11751
11754
11755
11757
11768
11783
11849
11865
11883
11891
11907
11915
11919
11926
11937
11942
11945
11946
11955
11956
11961
11988
11995
12005
12015
12023
12036
12075
12087
12101
12132
12136
12141
12143
12147
12154
12201
12227
12229
12244
12250
12262
12273
12275
12279
12285
12300
12326
12333
12335
12344
12350
12358
12379
12388
12392
12404
12406
12408
12422
12467
12468
12486
12488
12497
12507
12523
12539
12552
12556
12582
12583
12588
12598
12608
12615
12620
12622
12625
12649
12650
12655
12678
12681
12684
12702
12714
12721
12723
12729
12733
12754
12761
12766
12790
12821
12840
12841
12851
12863
12878
12882
12907
12932
12945
12951
12962
12965
12985
12992
12993
13003
13008
13009
13017
13027
13040
13076
13088
13107
13110
13117
13125
13138
13151
13155
13170
13174
13178
13187
13222
13233
13238
13241
13242
13253
13259
13270
13271
13276
13294
13338
13340
13347
13354
13366
13372
13380
13383
13400
13413
13419
13438
13441
13444
13445
13460
13465
13473
13474
13492
13493
13497
13507
13510
13512
13519
13525
13533
13544
13549
13566
13573
13575
13579
13614
13616
13620
13621
13650
13664
13674
13684
13701
13705
13710
13739
13780
13796
13812
13817
13833
13835
13856
13857
13874
13882
13894
13923
13925
13931
13933
13936
13976
14011
14021
14033
14040
14052
14059
14060
14074
14129
14140
14148
14161
14163
14168
14169
14200
14204
14223
14226
14235
14242
14244
14263
14268
14276
14284
14286
14297
14301
14321
14340
14373
14376
14377
14379
14384
14396
14403
14412
14414
14417
14418
14430
14440
14441
14456
14457
14462
14465
14477
14481
14511
14527
14528
14542
14561
14572
14575
14581
14593
14602
14604
14614
14630
14644
14677
14689
14698
14702
14709
14712
14720
14723
14741
14746
14748
14750
14755
14758
14762
14782
14783
14785
14793
14801
14807
14817
14821
14828
14853
14886
14892
14910
14916
14928
14930
14941
14944
14958
14970
14973
14977
14985
15001
15004
15013
15025
15034
15040
15051
15071
15084
15092
15099
15101
15105
15110
15116
15121
15137
15140
15144
15146
15152
15155
15161
15186
15197
15202
15206
15211
15222
15224
15253
15259
15267
15270
15272
15282
15311
15322
15325
15332
15348
15358
15364
15377
15381
15388
15413
15422
15424
15433
15453
15459
15462
15464
15467
15473
15483
15494
15502
15505
15514
15532
15542
15543
15553
15565
15568
15589
15594
15607
15626
15648
15651
15656
15659
15660
15669
15670
15673
15679
15691
15709
15715
15722
15741
15744
15747
15748
15752
15770
15772
15779
15786
15792
15803
15809
15819
15838
15840
15860
15861
15862
15880
15902
15913
15915
15917
15930
15937
15943
15951
15954
15965
15971
15992
16006
16014
16016
16044
16045
16053
16061
16087
16089
16090
16102
16104
16131
16136
16138
16148
16161
16166
16183
16184
16193
16197
16225
16226
16242
16262
16266
16270
16273
16276
16280
16285
16291
16300
16310
16325
16340
16349
16354
16356
16362
16363
16369
16388
16390
16395
16397
16399
16449
16460
16464
16477
16483
16498
16503
16507
16516
16525
16528
16548
16555
16560
16570
16580
16583
16589
16593
16599
16632
16637
16641
16654
16656
16660
16668
16687
16730
16759
16770
16780
16791
16811
16823
16828
16833
16836
16839
16848
16865
16869
16874
16884
16886
16892
16894
16899
16905
16913
16924
16926
16930
16954
16956
16960
16968
16976
16979
16993
17005
17018
17031
17048
17057
17064
17080
17082
17098
17111
17114
17115
17123
17124
17125
17133
17143
17156
17159
17167
17173
17178
17181
17186
17188
17190
17198
17200
17210
17234
17253
17259
17308
17338
17354
17363
17384
17387
17389
17390
17403
17407
17408
17409
17410
17438
17446
17450
17464
17471
17483
17484
17488
17544
17556
17565
17569
17571
17584
17614
17616
17629
17645
17648
17663
17664
17666
17690
17697
17712
17718
17727
17737
17743
17744
17756
17758
17761
17773
17777
17785
17799
17801
17812
17816
17817
17831
17852
17854
17857
17860
17891
17899
17922
17925
17943
17951
17964
17976
17977
17988
17992
17993
17995
18006
18017
18023
18050
18054
18098
18099
18108
18114
18118
18136
18147
18151
18154
18155
18169
18191
18205
18210
18228
18239
18249
18264
18278
18287
18289
18293
18297
18302
18304
18307
18308
18315
18317
18331
18335
18351
18359
18360
18367
18386
18397
18406
18413
18420
18427
18443
18449
18459
18463
18471
18475
18500
18511
18514
18517
18524
18543
18555
18560
18583
18586
18593
18601
18624
18628
18639
18654
18679
18689
18693
18696
18704
18706
18713
18715
18726
18736
18746
18752
18766
18780
18787
18790
18794
18795
18796
18804
18814
18815
18817
18835
18836
18852
18855
18859
18885
18886
18895
18907
18909
18914
18921
18931
18935
18948
18951
18957
18999
19040
19077
19079
19103
19105
19109
19129
19134
19150
19154
19168
19174
19178
19189
19190
19195
19197
19199
19203
19215
19240
19263
19277
19282
19286
19297
19304
19307
19311
19317
19319
19323
19327
19340
19346
19349
19362
19384
19400
19416
19420
19426
19431
19435
19465
19499
19502
19513
19516
19520
19523
19544
19547
19549
19552
19554
19580
19582
19584
19590
19596
19603
19610
19658
19659
19661
19665
19669
19693
19717
19729
19730
19734
19747
19750
19757
19771
19776
19780
19782
19787
19797
19798
19812
19827
19849
19876
19878
19886
19903
19916
19928
19986
19987
19988
19989
19999
20003
20013
20033
20039
20041
20042
20051
20073
20102
20108
20115
20120
20123
20134
20137
20159
20163
20165
20167
20186
20194
20195
20206
20208
20239
20241
20243
20250
20255
20263
20292
20294
20295
20301
20353
20367
20370
20386
20389
20393
20411
20415
20423
20436
20444
20451
20460
20520
20548
20550
20554
20555
20567
20578
20581
20585
20612
20613
20614
20625
20634
20641
20653
20654
20658
20662
20680
20682
20704
20712
20718
20733
20735
20738
20744
20747
20748
20750
20754
20760
20770
20781
20813
20818
20819
20823
20838
20839
20853
20855
20863
20873
20882
20900
20921
20926
20928
20934
20960
20963
20984
20989
20992
20994
21005
21010
21031
21038
21074
21077
21120
21126
21133
21135
21140
21144
21156
21169
21180
21181
21185
21188
21199
21208
21219
21236
21245
21251
21258
21281
21313
21322
21338
21349
21353
21378
21394
21399
21405
21417
21430
21452
21457
21466
21467
21472
21477
21493
21507
21524
21532
21533
21550
21557
21566
21567
21568
21572
21602
21616
21618
21638
21645
21646
21651
21660
21668
21676
21680
21705
21710
21711
21728
21734
21740
21754
21760
21762
21772
21778
21798
21812
21819
21828
21831
21843
21851
21860
21870
21872
21885
21897
21898
21914
21922
21926
21932
21937
21940
21943
21948
21952
21953
21954
21960
21993
22000
22011
22017
22018
22023
22031
22053
22058
22065
22069
22072
22086
22088
22123
22124
22126
22129
22134
22135
22144
22154
22170
22195
22202
22220
22232
22242
22252
22262
22266
22275
22290
22294
22305
22307
22309
22321
22322
22323
22331
22332
22348
22355
22377
22382
22399
22406
22410
22425
22428
22443
22454
22455
22477
22490
22494
22496
22502
22512
22541
22543
22544
22552
22555
22560
22562
22586
22588
22593
22595
22616
22625
22644
22652
22671
22680
22687
22691
22708
22711
22712
22725
22736
22771
22790
22821
22847
22865
22866
22873
22877
22893
22895
22901
22906
22917
22918
22924
22934
22941
22980
22991
23004
23015
23016
23040
23058
23059
23064
23068
23083
23087
23090
23092
23093
23105
23133
23143
23144
23157
23177
23179
23185
23189
23193
23203
23211
23222
23238
23240
23267
23270
23275
23285
23286
23308
23340
23353
23360
23383
23389
23399
23400
23408
23416
23437
23440
23441
23448
23463
23480
23487
23495
23505
23507
23558
23571
23575
23583
23586
23600
23603
23610
23623
23626
23635
23639
23651
23675
23689
23710
23716
23723
23725
23763
23796
23804
23819
23831
23839
23842
23852
23854
23860
23875
23883
23884
23902
23914
23931
23947
23951
23957
23984
24000
24012
24022
24029
24037
24039
24045
24051
24069
24081
24083
24098
24105
24124
24126
24131
24136
24144
24159
24162
24170
24180
24188
24189
24198
24211
24219
24220
24221
24247
24264
24266
24286
24300
24319
24326
24330
24335
24341
24347
24353
24361
24371
24380
24383
24392
24403
24406
24417
24447
24452
24456
24463
24487
24497
24505
24506
24511
24513
24520
24526
24530
24545
24546
24574
24584
24585
24618
24638
24641
24659
24684
24686
24695
24701
24712
24720
24726
24728
24732
24735
24755
24758
24761
24764
24778
24791
24794
24799
24807
24813
24820
24828
24836
24846
24849
24852
24854
24866
24889
24891
24895
24896
24937
24938
24942
24952
24956
24964
24971
24983
24985
24993
25014
25015
25030
25040
25046
25050
25054
25070
25073
25084
25098
25099
25138
25148
25154
25161
25167
25171
25172
25177
25189
25197
25200
25232
25255
25256
25262
25277
25285
25295
25297
25302
25304
25305
25328
25349
25350
25368
25375
25376
25397
25407
25411
25425
25437
25441
25454
25458
25469
25484
25497
25504
25506
25509
25516
25556
25571
25581
25585
25604
25612
25617
25679
25687
25695
25714
25727
25741
25750
25756
25763
25765
25774
25780
25798
25802
25803
25817
25826
25852
25869
25880
25881
25886
25906
25907
25910
25916
25918
25929
25930
25943
25952
25970
25978
25984
25993
26002
26009
26015
26016
26018
26028
26040
26042
26044
26054
26072
26077
26085
26086
26092
26114
26116
26118
26119
26140
26157
26187
26206
26212
26215
26216
26222
26228
26230
26231
26235
26243
26260
26262
26271
26279
26300
26314
26323
26325
26347
26362
26368
26373
26386
26416
26429
26439
26444
26455
26466
26478
26479
26491
26498
26523
26525
26529
26532
26560
26561
26584
26591
26597
26598
26610
26627
26641
26642
26647
26706
26709
26721
26742
26744
26745
26754
26764
26766
26770
26771
26773
26776
26777
26780
26805
26824
26827
26834
26851
26856
26866
26876
26909
26912
26927
26936
26957
26967
26974
26986
27006
27024
27043
27051
27079
27084
27088
27092
27107
27127
27152
27186
27190
27201
27232
27234
27236
27273
27293
27296
27299
27302
27304
27311
27314
27322
27332
27333
27340
27344
27357
27361
27365
27374
27385
27396
27405
27409
27415
27429
27434
27445
27447
27462
27467
27484
27502
27526
27540
27549
27551
27560
27575
27592
27628
27639
27650
27665
27666
27674
27677
27688
27689
27691
27721
27724
27729
27774
27786
27792
27797
27799
27812
27823
27835
27843
27845
27848
27851
27859
27870
27877
27878
27917
27927
27937
27942
27943
27946
27963
27967
27990
28010
28013
28023
28030
28039
28044
28045
28077
28080
28086
28096
28120
28126
28130
28152
28157
28159
28160
28174
28183
28184
28197
28201
28217
28238
28249
28253
28262
28318
28392
28406
28412
28413
28417
28441
28459
28462
28468
28478
28479
28495
28501
28502
28504
28508
28517
28523
28533
28544
28545
28567
28581
28588
28590
28592
28600
28616
28628
28629
28644
28655
28659
28663
28666
28672
28688
28695
28704
28751
28756
28758
28771
28774
28778
28783
28795
28796
28829
28838
28839
28872
28877
28898
28905
28906
28931
28935
28943
28977
28995
29012
29021
29027
29035
29036
29038
29040
29043
29049
29050
29051
29061
29064
29072
29081
29092
29100
29124
29139
29177
29178
29194
29196
29197
29212
29219
29220
29228
29239
29245
29255
29261
29262
29275
29277
29292
29298
29319
29321
29322
29323
29330
29333
29351
29363
29365
29389
29404
29410
29428
29435
29436
29444
29451
29455
29461
29464
29472
29483
29484
29492
29498
29499
29500
29529
29549
29556
29557
29591
29592
29602
29604
29605
29609
29614
29617
29619
29627
29637
29658
29664
29670
29672
29711
29720
29744
29748
29760
29769
29771
29776
29777
29786
29796
29803
29823
29831
29874
29885
29889
29898
29902
29912
29937
29943
29948
29965
29973
29988
29991
29992
30001
30022
30043
30047
30056
30064
30067
30075
30085
30093
30128
30150
30155
30160
30170
30174
30175
30176
30178
30205
30208
30210
30213
30238
30262
30263
30269
30270
30312
30314
30318
30338
30344
30349
30363
30364
30366
30370
30372
30375
30376
30388
30390
30396
30397
30398
30405
30410
30414
30440
30450
30453
30466
30477
30494
30518
30549
30563
30595
30615
30671
30673
30703
30708
30709
30710
30716
30721
30724
30727
30747
30757
30776
30778
30795
30824
30827
30828
30835
30854
30872
30879
30881
30890
30905
30916
30922
30934
30944
30947
30961
30964
30967
30968
30974
30975
30980
30985
30991
30992
30993
31012
31023
31029
31062
31075
31079
31081
31094
31101
31106
31121
31147
31149
31151
31159
31171
31180
31185
31197
31210
31243
31262
31271
31273
31286
31300
31321
31326
31340
31360
31367
31368
31390
31410
31420
31428
31432
31451
31452
31454
31459
31472
31480
31482
31498
31505
31519
31541
31546
31560
31567
31577
31588
31590
31596
31600
31630
31645
31656
31664
31677
31684
31688
31699
31716
31726
31737
31769
31770
31783
31784
31789
31824
31831
31851
31853
31865
31872
31888
31919
31921
31931
31949
31950
31957
31961
31967
31972
31981
31991
32005
32018
32020
32027
32058
32078
32086
32088
32091
32100
32102
32108
32132
32142
32150
32154
32160
32163
32165
32169
32174
32176
32182
32190
32191
32210
32211
32212
32213
32222
32226
32242
32251
32252
32269
32277
32289
32291
32296
32307
32314
32326
32336
32339
32340
32350
32358
32372
32396
32397
32405
32413
32441
32449
32452
32459
32467
32472
32473
32491
32507
32527
32535
32537
32557
32568
32583
32593
32594
32595
32596
32607
32621
32626
32635
32639
32642
32686
32696
32701
32704
32714
32716
32718
32729
32734
32766
32768
32779
32790
32798
32806
32808
32817
32839
32842
32873
32877
32878
32882
32890
32894
32936
32942
32944
32946
32952
32955
32957
32964
32965
32981
33003
33010
33020
33032
33034
33035
33041
33045
33069
33072
33077
33078
33103
33110
33118
33129
33138
33141
33167
33173
33189
33207
33233
33251
33252
33269
33274
33288
33291
33293
33299
33311
33315
33330
33339
33341
33350
33364
33375
33388
33409
33411
33432
33461
33477
33482
33532
33536
33540
33558
33564
33567
33579
33584
33597
33598
33606
33617
33622
33626
33627
33631
33634
33635
33650
33659
33660
33676
33683
33689
33700
33703
33708
33709
33716
33721
33722
33723
33725
33733
33746
33750
33767
33779
33781
33795
33799
33804
33835
33852
33859
33869
33874
33875
33889
33892
33899
33912
33916
33927
33937
33945
33992
33994
33995
34005
34008
34009
34013
34014
34022
34024
34026
34033
34073
34088
34110
34125
34145
34146
34167
34184
34191
34200
34205
34210
34212
34232
34250
34259
34273
34274
34302
34309
34337
34341
34347
34361
34379
34386
34393
34413
34415
34419
34422
34473
34474
34482
34484
34487
34498
34502
34503
34507
34527
34528
34529
34530
34534
34551
34553
34554
34557
34574
34595
34601
34612
34619
34634
34636
34663
34668
34690
34694
34715
34717
34738
34749
34754
34757
34766
34782
34783
34817
34834
34843
34858
34897
34904
34910
34915
34930
34950
34953
34955
34979
34992
35004
35005
35006
35023
35025
35028
35044
35055
35058
35082
35093
35097
35103
35121
35157
35165
35173
35182
35199
35218
35227
35231
35234
35236
35246
35258
35265
35278
35304
35310
35314
35316
35329
35336
35356
35360
35379
35381
35408
35411
35429
35435
35439
35464
35473
35477
35488
35496
35498
35501
35502
35503
35524
35536
35541
35549
35558
35564
35580
35588
35591
35602
35605
35608
35626
35644
35657
35679
35694
35710
35717
35757
35773
35789
35792
35799
35819
35831
35836
35850
35859
35860
35875
35902
35911
35937
35943
35959
35962
35963
35977
35978
35979
36003
36031
36037
36041
36062
36070
36077
36079
36083
36084
36091
36096
36104
36129
36145
36151
36161
36167
36169
36174
36188
36189
36193
36194
36202
36217
36220
36222
36230
36235
36242
36256
36268
36269
36270
36281
36282
36283
36304
36312
36324
36326
36348
36356
36365
36380
36412
36427
36428
36450
36460
36462
36471
36474
36479
36482
36485
36500
36561
36565
36568
36589
36608
36609
36623
36656
36660
36689
36698
36710
36711
36720
36728
36732
36733
36734
36735
36736
36744
36750
36763
36793
36801
36814
36817
36831
36851
36868
36869
36872
36900
36902
36905
36907
36919
36928
36966
36972
36983
36986
36999
37001
37004
37017
37033
37055
37058
37067
37076
37093
37103
37106
37113
37117
37123
37128
37130
37158
37159
37197
37241
37248
37264
37288
37301
37337
37351
37357
37360
37370
37378
37381
37383
37389
37397
37409
37420
37437
37452
37472
37478
37486
37506
37526
37588
37600
37609
37610
37614
37634
37640
37662
37682
37685
37686
37692
37711
37719
37737
37738
37749
37764
37769
37785
37794
37798
37808
37810
37813
37824
37859
37868
37880
37881
37887
37896
37898
37906
37923
37925
37930
37934
37942
37962
37989
38002
38005
38006
38010
38017
38027
38030
38046
38063
38090
38101
38102
38105
38113
38120
38121
38142
38146
38156
38176
38185
38195
38208
38213
38235
38258
38265
38274
38291
38296
38302
38313
38319
38329
38330
38336
38344
38347
38349
38350
38351
38352
38362
38415
38418
38423
38426
38428
38440
38444
38451
38454
38459
38462
38468
38473
38474
38509
38518
38525
38551
38555
38572
38575
38598
38602
38622
38632
38634
38641
38661
38673
38675
38678
38682
38702
38705
38712
38731
38740
38753
38764
38789
38790
38803
38806
38828
38840
38848
38851
38854
38856
38862
38869
38885
38894
38898
38901
38902
38910
38917
38919
38922
38928
38937
38939
38940
38950
38957
38962
38963
38973
38976
38980
38989
38995
38999
39004
39008
39019
39034
39043
39047
39062
39084
39088
39098
39114
39116
39139
39144
39159
39168
39181
39199
39218
39228
39254
39269
39274
39292
39297
39307
39314
39318
39338
39354
39360
39372
39377
39379
39382
39393
39406
39414
39418
39420
39438
39465
39470
39472
39488
39495
39499
39506
39515
39534
39541
39547
39557
39569
39612
39617
39630
39631
39635
39659
39668
39680
39696
39699
39721
39723
39726
39763
39794
39803
39809
39811
39831
39836
39850
39861
39865
39872
39895
39938
39939
39946
39948
39950
39973
39984
40004
40021
40023
40029
40042
40044
40052
40060
40075
40108
40112
40117
40128
40134
40135
40147
40165
40169
40171
40177
40183
40187
40193
40196
40202
40237
40239
40264
40270
40272
40273
40278
40286
40290
40294
40301
40305
40325
40347
40349
40366
40367
40374
40375
40381
40387
40398
40412
40414
40416
40437
40444
40453
40503
40515
40517
40548
40549
40551
40594
40608
40610
40611
40612
40614
40630
40647
40686
40690
40713
40717
40725
40732
40734
40745
40760
40761
40763
40779
40781
40787
40789
40808
40819
40820
40831
40867
40869
40886
40887
40898
40950
40956
40994
41003
41015
41022
41031
41047
41051
41052
41055
41065
41068
41126
41146
41179
41181
41199
41208
41212
41220
41229
41234
41236
41261
41274
41291
41295
41301
41305
41307
41322
41327
41329
41336
41341
41343
41344
41357
41369
41370
41372
41377
41394
41404
41406
41411
41420
41432
41455
41457
41465
41469
41480
41485
41497
41500
41514
41523
41525
41526
41545
41550
41553
41554
41564
41565
41568
41577
41581
41583
41593
41603
41619
41628
41631
41653
41658
41685
41691
41694
41702
41721
41723
41746
41752
41769
41771
41773
41776
41778
41779
41808
41809
41824
41831
41841
41850
41861
41875
41890
41895
41896
41904
41917
41920
41932
41953
41957
41971
41975
41978
41979
41999
42008
42014
42023
42030
42043
42049
42058
42085
42093
42100
42105
42120
42133
42137
42154
42169
42170
42174
42182
42200
42205
42213
42220
42227
42234
42247
42250
42272
42287
42288
42293
42295
42320
42334
42335
42346
42349
42352
42357
42369
42396
42410
42425
42427
42441
42446
42453
42471
42480
42485
42490
42492
42522
42524
42529
42539
42544
42549
42552
42554
42556
42557
42561
42565
42571
42573
42596
42607
42611
42614
42630
42695
42705
42711
42729
42733
42734
42736
42739
42744
42752
42763
42770
42816
42827
42837
42845
42847
42852
42873
42882
42887
42895
42901
42928
42932
42942
42945
42950
42961
42979
42991
43012
43014
43020
43030
43051
43056
43092
43093
43095
43137
43139
43142
43156
43157
43170
43174
43182
43199
43200
43204
43207
43221
43247
43249
43267
43309
43312
43338
43349
43351
43369
43374
43387
43398
43404
43440
43445
43455
43459
43464
43474
43478
43485
43488
43493
43581
43585
43586
43595
43610
43614
43622
43627
43628
43645
43649
43672
43676
43678
43687
43701
43716
43718
43720
43742
43757
43762
43769
43772
43785
43797
43806
43809
43826
43837
43846
43852
43859
43866
43899
43903
43907
43919
43931
43932
43942
43952
43963
43974
43999
44009
44017
44021
44028
44050
44052
44064
44065
44071
44080
44085
44095
44115
44145
44157
44170
44171
44176
44201
44205
44257
44261
44293
44310
44317
44323
44325
44335
44346
44353
44362
44373
44381
44407
44419
44434
44440
44469
44472
44482
44485
44494
44554
44555
44557
44559
44562
44564
44580
44582
44587
44599
44629
44636
44639
44640
44647
44652
44659
44663
44674
44675
44682
44686
44702
44705
44710
44715
44720
44732
44739
44756
44766
44789
44796
44800
44802
44808
44818
44827
44836
44849
44853
44868
44883
44899
44908
44910
44912
44917
44921
44923
44949
44965
44992
44997
45050
45054
45075
45077
45084
45094
45095
45119
45143
45155
45165
45172
45189
45202
45208
45216
45219
45232
45243
45245
45251
45258
45261
45269
45272
45287
45300
45310
45322
45333
45341
45347
45362
45367
45381
45391
45395
45405
45407
45415
45438
45472
45478
45487
45498
45510
45524
45563
45572
45578
45582
45622
45626
45635
45636
45670
45674
45692
45699
45712
45726
45737
45739
45742
45751
45756
45764
45772
45791
45793
45797
45814
45818
45822
45827
45838
45845
45846
45847
45863
45872
45874
45875
45891
45902
45928
45930
45935
45939
45955
45963
45969
45981
45988
45992
45997
46015
46027
46040
46042
46065
46108
46110
46137
46142
46143
46155
46162
46174
46178
46195
46202
46208
46223
46234
46236
46256
46260
46279
46300
46307
46310
46325
46337
46351
46363
46371
46394
46404
46428
46436
46438
46447
46454
46462
46513
46515
46533
46545
46547
46558
46565
46572
46580
46582
46585
46594
46604
46615
46626
46631
46668
46687
46694
46701
46705
46708
46720
46721
46736
46795
46798
46801
46805
46823
46824
46829
46835
46848
46850
46853
46863
46869
46876
46896
46898
46904
46906
46930
46935
46939
46987
46989
47004
47006
47012
47025
47035
47041
47045
47047
47065
47071
47092
47093
47094
47096
47101
47107
47111
47112
47119
47131
47132
47138
47139
47145
47154
47158
47169
47182
47191
47200
47201
47205
47229
47232
47248
47253
47274
47317
47319
47320
47327
47338
47343
47353
47366
47379
47401
47416
47449
47453
47460
47461
47468
47482
47493
47501
47502
47507
47514
47520
47524
47525
47530
47565
47570
47572
47593
47594
47597
47627
47641
47646
47682
47684
47693
47697
47714
47739
47792
47798
47799
47820
47831
47841
47848
47849
47851
47872
47875
47879
47888
47914
47917
47928
47930
47943
47949
47963
47973
47980
47988
47992
48006
48024
48033
48038
48039
48041
48042
48047
48048
48051
48063
48068
48076
48092
48102
48107
48113
48131
48140
48146
48148
48150
48151
48152
48155
48156
48159
48160
48166
48178
48181
48201
48216
48221
48222
48223
48230
48231
48238
48244
48245
48246
48247
48262
48269
48284
48301
48304
48316
48319
48332
48365
48372
48379
48393
48399
48403
48406
48420
48423
48433
48458
48477
48482
48488
48492
48499
48502
48515
48521
48528
48532
48539
48542
48550
48557
48558
48569
48574
48613
48620
48639
48643
48683
48684
48696
48706
48721
48744
48748
48764
48776
48779
48795
48797
48807
48810
48826
48827
48839
48842
48849
48854
48870
48881
48891
48895
48907
48908
48919
48920
48925
48935
48948
48955
48977
48978
48981
48982
48987
48990
48992
49003
49004
49007
49042
49054
49072
49077
49078
49082
49090
49119
49120
49139
49160
49163
49165
49168
49185
49197
49200
49206
49230
49263
49290
49292
49293
49299
49306
49323
49331
49332
49336
49346
49355
49356
49357
49360
49377
49383
49384
49390
49392
49412
49415
49417
49455
49470
49492
49497
49499
49508
49515
49517
49524
49527
49536
49544
49548
49557
49566
49573
49613
49619
49633
49644
49648
49650
49652
49672
49680
49685
49688
49705
49726
49738
49742
49764
49765
49773
49786
49807
49808
49810
49826
49844
49862
49864
49869
49894
49900
49901
49913
49915
49922
49959
49967
49972
49986
49990
49993
49995
50004
50014
50020
50029
50038
50039
50040
50051
50067
50072
50077
50083
50090
50093
50109
50133
50146
50147
50157
50166
50173
50189
50202
50204
50225
50227
50234
50240
50245
50257
50279
50282
50298
50299
50312
50319
50323
50324
50325
50340
50357
50358
50364
50375
50382
50397
50410
50419
50460
50473
50480
50493
50496
50497
50507
50509
50510
50519
50529
50535
50537
50543
50545
50550
50560
50569
50571
50586
50596
50598
50604
50606
50625
50652
50655
50663
50664
50665
50684
50695
50698
50705
50729
50744
50756
50759
50762
50783
50802
50804
50812
50854
50867
50868
50873
50904
50924
50926
50933
50939
50967
50994
50995
51000
51023
51036
51048
51058
51059
51062
51074
51077
51081
51082
51089
51105
51106
51115
51128
51129
51165
51173
51179
51184
51207
51211
51213
51217
51218
51231
51256
51263
51270
51297
51322
51326
51337
51360
51361
51371
51379
51386
51397
51402
51406
51408
51412
51419
51456
51467
51476
51486
51506
51516
51535
51544
51550
51554
51559
51561
51577
51579
51584
51585
51588
51591
51592
51594
51614
51616
51617
51619
51622
51624
51636
51638
51645
51648
51650
51657
51679
51707
51708
51718
51722
51725
51730
51732
51739
51748
51756
51760
51761
51806
51818
51827
51854
51855
51864
51867
51879
51906
51915
51926
51940
51944
51946
51952
51955
51963
51975
51992
52002
52005
52014
52017
52027
52031
52038
52041
52057
52070
52073
52082
52083
52108
52109
52114
52120
52130
52143
52162
52181
52190
52200
52212
52216
52221
52233
52265
52277
52305
52307
52371
52376
52392
52398
52403
52413
52437
52438
52440
52449
52455
52456
52465
52466
52467
52474
52478
52486
52495
52497
52503
52510
52514
52540
52550
52552
52585
52608
52640
52648
52656
52665
52673
52684
52690
52696
52706
52718
52719
52721
52728
52738
52739
52741
52744
52754
52761
52786
52799
52806
52831
52834
52847
52870
52882
52889
52913
52920
52927
52943
52950
52954
52959
52967
52971
52974
52975
53000
53004
53005
53020
53023
53031
53035
53078
53089
53109
53120
53123
53128
53129
53130
53131
53167
53169
53171
53172
53202
53207
53208
53212
53214
53229
53239
53266
53273
53276
53277
53313
53315
53320
53326
53354
53361
53366
53373
53378
53383
53385
53387
53393
53396
53417
53424
53436
53438
53439
53441
53445
53477
53482
53498
53503
53504
53531
53534
53537
53544
53551
53555
53566
53570
53572
53582
53590
53593
53602
53612
53626
53649
53657
53668
53671
53681
53682
53705
53725
53730
53733
53774
53779
53784
53809
53825
53826
53828
53830
53844
53851
53875
53890
53921
53963
53965
53981
53985
53997
54007
54024
54031
54033
54041
54044
54066
54069
54077
54080
54084
54096
54097
54100
54117
54118
54120
54121
54130
54136
54144
54165
54166
54175
54177
54193
54196
54213
54237
54246
54249
54279
54284
54286
54292
54294
54305
54313
54318
54326
54337
54353
54367
54370
54374
54377
54384
54401
54406
54407
54415
54441
54456
54483
54486
54519
54526
54539
54547
54549
54550
54564
54565
54589
54593
54598
54602
54619
54629
54633
54639
54645
54651
54655
54660
54668
54683
54709
54724
54730
54754
54763
54790
54793
54801
54808
54809
54816
54819
54826
54835
54843
54858
54866
54869
54875
54876
54878
54902
54903
54905
54931
54934
54938
54941
54942
54962
54966
54968
54986
55002
55004
55012
55013
55017
55023
55034
55051
55071
55085
55091
55108
55129
55137
55147
55165
55173
55183
55187
55206
55221
55227
55231
55242
55268
55277
55307
55315
55322
55330
55333
55371
55376
55378
55384
55396
55401
55410
55414
55431
55453
55455
55475
55477
55480
55488
55494
55515
55549
55559
55562
55583
55588
55599
55607
55620
55624
55630
55636
55637
55664
55669
55675
55682
55686
55698
55703
55716
55722
55731
55767
55768
55780
55788
55811
55813
55814
55828
55829
55842
55846
55857
55861
55889
55890
55895
55900
55905
55909
55911
55924
55925
55926
55930
55933
55939
55944
55953
55969
55971
55980
55984
55996
56000
56019
56022
56027
56029
56031
56051
56054
56060
56085
56135
56169
56180
56181
56184
56186
56191
56200
56259
56269
56290
56294
56305
56326
56328
56344
56357
56359
56367
56372
56374
56389
56393
56415
56433
56436
56453
56463
56487
56499
56513
56530
56532
56539
56554
56572
56582
56590
56591
56634
56637
56643
56649
56668
56695
56701
56706
56732
56743
56749
56751
56757
56782
56783
56794
56815
56830
56833
56844
56853
56857
56863
56893
56894
56903
56926
56933
56936
56937
56938
56952
56989
56991
57004
57007
57036
57055
57063
57084
57085
57087
57094
57097
57106
57110
57114
57116
57138
57163
57168
57191
57194
57198
57207
57234
57261
57265
57272
57283
57288
57296
57311
57321
57338
57363
57370
57397
57412
57420
57466
57467
57546
57552
57561
57571
57598
57604
57608
57609
57637
57638
57643
57644
57654
57656
57662
57670
57690
57708
57712
57713
57718
57729
57746
57748
57767
57768
57770
57796
57807
57853
57855
57857
57862
57872
57875
57880
57894
57916
57959
57965
57966
57982
57995
58005
58008
58016
58023
58035
58036
58044
58075
58081
58094
58146
58155
58163
58168
58192
58219
58223
58226
58235
58236
58249
58255
58256
58290
58301
58314
58332
58360
58403
58408
58414
58417
58418
58422
58426
58429
58431
58432
58443
58447
58465
58467
58475
58497
58499
58523
58525
58538
58544
58547
58555
58566
58567
58568
58575
58581
58603
58612
58614
58617
58635
58639
58648
58659
58661
58664
58665
58682
58692
58701
58707
58747
58756
58764
58767
58778
58784
58787
58791
58799
58800
58806
58811
58816
58819
58822
58831
58837
58850
58858
58900
58911
58976
58981
58982
58983
58985
58988
58999
59014
59025
59027
59032
59042
59046
59050
59054
59076
59083
59088
59092
59095
59098
59102
59112
59113
59119
59129
59147
59153
59164
59181
59194
59196
59209
59217
59231
59244
59268
59278
59284
59306
59313
59316
59334
59344
59345
59347
59348
59361
59363
59365
59369
59371
59378
59390
59406
59414
59432
59433
59464
59477
59491
59506
59512
59522
59527
59531
59535
59555
59571
59614
59623
59644
59646
59660
59665
59711
59712
59720
59729
59730
59732
59752
59758
59764
59767
59779
59782
59810
59830
59839
59874
59878
59881
59890
59892
59901
59925
59931
59936
59948
59959
59975
59984
59994
